6.429119233946463119e-01
6.840073055954785097e-01
6.229905586418759134e-01
4.817289301932301537e-01
2.944937262408148793e-01
1.023459598995063863e-01
-5.351647775837896359e-02
-1.384085443830440632e-01
-1.297642443192710271e-01
-2.082065404099972886e-02
1.782012463911621936e-01
4.416121368416367488e-01
7.322410225180016052e-01
1.007282849773387889e+00
1.225104955384575645e+00
1.351956291783098729e+00
1.367531534861117670e+00
1.268511759259304927e+00
1.069508955977039877e+00
8.012369856905808829e-01
5.061564685141998199e-01
2.322307594416396503e-01
2.572487488574714057e-02
-7.586636961879289487e-02
-4.968483297238779350e-02
1.087322902286306514e-01
3.843923199111102806e-01
7.446732000456627310e-01
1.143790163137497595e+00
1.529258806274408578e+00
1.849407375614472437e+00
2.060829428716175915e+00
2.134672585037510562e+00
2.060829428716175915e+00
1.849407375614478655e+00
1.529258806274408578e+00
1.143790163137497595e+00
7.446732000456627310e-01
3.843923199111102806e-01
1.087322902286306514e-01
-4.968483297238779350e-02
-7.586636961879317242e-02
2.572487488574667913e-02
2.322307594416396503e-01
5.061564685141972664e-01
8.012369856905796617e-01
1.069508955977038989e+00
1.268511759259305371e+00
1.367531534861117670e+00
1.351956291783099173e+00
1.225104955384575645e+00
1.007282849773388334e+00
7.322410225180016052e-01
4.416121368416373594e-01
1.782012463911635258e-01
-2.082065404099990580e-02
-1.297642443192708051e-01
-1.384085443830443130e-01
-5.351647775837920645e-02
1.023459598995056369e-01
2.944937262408133805e-01
4.817289301932299872e-01
6.229905586418753582e-01
6.840073055954785097e-01
6.429119233946465339e-01
4.939351420201099074e-01
2.485931103985944690e-01
-6.583089774778144720e-02
-4.102914583294428041e-01
-7.398679943142721926e-01
-1.010635533005155517e+00
-1.186464612953773035e+00
-1.244700944840894108e+00
-1.179841810898845766e+00
-1.004628669641453698e+00
-7.483680835771930884e-01
-4.527160932377569114e-01
-1.655499416414340230e-01
6.615388334194105546e-02
2.033602927315187325e-01
2.208671417119635327e-01
1.111497097338480927e-01
-1.144328438384287494e-01
-4.272621787922301628e-01
-7.856813977944466787e-01
-1.141182527736390062e+00
-1.445632402500581337e+00
-1.658449218949130222e+00
-1.752647331013609033e+00
-1.718837186399582162e+00
-1.566575260012700532e+00
-1.322858880661203607e+00
-1.027992431048875055e+00
-7.294491236895510600e-01
-4.746560937898182675e-01
-3.037938228239919214e-01
-2.436990786806411124e-01
-3.037938228239919214e-01
-4.746560937898182675e-01
-7.294491236895510600e-01
-1.027992431048871058e+00
-1.322858880661203607e+00
-1.566575260012699200e+00
-1.718837186399581940e+00
-1.752647331013609255e+00
-1.658449218949131998e+00
-1.445632402500582225e+00
-1.141182527736393171e+00
-7.856813977944498983e-01
-4.272621787922328829e-01
-1.144328438384307756e-01
1.111497097338468715e-01
2.208671417119631997e-01
2.033602927315192321e-01
6.615388334194438613e-02
-1.655499416414340230e-01
-4.527160932377552460e-01
-7.483680835771908679e-01
-1.004628669641452143e+00
-1.179841810898843546e+00
-1.244700944840893886e+00
-1.186464612953772813e+00
-1.010635533005157294e+00
-7.398679943142744131e-01
-4.102914583294454132e-01
-6.583089774778699832e-02
2.485931103985949409e-01
4.939351420201084086e-01
