1.818304930832775433e+22
1.783366680463579231e+22
1.679894677584891137e+22
1.511865375487697931e+22
1.285735697547751378e+22
1.010196127375997639e+22
6.958353032363288560e+21
3.547336526217059762e+21
3.829941456076800000e+14
-3.547335963267106341e+21
-6.958352469413335138e+21
-1.010196127375997639e+22
-1.285735810137742062e+22
-1.511865375487697931e+22
-1.679894677584891137e+22
-1.783366680463579231e+22
-1.818304930832775433e+22
-1.783366680463579231e+22
-1.679894790174881821e+22
-1.511865375487697931e+22
-1.285735922727732747e+22
-1.010196239965988323e+22
-6.958349091713614610e+21
-3.547334555892222788e+21
-6.225767696433152000e+15
3.547335681792129630e+21
6.958355284163102245e+21
1.010196239965988323e+22
1.285735022007807273e+22
1.511865375487697931e+22
1.679894564994900453e+22
1.783366680463579231e+22
1.818304930832775433e+22
1.783366680463579231e+22
1.679894564994900453e+22
1.511865375487697931e+22
1.285735022007807273e+22
1.010196239965988323e+22
6.958355284163102245e+21
3.547335681792129630e+21
-6.225767696433152000e+15
-3.547334555892222788e+21
-6.958349091713614610e+21
-1.010196239965988323e+22
-1.285735922727732747e+22
-1.511865375487697931e+22
-1.679894790174881821e+22
-1.783366680463579231e+22
-1.818304930832775433e+22
-1.783366680463579231e+22
-1.679894677584891137e+22
-1.511865375487697931e+22
-1.285735810137742062e+22
-1.010196127375997639e+22
-6.958352469413335138e+21
-3.547335963267106341e+21
3.829941456076800000e+14
3.547336526217059762e+21
6.958353032363288560e+21
1.010196127375997639e+22
1.285735697547751378e+22
1.511865375487697931e+22
1.679894677584891137e+22
1.783366680463579231e+22
1.818304930832775433e+22
1.783366680463579231e+22
1.679894677584891137e+22
1.511865375487697931e+22
1.285735697547751378e+22
1.010196127375997639e+22
6.958353032363288560e+21
3.547336526217059762e+21
3.829940784988160000e+14
-3.547335963267106341e+21
-6.958352469413335138e+21
-1.010196127375997639e+22
-1.285735810137742062e+22
-1.511865375487697931e+22
-1.679894677584891137e+22
-1.783366680463579231e+22
-1.818304930832775433e+22
-1.783366680463579231e+22
-1.679894790174881821e+22
-1.511865375487697931e+22
-1.285735922727732747e+22
-1.010196239965988323e+22
-6.958349091713614610e+21
-3.547334555892222788e+21
-6.225767696433152000e+15
3.547335681792129630e+21
6.958355284163102245e+21
1.010196239965988323e+22
1.285735022007807273e+22
1.511865375487697931e+22
1.679894564994900453e+22
1.783366680463579231e+22
1.818304930832775433e+22
1.783366680463579231e+22
1.679894564994900453e+22
1.511865375487697931e+22
1.285735022007807273e+22
1.010196239965988323e+22
6.958355284163102245e+21
3.547335681792129630e+21
-6.225767696433152000e+15
-3.547334555892222788e+21
-6.958349091713614610e+21
-1.010196239965988323e+22
-1.285735922727732747e+22
-1.511865375487697931e+22
-1.679894790174881821e+22
-1.783366680463579231e+22
-1.818304930832775433e+22
-1.783366680463579231e+22
-1.679894677584891137e+22
-1.511865375487697931e+22
-1.285735810137742062e+22
-1.010196127375997639e+22
-6.958352469413335138e+21
-3.547335963267106341e+21
3.829940784988160000e+14
3.547336526217059762e+21
6.958353032363288560e+21
1.010196127375997639e+22
1.285735697547751378e+22
1.511865375487697931e+22
1.679894677584891137e+22
1.783366680463579231e+22
