1.034842247739348794e-03
-1.733410234813549389e-01
-4.331553196436683240e-01
5.407584397243183488e-02
1.533082455223489515e-01
-1.657878959700644431e-02
-5.421998775644119861e-02
4.967323303982145062e-03
1.916145832670890226e-02
-1.441656216436379596e-03
-6.766679921517712235e-03
3.991247355721637218e-04
2.387826855816790710e-03
-1.022684444338206415e-04
-8.419995577386600117e-04
2.252251092925999261e-05
2.966907200249547052e-04
-3.180324189712131345e-06
-1.044671867255632895e-04
-5.518925276137524061e-07
3.675699354247056349e-05
7.822339409540308730e-07
-1.292361639145117388e-05
-4.820362199019967990e-07
4.540581929096977836e-06
2.422820005729006586e-07
-1.594120985447916220e-06
-1.107690971378943155e-07
5.592574769004887690e-07
4.793015433027843770e-08
-1.960564116120675966e-07
-2.000469416407624539e-08
6.867940307463996943e-08
8.139049795645039939e-09
-2.404059212990519702e-08
-3.249007285411742731e-09
