3.758712524952917498e-03
9.925953350241463816e-03
7.884375429333727314e-03
-1.864267210141997680e-04
-8.372275990434120284e-05
2.859138811520135556e-06
8.802597838540125807e-07
-3.981994989926243031e-08
-9.157646919700095372e-09
5.236263809991060540e-10
9.417874609199436642e-11
-6.623715495844933448e-12
-9.561884630454917967e-13
8.144136333490469250e-14
9.566473108440814502e-15
-9.794978695926387661e-16
-9.406706972788748747e-17
1.157098897715541275e-17
9.056046193238477254e-19
-1.346381592103252954e-19
-8.486515550681495569e-21
1.546160261256484460e-21
7.668931808451857667e-23
-1.754856626385223367e-23
-6.573192237447309063e-25
1.970457087421373670e-25
5.168630450652155336e-27
-2.190469887257746067e-27
-3.424445402148468937e-29
2.411882895663440483e-29
1.310209186211974579e-31
-2.631122852235060979e-31
