-2.028365135192871094e-01
-4.839390218257904053e-01
1.012984156608581543e+00
1.866330862045288086e+00
2.825491726398468018e-01
6.040724515914916992e-01
7.508542537689208984e-01
-4.020235538482666016e-01
3.326366901397705078e+00
1.716907382011413574e+00
2.854678153991699219e+00
1.175229930877685547e+01
1.175229930877685547e+01
1.175229930877685547e+01
1.175229930877685547e+01
1.175229930877685547e+01
1.175229930877685547e+01
1.175229930877685547e+01
1.175229930877685547e+01
1.175229930877685547e+01
1.175229930877685547e+01
1.175229930877685547e+01
1.175229930877685547e+01
1.175229930877685547e+01
1.175229930877685547e+01
1.175229930877685547e+01
1.175229930877685547e+01
1.175229930877685547e+01
1.175229930877685547e+01
1.175229930877685547e+01
1.175229930877685547e+01
1.175229930877685547e+01
1.175229930877685547e+01
1.175229930877685547e+01
1.175229930877685547e+01
1.175229930877685547e+01
1.175229930877685547e+01
1.175229930877685547e+01
1.175229930877685547e+01
1.175229930877685547e+01
1.175229930877685547e+01
1.175229930877685547e+01
1.175229930877685547e+01
1.175229930877685547e+01
1.175229930877685547e+01
1.175229930877685547e+01
1.175229930877685547e+01
1.175229930877685547e+01
1.175229930877685547e+01
1.175229930877685547e+01
1.175229930877685547e+01
1.175229930877685547e+01
1.175229930877685547e+01
1.175229930877685547e+01
2.854678153991699219e+00
1.716907382011413574e+00
3.326366901397705078e+00
-4.020235538482666016e-01
7.508542537689208984e-01
6.040724515914916992e-01
2.825491726398468018e-01
1.866330862045288086e+00
1.012984156608581543e+00
-4.839390218257904053e-01
-2.028365135192871094e-01
-7.127336263656616211e-01
-1.392264723777770996e+00
-3.933622837066650391e-01
-2.178947031497955322e-01
-8.265796899795532227e-01
-6.828963160514831543e-01
-2.026503801345825195e+00
-1.900602579116821289e+00
-1.548903822898864746e+00
-9.278352260589599609e-01
-1.749803423881530762e+00
-1.749803423881530762e+00
-1.749803423881530762e+00
-1.749803423881530762e+00
-1.749803423881530762e+00
-1.749803423881530762e+00
-1.749803423881530762e+00
-1.749803423881530762e+00
-1.749803423881530762e+00
-1.749803423881530762e+00
-1.749803423881530762e+00
-1.749803423881530762e+00
-1.749803423881530762e+00
-1.749803423881530762e+00
-1.749803423881530762e+00
-1.749803423881530762e+00
-1.749803423881530762e+00
-1.749803423881530762e+00
-1.749803423881530762e+00
-1.749803423881530762e+00
-1.749803423881530762e+00
-1.749803423881530762e+00
-1.749803423881530762e+00
-1.749803423881530762e+00
-1.749803423881530762e+00
-1.749803423881530762e+00
-1.749803423881530762e+00
-1.749803423881530762e+00
-1.749803423881530762e+00
-1.749803423881530762e+00
-1.749803423881530762e+00
-1.749803423881530762e+00
-1.749803423881530762e+00
-1.749803423881530762e+00
-1.749803423881530762e+00
-1.749803423881530762e+00
-1.749803423881530762e+00
-1.749803423881530762e+00
-1.749803423881530762e+00
-1.749803423881530762e+00
-1.749803423881530762e+00
-1.749803423881530762e+00
-1.749803423881530762e+00
-9.278352260589599609e-01
-1.548903822898864746e+00
-1.900602579116821289e+00
-2.026503801345825195e+00
-6.828963160514831543e-01
-8.265796899795532227e-01
-2.178947031497955322e-01
-3.933622837066650391e-01
-1.392264723777770996e+00
-7.127336263656616211e-01
