6.884168538083588020e-05
2.832398201997938375e-02
3.846280094101534736e-02
9.460724456523601257e-04
-1.019673174294523062e-03
-7.194396777904826421e-05
2.492646816041907361e-05
3.106825143110717256e-06
-5.487657542895603434e-07
-1.104555545255080715e-07
1.019149805381409259e-08
3.508263809546378966e-09
-1.238088560099127730e-10
-1.024468798421102860e-10
-1.184196225782106322e-12
2.775948967096991941e-12
1.574353677586644618e-13
-6.958612073867444650e-14
-7.474452967529058932e-15
1.585828282867679675e-15
2.776700862348131140e-16
-3.131735983044902605e-17
-9.075293618947826776e-18
4.570722789013194394e-19
2.711598591320993796e-19
-4.383161947614089796e-22
-7.508008302294469136e-21
-3.252557059041544044e-22
1.927252838233881366e-22
1.764201501416607583e-23
-4.529559505737044801e-24
-6.907278693688569651e-25
9.405095323586757730e-26
2.330107274643937374e-26
-1.550302212244709302e-27
-7.131395290074131120e-28
1.076916307975424276e-29
2.017785777510065010e-29
6.092596161875420842e-31
-5.298528441306294641e-31
-4.063330840311781031e-32
1.280655120982423561e-32
1.697565465319624294e-33
-2.773865989844131389e-34
-5.934365106996989943e-35
4.993759275699846817e-36
1.863212564032850633e-36
-5.418653045457151217e-38
-5.388900514526721223e-38
-9.250073607768779754e-40
1.446627627638227257e-39
9.054674373343546709e-41
-3.588129787350534957e-41
-4.112794358000766342e-42
8.060912244924802114e-43
1.497987646104409839e-43
-1.552993936638975779e-44
-4.834634682307015958e-45
2.116361894450363125e-46
1.430221338396949590e-46
5.819519794268657762e-49
-3.923530455009440798e-48
-1.923685880805434756e-49
9.970790520517164900e-50
