5.639316022930170730e-02
-6.730737399975517121e-02
-1.885906745799706685e-01
-3.045559200133101108e-01
-4.124251849465587205e-01
-5.096041019181456466e-01
-5.937384845264374045e-01
-6.627656867417104358e-01
-7.149595876056972221e-01
-7.489682291073116449e-01
-7.638432945866157064e-01
-7.590607921423464521e-01
-7.345324983625964865e-01
-6.906079181281499224e-01
-6.280667219110394051e-01
-5.481018284515528638e-01
-4.522935034731127568e-01
-3.425750397943247427e-01
-2.211907666045702103e-01
-9.064730183399365149e-02
4.634089212706962724e-02
1.869104657878681297e-01
3.281113717854566292e-01
4.669709349206823124e-01
6.005584113913434718e-01
7.260486352377835129e-01
8.407833700396706300e-01
9.423290338874873440e-01
1.028529544512629235e+00
1.097553137485032249e+00
1.147932141277481666e+00
1.178594845913105704e+00
1.188888773541900479e+00
1.178594845913105704e+00
1.147932141277482554e+00
1.097553137485032249e+00
1.028529544512629235e+00
9.423290338874873440e-01
8.407833700396706300e-01
7.260486352377835129e-01
6.005584113913434718e-01
4.669709349206831450e-01
3.281113717854572398e-01
1.869104657878681297e-01
4.634089212707069583e-02
-9.064730183399308250e-02
-2.211907666045697385e-01
-3.425750397943251868e-01
-4.522935034731124238e-01
-5.481018284515523087e-01
-6.280667219110394051e-01
-6.906079181281497004e-01
-7.345324983625964865e-01
-7.590607921423464521e-01
-7.638432945866155954e-01
-7.489682291073116449e-01
-7.149595876056974442e-01
-6.627656867417106579e-01
-5.937384845264374045e-01
-5.096041019181459797e-01
-4.124251849465594422e-01
-3.045559200133102218e-01
-1.885906745799711959e-01
-6.730737399975506019e-02
5.639316022930139505e-02
1.795505974977124886e-01
2.992098375166105662e-01
4.124856993789661752e-01
5.166261579655216929e-01
6.090727562581957910e-01
6.875168826711826053e-01
7.499506914525303491e-01
7.947115596270546423e-01
8.205191133517784063e-01
8.265040169252255708e-01
8.122278955651434096e-01
7.776939545995239511e-01
7.233480587611941237e-01
6.500702414883231528e-01
5.591568210511982384e-01
4.522935034731127568e-01
3.315200471946799787e-01
1.991872470272884610e-01
5.790716120094852037e-02
-8.950234836399695304e-02
-2.400775692106643655e-01
-3.907720941240664381e-01
-5.385218191651476305e-01
-6.803103834126994487e-01
-8.132336399486035372e-01
-9.345617681844156088e-01
-1.041797688227537488e+00
-1.132730517531590930e+00
-1.205482916850687758e+00
-1.258551304214122535e+00
-1.290838069411063715e+00
-1.301675094000503741e+00
-1.290838069411063715e+00
-1.258551304214122535e+00
-1.205482916850687758e+00
-1.132730517531592040e+00
-1.041797688227537488e+00
-9.345617681844162750e-01
-8.132336399486042033e-01
-6.803103834127001148e-01
-5.385218191651490738e-01
-3.907720941240671042e-01
-2.400775692106657255e-01
-8.950234836399807714e-02
5.790716120094736158e-02
1.991872470272874895e-01
3.315200471946790350e-01
4.522935034731120907e-01
5.591568210511976833e-01
6.500702414883217095e-01
7.233480587611941237e-01
7.776939545995238401e-01
8.122278955651431875e-01
8.265040169252255708e-01
8.205191133517786284e-01
7.947115596270553084e-01
7.499506914525302381e-01
6.875168826711831604e-01
6.090727562581963461e-01
5.166261579655223590e-01
4.124856993789680071e-01
2.992098375166103996e-01
1.795505974977134045e-01
