4.965165318218477397e-01
6.289452778823547696e-01
6.794040998499607520e-01
6.504543146892893812e-01
5.554300232465466669e-01
4.161758427062641763e-01
2.596663304123166260e-01
1.140299510861332716e-01
4.569474891633340530e-03
-4.964922668656235327e-02
-3.817146054804614747e-02
3.980827396852535532e-02
1.758361146306772205e-01
3.538939978429803679e-01
5.530895685788016491e-01
7.508957304295800217e-01
9.264323908322122936e-01
1.063299924612076230e+00
1.151564927314735476e+00
1.188647487993687912e+00
1.179040569417751483e+00
1.132976849154108789e+00
1.064317529344162239e+00
9.880469493861860908e-01
9.178006126102095097e-01
8.638275358907836488e-01
8.316970731360003866e-01
8.219220855938582648e-01
8.305083604589190704e-01
8.502816914020869810e-01
8.727151352391818717e-01
8.899004811971152895e-01
8.962921636490539523e-01
8.899004811971152895e-01
8.727151352391822048e-01
8.502816914020869810e-01
8.305083604589190704e-01
8.219220855938582648e-01
8.316970731360003866e-01
8.638275358907836488e-01
9.178006126102095097e-01
9.880469493861855357e-01
1.064317529344162017e+00
1.132976849154108789e+00
1.179040569417751483e+00
1.188647487993687912e+00
1.151564927314735698e+00
1.063299924612075786e+00
9.264323908322126266e-01
7.508957304295811319e-01
5.530895685788016491e-01
3.538939978429809230e-01
1.758361146306772205e-01
3.980827396852561900e-02
-3.817146054804592542e-02
-4.964922668656239491e-02
4.569474891633062974e-03
1.140299510861324528e-01
2.596663304123165150e-01
4.161758427062636212e-01
5.554300232465457787e-01
6.504543146892893812e-01
6.794040998499607520e-01
6.289452778823545476e-01
4.965165318218481838e-01
2.911004153616144619e-01
3.234078331912593196e-02
-2.519152783215328206e-01
-5.293374485770161453e-01
-7.675857595166822867e-01
-9.389054206194956675e-01
-1.024177316466146959e+00
-1.015823084815129729e+00
-9.191182175240821817e-01
-7.516900364282366187e-01
-5.412378614429383950e-01
-3.217723521104348672e-01
-1.288915303847670002e-01
5.240729356958981865e-03
5.649481609370465146e-02
1.228630676787806353e-02
-1.265208415544159526e-01
-3.456106832170461884e-01
-6.191313198245560478e-01
-9.132730644885628246e-01
-1.191008410814109908e+00
-1.417321263698492650e+00
-1.564177019780680133e+00
-1.614517394263547789e+00
-1.564700429731882281e+00
-1.425027643497853269e+00
-1.218274963302166114e+00
-9.764322025778863212e-01
-7.361154197440525904e-01
-5.333096685420696259e-01
-3.981980301957750434e-01
-3.508218393392604773e-01
-3.981980301957750434e-01
-5.333096685420696259e-01
-7.361154197440525904e-01
-9.764322025778835457e-01
-1.218274963302166114e+00
-1.425027643497851937e+00
-1.564700429731882059e+00
-1.614517394263547789e+00
-1.564177019780681466e+00
-1.417321263698493317e+00
-1.191008410814112128e+00
-9.132730644885651561e-01
-6.191313198245582683e-01
-3.456106832170479648e-01
-1.265208415544172016e-01
1.228630676787739739e-02
5.649481609370464452e-02
5.240729356960623780e-03
-1.288915303847670002e-01
-3.217723521104336459e-01
-5.412378614429367296e-01
-7.516900364282353975e-01
-9.191182175240797392e-01
-1.015823084815129285e+00
-1.024177316466146959e+00
-9.389054206194967778e-01
-7.675857595166837299e-01
-5.293374485770181437e-01
-2.519152783215375391e-01
3.234078331912634136e-02
2.911004153616126855e-01
