-3.617787957191467285e-01
-1.616975963115692139e-01
2.017129957675933838e-02
1.957717835903167725e-01
3.894143700599670410e-01
4.931386113166809082e-01
2.518993616104125977e-01
1.046211272478103638e-01
-1.087253391742706299e-01
-2.521408796310424805e-01
-4.841682910919189453e-01
-3.654321730136871338e-01
-1.654272377490997314e-01
1.357601583003997803e-02
1.919405162334442139e-01
3.855290114879608154e-01
4.994199573993682861e-01
2.595552206039428711e-01
1.114872246980667114e-01
-1.020014807581901550e-01
-2.451655268669128418e-01
-4.787293672561645508e-01
-3.705636858940124512e-01
-1.706420481204986572e-01
5.504235625267028809e-03
1.866341233253479004e-01
3.784691989421844482e-01
5.022446513175964355e-01
2.642451524734497070e-01
1.151582747697830200e-01
-9.821195900440216064e-02
-2.413446009159088135e-01
-4.759566187858581543e-01
-3.785822391510009766e-01
-1.786937117576599121e-01
-5.315959453582763672e-03
1.786234974861145020e-01
3.666812777519226074e-01
5.001049041748046875e-01
2.645363807678222656e-01
1.142705082893371582e-01
-9.865239262580871582e-02
-2.419009357690811157e-01
-4.770139455795288086e-01
-3.905546367168426514e-01
-1.905751824378967285e-01
-1.978749036788940430e-02
1.670594960451126099e-01
3.515073060989379883e-01
4.943657815456390381e-01
2.618478536605834961e-01
1.102907657623291016e-01
-1.018183082342147827e-01
-2.452870607376098633e-01
-4.803322255611419678e-01
-4.048489928245544434e-01
-2.046244293451309204e-01
-3.620041906833648682e-02
1.536597758531570435e-01
3.347105085849761963e-01
4.867911636829376221e-01
2.579668462276458740e-01
1.050256341695785522e-01
-1.058947592973709106e-01
-2.496729791164398193e-01
-4.840901792049407959e-01
-4.196133017539978027e-01
-2.189897000789642334e-01
-5.268824100494384766e-02
1.402675211429595947e-01
3.181490302085876465e-01
4.792078137397766113e-01
2.547105252742767334e-01
1.002845466136932373e-01
-1.090954691171646118e-01
-2.532840967178344727e-01
-4.865522682666778564e-01
-4.331040382385253906e-01
-2.319548428058624268e-01
-6.754316389560699463e-02
1.285443454980850220e-01
3.034746050834655762e-01
4.732177257537841797e-01
2.536396682262420654e-01
9.759178757667541504e-02
-1.099492609500885010e-01
-2.546892762184143066e-01
-4.863551557064056396e-01
-4.439798295497894287e-01
-2.422253191471099854e-01
-7.950818538665771484e-02
1.185459196567535400e-01
2.907216250896453857e-01
4.687968492507934570e-01
2.546946406364440918e-01
9.686335921287536621e-02
-1.085824817419052124e-01
-2.540372610092163086e-01
-4.836993515491485596e-01
-4.524406790733337402e-01
-2.500331401824951172e-01
-8.882781863212585449e-02
1.099135279655456543e-01
2.795222997665405273e-01
4.655376374721527100e-01
2.574425637722015381e-01
9.765440225601196289e-02
-1.054711639881134033e-01
-2.518144249916076660e-01
-4.791123270988464355e-01
-4.590031504631042480e-01
-2.559168338775634766e-01
-9.604290127754211426e-02
1.034033298492431641e-01
2.706188559532165527e-01
4.641353189945220947e-01
2.625602185726165771e-01
1.006411314010620117e-01
-9.996540844440460205e-02
-2.473737001419067383e-01
-4.719855189323425293e-01
-4.630433917045593262e-01
-2.592945992946624756e-01
-1.005740612745285034e-01
9.955152869224548340e-02
2.645446658134460449e-01
4.599860906600952148e-01
2.654052376747131348e-01
1.011696904897689819e-01
-9.674817323684692383e-02
-2.453961670398712158e-01
-4.670264720916748047e-01
-4.692354202270507812e-01
-2.647787332534790039e-01
-1.070046275854110718e-01
9.384852647781372070e-02
2.568328380584716797e-01
4.530354738235473633e-01
2.659790515899658203e-01
9.932135045528411865e-02
-9.568956494331359863e-02
-2.456754148006439209e-01
-4.639919400215148926e-01
-4.772440195083618164e-01
-2.720049619674682617e-01
-1.148994266986846924e-01
8.675633370876312256e-02
2.480135709047317505e-01
4.450520873069763184e-01
2.660423517227172852e-01
9.687203168869018555e-02
-9.503072500228881836e-02
-2.464436888694763184e-01
-4.611468911170959473e-01
-4.853139817714691162e-01
-2.792252898216247559e-01
-1.225138902664184570e-01
8.000744879245758057e-02
2.398125827312469482e-01
4.377446770668029785e-01
2.672710716724395752e-01
9.549485146999359131e-02
-9.313759207725524902e-02
-2.460758686065673828e-01
-4.569188356399536133e-01
-4.918710589408874512e-01
-2.848968505859375000e-01
-1.283282488584518433e-01
7.508647441864013672e-02
2.336872816085815430e-01
4.325320124626159668e-01
2.710373103618621826e-01
9.654621779918670654e-02
-8.870577812194824219e-02
-2.432897984981536865e-01
-4.500901699066162109e-01
-4.957081675529479980e-01
-2.878613471984863281e-01
-1.312173753976821899e-01
7.306744158267974854e-02
2.306766659021377563e-01
4.304000139236450195e-01
2.782534360885620117e-01
1.009016782045364380e-01
-8.093470335006713867e-02
-2.373249232769012451e-01
-4.399847984313964844e-01
-4.961774945259094238e-01
-2.875277996063232422e-01
-1.306419819593429565e-01
7.443253695964813232e-02
2.312098145484924316e-01
4.317206144332885742e-01
2.892163395881652832e-01
1.088203638792037964e-01
-6.964050978422164917e-02
-2.280380129814147949e-01
-4.265425205230712891e-01
-4.932458996772766113e-01
-2.839173972606658936e-01
-1.266707777976989746e-01
7.905983924865722656e-02
2.351185828447341919e-01
4.362740814685821533e-01
3.036350011825561523e-01
1.199849247932434082e-01
-5.520741641521453857e-02
-2.158420979976654053e-01
-4.102492630481719971e-01
-4.874165654182434082e-01
-2.775776386260986328e-01
-1.198903471231460571e-01
8.632117509841918945e-02
2.417374700307846069e-01
4.433559775352478027e-01
3.207499980926513672e-01
1.336250901222229004e-01
-3.845483064651489258e-02
-2.015687227249145508e-01
-3.919902443885803223e-01
-4.795737862586975098e-01
-2.694210410118103027e-01
-1.112320721149444580e-01
9.526002407073974609e-02
2.500933408737182617e-01
4.519712328910827637e-01
3.395223021507263184e-01
1.487072557210922241e-01
-2.045336365699768066e-02
-1.862851381301879883e-01
-3.728730082511901855e-01
-4.708108603954315186e-01
-2.605508863925933838e-01
-1.018071025609970093e-01
1.047586053609848022e-01
2.590625584125518799e-01
4.609929621219635010e-01
3.587995767593383789e-01
1.641014665365219116e-01
-2.351194620132446289e-03
-1.711193621158599854e-01
-3.540471196174621582e-01
-4.622457623481750488e-01
-2.520772218704223633e-01
-9.271451830863952637e-02
1.137287318706512451e-01
2.675698399543762207e-01
4.693595468997955322e-01
3.775096833705902100e-01
1.787787079811096191e-01
1.482245326042175293e-02
-1.570612341165542603e-01
-3.365063667297363281e-01
-4.548264741897583008e-01
-2.449256777763366699e-01
-8.485862612724304199e-02
