1.309202798438491300e-05
3.479508108115728240e+25
6.536725049861264255e+25
8.801707137445886022e+25
1.000250901097045351e+26
9.998354804205054120e+25
8.796165735526143673e+25
6.548514363998772030e+25
3.533487892961420816e+25
1.192235263222812003e+24
-3.282128407695637881e+25
-6.265079218969021084e+25
-8.479718297302082113e+25
-9.672844480617579057e+25
-9.716469185677494776e+25
-8.620568411676891395e+25
-6.529035063425536586e+25
-3.699803045777083369e+25
-4.721447316200097405e+24
2.774647410181443890e+25
5.665964020268674895e+25
7.874730577625870489e+25
9.157528228558076934e+25
9.380221934701917069e+25
8.530596262131780428e+25
6.717121755349893916e+25
4.154531428095088312e+25
1.138194661767751416e+25
-1.989613473154003086e+25
-4.877761393777972634e+25
-7.204433082893893883e+25
-8.711817075911903063e+25
-9.233448570805039651e+25
-8.711817075911903063e+25
-7.204433082893893883e+25
-4.877761393777972634e+25
-1.989613473154003086e+25
1.138194661767751416e+25
4.154531428095088312e+25
6.717121755349893916e+25
8.530596262131780428e+25
9.380221934701917069e+25
9.157528228558076934e+25
7.874730577625870489e+25
5.665964020268674895e+25
2.774647410181443890e+25
-4.721447316200097405e+24
-3.699803045777083369e+25
-6.529035063425536586e+25
-8.620568411676891395e+25
-9.716469185677494776e+25
-9.672844480617579057e+25
-8.479718297302082113e+25
-6.265079218969021084e+25
-3.282128407695637881e+25
1.192235263222812003e+24
3.533487892961420816e+25
6.548514363998772030e+25
8.796165735526143673e+25
9.998354804205054120e+25
1.000250901097045351e+26
8.801707137445886022e+25
6.536725049861264255e+25
3.479508108115728240e+25
8.860847308800000000e+10
-3.479508108115728240e+25
-6.536725049861264255e+25
-8.801707137445886022e+25
-1.000250901097045351e+26
-9.998354804205054120e+25
-8.796165735526143673e+25
-6.548514363998772030e+25
-3.533487892961420816e+25
-1.192235263222812003e+24
3.282128407695637881e+25
6.265079218969021084e+25
8.479718297302082113e+25
9.672844480617579057e+25
9.716469185677494776e+25
8.620568411676891395e+25
6.529035063425536586e+25
3.699803045777083369e+25
4.721447316200097405e+24
-2.774647410181443890e+25
-5.665964020268674895e+25
-7.874730577625870489e+25
-9.157528228558076934e+25
-9.380221934701917069e+25
-8.530596262131780428e+25
-6.717121755349893916e+25
-4.154531428095088312e+25
-1.138194661767751416e+25
1.989613473154003086e+25
4.877761393777972634e+25
7.204433082893893883e+25
8.711817075911903063e+25
9.233448570805039651e+25
8.711817075911903063e+25
7.204433082893893883e+25
4.877761393777972634e+25
1.989613473154003086e+25
-1.138194661767751416e+25
-4.154531428095088312e+25
-6.717121755349893916e+25
-8.530596262131780428e+25
-9.380221934701917069e+25
-9.157528228558076934e+25
-7.874730577625870489e+25
-5.665964020268674895e+25
-2.774647410181443890e+25
4.721447316200097405e+24
3.699803045777083369e+25
6.529035063425536586e+25
8.620568411676891395e+25
9.716469185677494776e+25
9.672844480617579057e+25
8.479718297302082113e+25
6.265079218969021084e+25
3.282128407695637881e+25
-1.192235263222812003e+24
-3.533487892961420816e+25
-6.548514363998772030e+25
-8.796165735526143673e+25
-9.998354804205054120e+25
-1.000250901097045351e+26
-8.801707137445886022e+25
-6.536725049861264255e+25
-3.479508108115728240e+25
