-3.556430226373751835e-01
3.734503902887991722e-01
8.476112565205699001e-01
-4.130042062794598290e-01
3.900151582770688408e-01
-2.972699398083091804e-01
2.403717953725274248e-01
-1.910462344477946439e-01
1.525948759250581321e-01
-1.217089599223963731e-01
9.711433882365680392e-02
-7.748057419875203911e-02
6.181830443831101696e-02
-4.932159226519827744e-02
3.935123029892524660e-02
-3.139635188341181882e-02
2.504956351028475234e-02
-1.998578025983705972e-02
1.594564393092593596e-02
-1.272222328287010359e-02
1.015041889944364069e-02
-8.098506172662583991e-03
6.461388725644168218e-03
-5.155215464699231670e-03
4.113085842102721587e-03
-3.281623292041928840e-03
2.618241350726731396e-03
-2.088962431269192864e-03
1.666677534537907950e-03
-1.329757760385178204e-03
1.060946502644778775e-03
-8.464755875146325005e-04
6.753600850486472275e-04
-5.388356748906612467e-04
4.299097488326696667e-04
-3.430032582361453399e-04
2.736649621928072154e-04
-2.183434405758029925e-04
1.742051947771494364e-04
-1.389895194804752990e-04
1.108927121841913216e-04
-8.847568983281043113e-05
7.059028079671780039e-05
-5.632041696849893637e-05
4.493521390912315778e-05
-3.585153586820951255e-05
2.860412830589759991e-05
-2.282178814173950110e-05
1.820835120079699281e-05
-1.452752305789718781e-05
1.159077633500922024e-05
-9.247694566568178239e-06
7.378268057699224644e-06
-5.886747138910638771e-06
4.696737988708793374e-06
-3.747289838350772736e-06
2.989773150293907683e-06
-2.385388874577261152e-06
1.903181210386350860e-06
-1.518452088953237960e-06
1.211496169604569490e-06
-9.665915570496102549e-07
7.711945457198959838e-07
-6.152971469805541198e-07
