0.000000000000000000e+00
1.424710370710313354e-02
2.849131539084496373e-02
4.272974361491678474e-02
5.695949811699587556e-02
7.117769039544068199e-02
8.538143429562847220e-02
9.956784659581664754e-02
1.137340475924087102e-01
1.278771616845060244e-01
1.419943179576267922e-01
1.560826507664738738e-01
1.701393003166326579e-01
1.841614132450817287e-01
1.981461431993976063e-01
2.120906514155367073e-01
2.259921072940766495e-01
2.398476889748006602e-01
2.536545839095073474e-01
2.674099894329309834e-01
2.811111133316549493e-01
2.947551744109041527e-01
3.083394030591002366e-01
3.218610418100660842e-01
3.353173459027641856e-01
3.487055838384568451e-01
3.620230379351735417e-01
3.752670048793739777e-01
3.884347962746946270e-01
4.015237391876664841e-01
4.145311766902952111e-01
4.274544683993913297e-01
4.402909910125420989e-01
4.530381388406167775e-01
4.656933243366958575e-01
4.782539786213180211e-01
4.907175520039376293e-01
5.030815145004872146e-01
5.153433563469393963e-01
5.275005885087645785e-01
5.395507431861810144e-01
5.514913743150936520e-01
5.633200580636217314e-01
5.750343933241131023e-01
5.866320022005453438e-01
5.981105304912156528e-01
6.094676481666211343e-01
6.207010498424317957e-01
6.318084552474610982e-01
6.427876096865390299e-01
6.536362844981933318e-01
6.643522775070457298e-01
6.749334134708323552e-01
6.853775445219567608e-01
6.956825506034860496e-01
7.058463398995016291e-01
7.158668492597181077e-01
7.257420446182818452e-01
7.354699214066668933e-01
7.450485049605833909e-01
7.544758509208143726e-01
7.637500456279022742e-01
7.728692065106030906e-01
7.818314824680298036e-01
