1.273617741376566583e-03
1.838570880338489394e-02
3.518468630311143153e-02
5.137616580190238619e-02
6.667843361525818691e-02
8.082838199453312722e-02
9.358704411343603258e-02
1.047446093950633456e-01
1.141248109477529527e-01
1.215885904531165546e-01
1.270369614734593033e-01
1.304130094803420126e-01
1.317029855761603363e-01
1.309364704822660597e-01
1.281856054761284225e-01
1.235634071411201157e-01
1.172212026089461540e-01
1.093452409976203993e-01
1.001525545655161109e-01
8.988615932872950909e-02
7.880969917358619792e-02
6.720164952940528569e-02
5.534920618814901522e-02
4.354199166123478432e-02
3.206571540228414507e-02
2.119592521266565679e-02
1.119198516295120786e-02
2.291410450747281748e-03
-5.295318119899260038e-03
-1.138934774280033792e-02
-1.584735582373703391e-02
-1.856467630419302364e-02
-1.947758239703990812e-02
-1.856467630419302364e-02
-1.584735582373712412e-02
-1.138934774280033792e-02
-5.295318119899260038e-03
2.291410450747281748e-03
1.119198516295120786e-02
2.119592521266565679e-02
3.206571540228414507e-02
4.354199166123470799e-02
5.534920618814897358e-02
6.720164952940528569e-02
7.880969917358611465e-02
8.988615932872945358e-02
1.001525545655160832e-01
1.093452409976204270e-01
1.172212026089461262e-01
1.235634071411200741e-01
1.281856054761284225e-01
1.309364704822660597e-01
1.317029855761603363e-01
1.304130094803420403e-01
1.270369614734593033e-01
1.215885904531165407e-01
1.141248109477529804e-01
1.047446093950634011e-01
9.358704411343604646e-02
8.082838199453318273e-02
6.667843361525829793e-02
5.137616580190240007e-02
3.518468630311150092e-02
1.838570880338487659e-02
1.273617741376609517e-03
-1.585073895571139507e-02
-3.268639523590633617e-02
-4.893861342384755314e-02
-6.432509488825610688e-02
-7.858192085699047813e-02
-9.146909521414793576e-02
-1.027755697397187001e-01
-1.123236434646192189e-01
-1.199726413696745875e-01
-1.256217932627503309e-01
-1.292122509858447954e-01
-1.307282007585782169e-01
-1.301970470522639534e-01
-1.276886644855472208e-01
-1.233137344033546495e-01
-1.172212026089461540e-01
-1.095949137353859071e-01
-1.006494955560974375e-01
-9.062558275873153213e-02
-7.978448399116831735e-02
-6.840240802390254449e-02
-5.676437439885795994e-02
-4.515794074467682079e-02
-3.386688288541798986e-02
-2.316496486801030222e-02
-1.330993406223929601e-02
-4.537871588289931271e-03
2.941979392897046443e-03
8.951795364745468442e-03
1.334906475653203570e-02
1.602970645651962192e-02
1.693034691428678407e-02
1.602970645651962192e-02
1.334906475653203570e-02
8.951795364745468442e-03
2.941979392897124505e-03
-4.537871588289931271e-03
-1.330993406223924917e-02
-2.316496486801025365e-02
-3.386688288541792741e-02
-4.515794074467670977e-02
-5.676437439885791830e-02
-6.840240802390244734e-02
-7.978448399116823408e-02
-9.062558275873144886e-02
-1.006494955560973681e-01
-1.095949137353858516e-01
-1.172212026089460984e-01
-1.233137344033546079e-01
-1.276886644855471653e-01
-1.301970470522639534e-01
-1.307282007585782169e-01
-1.292122509858447954e-01
-1.256217932627503586e-01
-1.199726413696746846e-01
-1.123236434646193438e-01
-1.027755697397186863e-01
-9.146909521414803290e-02
-7.858192085699057527e-02
-6.432509488825620403e-02
-4.893861342384781682e-02
-3.268639523590630841e-02
-1.585073895571151997e-02
