-6.278174977738805174e-01
4.978673057343085961e-01
3.039537211697692087e-01
-4.499525781237038308e-02
1.717878365575641608e-01
-1.681372873634574272e-01
2.204216233816148340e-01
-2.640108928159640156e-01
3.245428312973407947e-01
-3.959151923040797882e-01
4.840641934376035960e-01
-5.914518966751812767e-01
7.228016510483409318e-01
-8.832720151499079408e-01
1.079386399812902964e+00
-1.319038048329950197e+00
1.611900820720329586e+00
-1.969786381474111225e+00
2.407132503012034519e+00
-2.941581247938017896e+00
3.594692156319153398e+00
-4.392811406651810024e+00
5.368134803313773240e+00
-6.560006472261617816e+00
8.016506011142556787e+00
-9.796387990924873890e+00
1.197145209346446570e+01
-1.462943947897991137e+01
1.787757222752410868e+01
-2.184687863191972212e+01
2.669747882338459277e+01
-3.262504394946729036e+01
3.986868946487799548e+01
-4.872062094717348657e+01
5.953792154540850845e+01
-7.275695656241151710e+01
8.891097624540557831e+01
-1.086516268740565181e+02
1.327752378940865299e+02
-1.622549455082363750e+02
1.982799485765656868e+02
-2.423034803924040261e+02
2.961014314949799768e+02
-3.618439883380432320e+02
4.421831776878854043e+02
-5.403598482545219213e+02
6.603344051495101894e+02
-8.069465709427986440e+02
9.861106180116536279e+02
-1.205053947771538560e+03
1.472608640973591719e+03
-1.799567740083633680e+03
2.199120636022257258e+03
-2.687385122581815722e+03
3.284057581369077070e+03
-4.013207525457441534e+03
4.904248553301536958e+03
-5.993124880781917454e+03
7.323761315577611640e+03
-8.949835165215694360e+03
1.093694155681452867e+04
-1.336523951659771228e+04
1.633268555090023983e+04
-1.995898516994865713e+04
