-4.787143940186217028e-02
2.292581340548000349e-02
1.030759075738857944e-01
1.910128612662141956e-01
2.847585910089513450e-01
3.819859274638579549e-01
4.800966723856596174e-01
5.763119289355207453e-01
6.677714349818608675e-01
7.516382475196534685e-01
8.252048812234739072e-01
8.859969056138248256e-01
9.318700579972376552e-01
9.610971321199589523e-01
9.724412485034129583e-01
9.652125893702320214e-01
9.393062715518685213e-01
8.952197130355259436e-01
8.340485975319245071e-01
7.574613286828282277e-01
6.676526617748986814e-01
5.672779761386703701e-01
4.593703765369458458e-01
3.472434593410992920e-01
2.343831245640353722e-01
1.243322370628361095e-01
2.057222322691366206e-02
-7.359417777812335415e-02
-1.551548120070972703e-01
-2.214906397824180362e-01
-2.704652044536338673e-01
-3.004978133072929714e-01
-3.106177866918332087e-01
-3.004978133072929714e-01
-2.704652044536348110e-01
-2.214906397824180362e-01
-1.551548120070972703e-01
-7.359417777812335415e-02
2.057222322691366206e-02
1.243322370628361095e-01
2.343831245640353722e-01
3.472434593410986814e-01
4.593703765369454572e-01
5.672779761386703701e-01
6.676526617748979042e-01
7.574613286828278946e-01
8.340485975319242851e-01
8.952197130355260546e-01
9.393062715518685213e-01
9.652125893702317994e-01
9.724412485034129583e-01
9.610971321199589523e-01
9.318700579972376552e-01
8.859969056138248256e-01
8.252048812234742403e-01
7.516382475196534685e-01
6.677714349818612005e-01
5.763119289355214114e-01
4.800966723856597840e-01
3.819859274638583990e-01
2.847585910089521222e-01
1.910128612662142789e-01
1.030759075738861275e-01
2.292581340547994798e-02
-4.787143940186200375e-02
-1.082077810845453320e-01
-1.574601760670828465e-01
-1.954983058871073986e-01
-2.226728168016177123e-01
-2.397848842211517673e-01
-2.480385592386837590e-01
-2.489780132749412900e-01
-2.444123605675522504e-01
-2.363311936698369586e-01
-2.268142973490700209e-01
-2.179391992459195904e-01
-2.116902646959662182e-01
-2.098729471374325972e-01
-2.140365690741565241e-01
-2.254086415946993660e-01
-2.448432479577083432e-01
-2.727854381601112488e-01
-3.092529297920857956e-01
-3.538357116927752788e-01
-4.057134285426822196e-01
-4.636897148231655663e-01
-5.262419733720461457e-01
-5.915844833883576737e-01
-6.577421989783431844e-01
-7.226321825259734988e-01
-7.841493234131927670e-01
-8.402528331479927060e-01
-8.890499887337239837e-01
-9.288737175692680648e-01
-9.583508742222633936e-01
-9.764584416645888387e-01
-9.825653816927626405e-01
-9.764584416645888387e-01
-9.583508742222633936e-01
-9.288737175692680648e-01
-8.890499887337243168e-01
-8.402528331479927060e-01
-7.841493234131931001e-01
-7.226321825259739429e-01
-6.577421989783436285e-01
-5.915844833883583398e-01
-5.262419733720464787e-01
-4.636897148231661769e-01
-4.057134285426825526e-01
-3.538357116927755008e-01
-3.092529297920861286e-01
-2.727854381601114708e-01
-2.448432479577085652e-01
-2.254086415946995048e-01
-2.140365690741566074e-01
-2.098729471374325972e-01
-2.116902646959661349e-01
-2.179391992459194793e-01
-2.268142973490699377e-01
-2.363311936698367366e-01
-2.444123605675521116e-01
-2.489780132749413177e-01
-2.480385592386838145e-01
-2.397848842211519060e-01
-2.226728168016178788e-01
-1.954983058871079538e-01
-1.574601760670827910e-01
-1.082077810845457067e-01
