5.166981755218663652e-02
-1.145266131872270943e-01
-2.582513040142803695e-01
-3.692766401070238791e-01
-4.417059301859687093e-01
-4.743247951870228629e-01
-4.703934350580568635e-01
-4.369374726373931872e-01
-3.836517519678385169e-01
-3.215706874072457033e-01
-2.616766833705552187e-01
-2.136139234768693607e-01
-1.846505214488002034e-01
-1.789921328220717145e-01
-1.975008144911895580e-01
-2.378210822360416199e-01
-2.948674004194185017e-01
-3.615892761648278331e-01
-4.299055024900523825e-01
-4.916895855203112231e-01
-5.396935700315422801e-01
-5.683150808517292152e-01
-5.741388382860267425e-01
-5.562149210545229705e-01
-5.160673731701714839e-01
-4.574547021173676620e-01
-3.859257315063601701e-01
-3.082287218772877813e-01
-2.316384541629427918e-01
-1.632658997742875706e-01
-1.094096791184651363e-01
-7.499951591285458630e-02
-6.317100538276312904e-02
-7.499951591285458630e-02
-1.094096791184641509e-01
-1.632658997742875706e-01
-2.316384541629427918e-01
-3.082287218772877813e-01
-3.859257315063601701e-01
-4.574547021173676620e-01
-5.160673731701714839e-01
-5.562149210545228595e-01
-5.741388382860266315e-01
-5.683150808517292152e-01
-5.396935700315426132e-01
-4.916895855203113341e-01
-4.299055024900526045e-01
-3.615892761648276665e-01
-2.948674004194188347e-01
-2.378210822360418697e-01
-1.975008144911895580e-01
-1.789921328220717422e-01
-1.846505214488002034e-01
-2.136139234768693607e-01
-2.616766833705549966e-01
-3.215706874072457588e-01
-3.836517519678384058e-01
-4.369374726373928541e-01
-4.703934350580568080e-01
-4.743247951870228629e-01
-4.417059301859690978e-01
-3.692766401070241011e-01
-2.582513040142809246e-01
-1.145266131872269416e-01
5.166981755218619243e-02
2.266799982847173545e-01
3.947850373802724300e-01
5.398996263337925150e-01
6.473993426702692178e-01
7.058628577188558184e-01
7.085124235228322798e-01
6.541653032780264665e-01
5.475633607875306508e-01
3.990215840571390560e-01
2.234198485640427334e-01
3.864504366163068472e-02
-1.363381302101534520e-01
-2.835595093003996925e-01
-3.880092764131735650e-01
-4.392578621795283911e-01
-4.325319293667322373e-01
-3.691158995162258649e-01
-2.560335137773011027e-01
-1.050554782383751051e-01
6.883474649096515963e-02
2.493159705478011912e-01
4.207014298490818205e-01
5.697539180874441334e-01
6.871129851647092002e-01
7.681572189481822299e-01
8.132020307753266009e-01
8.270238073779438981e-01
8.177925168781746690e-01
7.955744615153558241e-01
7.706240084339034402e-01
7.517100097577237294e-01
7.447155882222302736e-01
7.517100097577237294e-01
7.706240084339034402e-01
7.955744615153558241e-01
8.177925168781743359e-01
8.270238073779438981e-01
8.132020307753267119e-01
7.681572189481826740e-01
6.871129851647097553e-01
5.697539180874456877e-01
4.207014298490824866e-01
2.493159705478027732e-01
6.883474649096661679e-02
-1.050554782383737729e-01
-2.560335137773001590e-01
-3.691158995162250878e-01
-4.325319293667320153e-01
-4.392578621795285021e-01
-3.880092764131749528e-01
-2.835595093003996925e-01
-1.363381302101544790e-01
3.864504366162929000e-02
2.234198485640415954e-01
3.990215840571362249e-01
5.475633607875286524e-01
6.541653032780265775e-01
7.085124235228321687e-01
7.058628577188560405e-01
6.473993426702698839e-01
5.398996263337946244e-01
3.947850373802722634e-01
2.266799982847186867e-01
