-2.274877786636352539e+00
-2.125711679458618164e+00
-1.975479841232299805e+00
-1.824559926986694336e+00
-1.673340916633605957e+00
-1.522222399711608887e+00
-1.371613979339599609e+00
-1.221931934356689453e+00
-1.073600053787231445e+00
-9.270460009574890137e-01
-7.827010154724121094e-01
-6.409971117973327637e-01
-5.023663640022277832e-01
-3.672375082969665527e-01
-2.360354065895080566e-01
-1.091778501868247986e-01
1.292482018470764160e-02
1.298739612102508545e-01
2.412823736667633057e-01
3.467777669429779053e-01
4.460037648677825928e-01
5.386223196983337402e-01
6.243152618408203125e-01
7.027856111526489258e-01
7.737597227096557617e-01
8.369891643524169922e-01
8.922506570816040039e-01
9.393481612205505371e-01
9.781143665313720703e-01
1.008411049842834473e+00
1.030129313468933105e+00
1.043191671371459961e+00
1.047551035881042480e+00
1.043191671371459961e+00
1.030129313468933105e+00
1.008411049842834473e+00
9.781143665313720703e-01
9.393481612205505371e-01
8.922506570816040039e-01
8.369891643524169922e-01
7.737597227096557617e-01
7.027856111526489258e-01
6.243152618408203125e-01
5.386223196983337402e-01
4.460037648677825928e-01
3.467777669429779053e-01
2.412823736667633057e-01
1.298739612102508545e-01
1.292482018470764160e-02
-1.091778501868247986e-01
-2.360354065895080566e-01
-3.672375082969665527e-01
-5.023663640022277832e-01
-6.409971117973327637e-01
-7.827010154724121094e-01
-9.270460009574890137e-01
-1.073600053787231445e+00
-1.221931934356689453e+00
-1.371613979339599609e+00
-1.522222399711608887e+00
-1.673340916633605957e+00
-1.824559926986694336e+00
-1.975479841232299805e+00
-2.125711679458618164e+00
-2.274877786636352539e+00
-2.422613859176635742e+00
-2.568568706512451172e+00
-2.712407112121582031e+00
-2.853807449340820312e+00
-2.992464303970336914e+00
-3.128088951110839844e+00
-3.260409355163574219e+00
-3.389168262481689453e+00
-3.514126777648925781e+00
-3.635061979293823242e+00
-3.751766681671142578e+00
-3.864050149917602539e+00
-3.971737623214721680e+00
-4.074667453765869141e+00
-4.172694683074951172e+00
-4.265686988830566406e+00
-4.353525638580322266e+00
-4.436104297637939453e+00
-4.513327598571777344e+00
-4.585111618041992188e+00
-4.651382923126220703e+00
-4.712076663970947266e+00
-4.767137527465820312e+00
-4.816516399383544922e+00
-4.860173225402832031e+00
-4.898071765899658203e+00
-4.930186271667480469e+00
-4.956490516662597656e+00
-4.976968765258789062e+00
-4.991605758666992188e+00
-5.000391483306884766e+00
-5.003319740295410156e+00
-5.000391483306884766e+00
-4.991605758666992188e+00
-4.976968765258789062e+00
-4.956490516662597656e+00
-4.930186271667480469e+00
-4.898071765899658203e+00
-4.860173225402832031e+00
-4.816516399383544922e+00
-4.767137527465820312e+00
-4.712076663970947266e+00
-4.651382923126220703e+00
-4.585111618041992188e+00
-4.513327598571777344e+00
-4.436104297637939453e+00
-4.353525638580322266e+00
-4.265686988830566406e+00
-4.172694683074951172e+00
-4.074667453765869141e+00
-3.971737623214721680e+00
-3.864050149917602539e+00
-3.751766681671142578e+00
-3.635061979293823242e+00
-3.514126777648925781e+00
-3.389168262481689453e+00
-3.260409355163574219e+00
-3.128088951110839844e+00
-2.992464303970336914e+00
-2.853807449340820312e+00
-2.712407112121582031e+00
-2.568568706512451172e+00
-2.422613859176635742e+00
