-3.932307420498021289e-02
-1.368792237014500868e-01
-1.233370508620831307e-01
-2.496559198914362690e-02
-3.283137123582417077e-03
-2.698455914273026422e-04
6.130256074564804847e-07
5.132149973787242025e-06
1.132928749547820659e-06
1.575926819713308579e-07
1.416412647613793302e-08
2.406635230569588529e-10
-2.085519021966475008e-10
-5.095450559059255792e-11
-7.500167045621772854e-12
-7.289702501074026330e-13
-2.368757014021435879e-14
8.213490106274221042e-15
2.269812651404458782e-15
3.540324649675890146e-16
3.691648284421643849e-17
1.677030729799439682e-18
-3.094947236031312678e-19
-1.000514659204696274e-19
-1.657826490133861854e-20
-1.844147461163624067e-21
-1.042736697516211780e-22
1.089032588951305225e-23
4.358482546540615568e-24
7.701732002480965914e-25
9.103415724828259515e-26
6.039514858843580679e-27
-3.386678733276302684e-28
-1.873156926433318849e-28
-3.549485723350075861e-29
-4.446375860410255283e-30
-3.342831351055882581e-31
7.780115093049722812e-33
7.923031060266661816e-33
1.622511268915070183e-33
2.150855652732346606e-34
1.791957792425235505e-35
1.366186449744378620e-38
-3.286868950509645305e-37
-7.353778309535524061e-38
-1.031141476815688275e-38
-9.377043450178812626e-40
-1.818473714635870498e-41
1.330456839149500057e-41
3.303062268168015499e-42
4.901607649885353915e-43
4.814014796203186650e-44
1.659437001725850268e-45
-5.211935579950748784e-46
-1.469266784155618714e-46
-2.311064531228356670e-47
-2.432854712818537558e-48
-1.146038201030016187e-49
1.948542679850063159e-50
6.466103274668086328e-51
1.080978437735808509e-51
1.213151359132937603e-52
7.037312928303877025e-54
-6.767674634894827749e-55
