4.703222078526241782e-04
1.664792500152688023e-02
6.095115563722922070e-02
5.063452264021555999e-05
1.462372864576965987e-03
-7.155199305358356804e-06
3.513394351570379585e-05
-3.728041349927825060e-07
8.452533512002165208e-07
-1.378432827081385520e-08
2.036268992947880840e-08
-4.473379724216650064e-10
4.912098791302172961e-10
-1.354647397107239177e-11
1.186524389324938171e-11
-3.929926587024156220e-13
2.869831243172617039e-13
-1.107338596068988075e-14
6.950199410139338985e-15
-3.055126430435157230e-16
1.685346504396627017e-16
-8.296130262371230610e-18
4.091860402804591726e-18
-2.225055423900431558e-19
9.946714056062675579e-20
-5.908857854460331073e-21
2.420762988213200555e-21
-1.556524863784963995e-22
5.898267605429427672e-23
-4.072841645780773350e-24
1.438736527784612905e-24
-1.059721723157646776e-25
