0.000000000000000000e+00
5.029142610086667631e-02
1.029816904161586777e-01
1.580417991170497416e-01
2.154207607856966078e-01
2.750433523854292073e-01
3.368079926914933075e-01
4.005847855790434231e-01
4.662138007571094978e-01
5.335036633182919097e-01
6.022305254486337578e-01
6.721374934282826619e-01
7.429345803053584163e-01
8.142992490585785337e-01
8.858776024820336215e-01
9.572862643444577380e-01
1.000000000000000000e+00
1.000000000000000000e+00
1.000000000000000000e+00
1.000000000000000000e+00
1.000000000000000000e+00
1.000000000000000000e+00
1.000000000000000000e+00
1.000000000000000000e+00
1.000000000000000000e+00
1.000000000000000000e+00
1.000000000000000000e+00
1.000000000000000000e+00
1.000000000000000000e+00
1.000000000000000000e+00
1.000000000000000000e+00
1.000000000000000000e+00
1.000000000000000000e+00
1.000000000000000000e+00
1.000000000000000000e+00
1.000000000000000000e+00
1.000000000000000000e+00
1.000000000000000000e+00
1.000000000000000000e+00
1.000000000000000000e+00
1.000000000000000000e+00
1.000000000000000000e+00
1.000000000000000000e+00
1.000000000000000000e+00
1.000000000000000000e+00
1.000000000000000000e+00
1.000000000000000000e+00
1.000000000000000000e+00
1.000000000000000000e+00
9.572862643444581821e-01
8.858776024820336215e-01
8.142992490585787557e-01
7.429345803053584163e-01
6.721374934282828839e-01
6.022305254486339798e-01
5.335036633182916876e-01
4.662138007571094978e-01
4.005847855790438672e-01
3.368079926914933075e-01
2.750433523854294293e-01
2.154207607856970519e-01
1.580417991170499636e-01
1.029816904161588997e-01
5.029142610086667631e-02
2.220446049250313081e-16
-5.029142610086645426e-02
-1.029816904161586777e-01
-1.580417991170497416e-01
-2.154207607856966078e-01
-2.750433523854292073e-01
-3.368079926914930855e-01
-4.005847855790436451e-01
-4.662138007571092757e-01
-5.335036633182912436e-01
-6.022305254486337578e-01
-6.721374934282824398e-01
-7.429345803053579722e-01
-8.142992490585783116e-01
-8.858776024820331774e-01
-9.572862643444579600e-01
-1.000000000000000000e+00
-1.000000000000000000e+00
-1.000000000000000000e+00
-1.000000000000000000e+00
-1.000000000000000000e+00
-1.000000000000000000e+00
-1.000000000000000000e+00
-1.000000000000000000e+00
-1.000000000000000000e+00
-1.000000000000000000e+00
-1.000000000000000000e+00
-1.000000000000000000e+00
-1.000000000000000000e+00
-1.000000000000000000e+00
-1.000000000000000000e+00
-1.000000000000000000e+00
-1.000000000000000000e+00
-1.000000000000000000e+00
-1.000000000000000000e+00
-1.000000000000000000e+00
-1.000000000000000000e+00
-1.000000000000000000e+00
-1.000000000000000000e+00
-1.000000000000000000e+00
-1.000000000000000000e+00
-1.000000000000000000e+00
-1.000000000000000000e+00
-1.000000000000000000e+00
-1.000000000000000000e+00
-1.000000000000000000e+00
-1.000000000000000000e+00
-1.000000000000000000e+00
-1.000000000000000000e+00
-9.572862643444584041e-01
-8.858776024820342876e-01
-8.142992490585783116e-01
-7.429345803053584163e-01
-6.721374934282831060e-01
-6.022305254486342019e-01
-5.335036633182923538e-01
-4.662138007571103859e-01
-4.005847855790434231e-01
-3.368079926914935296e-01
-2.750433523854296514e-01
-2.154207607856970519e-01
-1.580417991170506298e-01
-1.029816904161586777e-01
-5.029142610086667631e-02
