-6.229816841803226257e-01
-6.320104796050065588e-01
-5.892154352929891425e-01
-5.063266293098414028e-01
-3.994748871326727624e-01
-2.867271584524305195e-01
-1.853839995371893146e-01
-1.094360989701190640e-01
-6.755421214315143752e-02
-6.190862581496526379e-02
-8.799159844925889817e-02
-1.354670896486397935e-01
-1.899185718935723355e-01
-2.352306973455405292e-01
-2.562443538738595761e-01
-2.412818081456632180e-01
-1.841559305883625486e-01
-8.535271026865599853e-02
4.780149130646698524e-02
2.020252120235866977e-01
3.598990458681111670e-01
5.023530614619012846e-01
6.114599446604670474e-01
6.731200564915926776e-01
6.792366262647875352e-01
6.290511847685815727e-01
5.294307194059071353e-01
3.940511257240757459e-01
2.415837724564909583e-01
9.313937986376556732e-02
-3.066595069896829381e-02
-1.126003215756443410e-01
-1.412434924455577001e-01
-1.126003215756443410e-01
-3.066595069897083345e-02
9.313937986376556732e-02
2.415837724564909583e-01
3.940511257240757459e-01
5.294307194059071353e-01
6.290511847685815727e-01
6.792366262647875352e-01
6.731200564915927886e-01
6.114599446604671584e-01
5.023530614619012846e-01
3.598990458681124993e-01
2.020252120235873083e-01
4.780149130646746403e-02
-8.535271026865640098e-02
-1.841559305883622710e-01
-2.412818081456629959e-01
-2.562443538738595761e-01
-2.352306973455405847e-01
-1.899185718935723355e-01
-1.354670896486399045e-01
-8.799159844925907858e-02
-6.190862581496526379e-02
-6.755421214315132650e-02
-1.094360989701187170e-01
-1.853839995371892313e-01
-2.867271584524299088e-01
-3.994748871326719297e-01
-5.063266293098412918e-01
-5.892154352929888095e-01
-6.320104796050066698e-01
-6.229816841803228478e-01
-5.566654997273624561e-01
-4.348596383422380640e-01
-2.666024710995537617e-01
-6.714067396483890116e-02
1.439654478773827184e-01
3.453271158976991551e-01
5.164495697217293957e-01
6.403099019013627213e-01
7.054352653046113142e-01
7.072044550172202904e-01
6.482123942872919375e-01
5.376742310496785970e-01
3.899829309190647186e-01
2.226511880541349464e-01
5.394835713063825949e-02
-9.942496543917855867e-02
-2.243015743150173769e-01
-3.123949057138695196e-01
-3.608745190915628176e-01
-3.721367829346641787e-01
-3.528592140122795429e-01
-3.125299389827918550e-01
-2.617130471818294168e-01
-2.103365281296329381e-01
-1.662693796064022844e-01
-1.343929554488241807e-01
-1.162797427293103536e-01
-1.104861334485310043e-01
-1.133620304679111984e-01
-1.201961380019052339e-01
-1.264648882064884072e-01
-1.289429229254480391e-01
-1.264648882064884072e-01
-1.201961380019052339e-01
-1.133620304679111984e-01
-1.104861334485310320e-01
-1.162797427293103536e-01
-1.343929554488240419e-01
-1.662693796064020346e-01
-2.103365281296326605e-01
-2.617130471818288617e-01
-3.125299389827915775e-01
-3.528592140122792653e-01
-3.721367829346641787e-01
-3.608745190915629841e-01
-3.123949057138700192e-01
-2.243015743150180707e-01
-9.942496543917950236e-02
5.394835713063725335e-02
2.226511880541319488e-01
3.899829309190647186e-01
5.376742310496779309e-01
6.482123942872912714e-01
7.072044550172200683e-01
7.054352653046118693e-01
6.403099019013642756e-01
5.164495697217289516e-01
3.453271158977007649e-01
1.439654478773842450e-01
-6.714067396483736072e-02
-2.666024710995506530e-01
-4.348596383422383416e-01
-5.566654997273616789e-01
