0.000000000000000000e+00
-3.053441457450389862e-02
-7.859367877244949341e-02
-1.414358168840408325e-01
-2.134675681591033936e-01
-2.870574891567230225e-01
-3.536362349987030029e-01
-4.049263000488281250e-01
-4.341271519660949707e-01
-4.368928670883178711e-01
-4.119710028171539307e-01
-3.614218235015869141e-01
-2.903975248336791992e-01
-2.065233141183853149e-01
-1.189736723899841309e-01
-3.737804293632507324e-02
2.929276227951049805e-02
7.371423393487930298e-02
9.094489365816116333e-02
7.883349061012268066e-02
3.806575015187263489e-02
-2.812795713543891907e-02
-1.145350486040115356e-01
-2.146917879581451416e-01
-3.216680288314819336e-01
-4.287904202938079834e-01
-5.302087068557739258e-01
-6.212513446807861328e-01
-6.985476016998291016e-01
-7.599407434463500977e-01
-8.042455315589904785e-01
-8.309364318847656250e-01
-8.398437500000000000e-01
-8.309364318847656250e-01
-8.042455315589904785e-01
-7.599407434463500977e-01
-6.985476016998291016e-01
-6.212513446807861328e-01
-5.302087068557739258e-01
-4.287904202938079834e-01
-3.216680288314819336e-01
-2.146917879581451416e-01
-1.145350486040115356e-01
-2.812795713543891907e-02
3.806575015187263489e-02
7.883349061012268066e-02
9.094489365816116333e-02
7.371423393487930298e-02
2.929276227951049805e-02
-3.737804293632507324e-02
-1.189736723899841309e-01
-2.065233141183853149e-01
-2.903975248336791992e-01
-3.614218235015869141e-01
-4.119710028171539307e-01
-4.368928670883178711e-01
-4.341271519660949707e-01
-4.049263000488281250e-01
-3.536362349987030029e-01
-2.870574891567230225e-01
-2.134675681591033936e-01
-1.414358168840408325e-01
-7.859367877244949341e-02
-3.053441457450389862e-02
0.000000000000000000e+00
1.352455653250217438e-02
1.374536473304033279e-02
7.025104481726884842e-03
1.449123723432421684e-03
5.618795286864042282e-03
2.734074927866458893e-02
7.239560037851333618e-02
1.435616314411163330e-01
2.400336712598800659e-01
3.573243916034698486e-01
4.876645803451538086e-01
6.208541989326477051e-01
7.454487681388854980e-01
8.501199483871459961e-01
9.250100851058959961e-01
9.628946781158447266e-01
9.600030779838562012e-01
9.163941144943237305e-01
8.358447551727294922e-01
7.252835631370544434e-01
5.938591361045837402e-01
4.517856836318969727e-01
3.091337978839874268e-01
1.747339367866516113e-01
5.534355342388153076e-02
-4.481862485408782959e-02
-1.241317465901374817e-01
-1.832394301891326904e-01
-2.244041115045547485e-01
-2.506729960441589355e-01
-2.650085091590881348e-01
-2.695312500000000000e-01
-2.650085091590881348e-01
-2.506729960441589355e-01
-2.244041115045547485e-01
-1.832394301891326904e-01
-1.241317465901374817e-01
-4.481862485408782959e-02
5.534355342388153076e-02
1.747339367866516113e-01
3.091337978839874268e-01
4.517856836318969727e-01
5.938591361045837402e-01
7.252835631370544434e-01
8.358447551727294922e-01
9.163941144943237305e-01
9.600030779838562012e-01
9.628946781158447266e-01
9.250100851058959961e-01
8.501199483871459961e-01
7.454487681388854980e-01
6.208541989326477051e-01
4.876645803451538086e-01
3.573243916034698486e-01
2.400336712598800659e-01
1.435616314411163330e-01
7.239560037851333618e-02
2.734074927866458893e-02
5.618795286864042282e-03
1.449123723432421684e-03
7.025104481726884842e-03
1.374536473304033279e-02
1.352455653250217438e-02
