1.361036426844082214e-01
2.020094942052547415e-01
2.468038668199228625e-01
2.733748308554022066e-01
2.870584414975389520e-01
2.946842511647239649e-01
3.034185907694333384e-01
3.195877234573544223e-01
3.476641807175697707e-01
3.895726437485212412e-01
4.444208611677424869e-01
5.086941756088888544e-01
5.768795866652850490e-01
6.424180892928231801e-01
6.988326315559835189e-01
7.408513429030391118e-01
7.653459672101802225e-01
7.719336766746599521e-01
7.631423371314266513e-01
7.441069031789668831e-01
7.218375811087623939e-01
7.041675069109309959e-01
6.985386139378777504e-01
7.108112287822270225e-01
7.442815110189150429e-01
7.990612279613895641e-01
8.719209184971812299e-01
9.566282821979732454e-01
1.044739089269483445e+00
1.126729340411039892e+00
1.193305232277901418e+00
1.236699660037266391e+00
1.251764794585437768e+00
1.236699660037266391e+00
1.193305232277902750e+00
1.126729340411039892e+00
1.044739089269483445e+00
9.566282821979732454e-01
8.719209184971812299e-01
7.990612279613895641e-01
7.442815110189150429e-01
7.108112287822271336e-01
6.985386139378777504e-01
7.041675069109309959e-01
7.218375811087621718e-01
7.441069031789667720e-01
7.631423371314266513e-01
7.719336766746599521e-01
7.653459672101803335e-01
7.408513429030393338e-01
6.988326315559835189e-01
6.424180892928232911e-01
5.768795866652850490e-01
5.086941756088890765e-01
4.444208611677428200e-01
3.895726437485211302e-01
3.476641807175698817e-01
3.195877234573545334e-01
3.034185907694333384e-01
2.946842511647240204e-01
2.870584414975390630e-01
2.733748308554022621e-01
2.468038668199230290e-01
2.020094942052546583e-01
1.361036426844084157e-01
4.924566702681931751e-02
-5.521307680391609324e-02
-1.710706302768412734e-01
-2.900589307764167568e-01
-4.029605339490495708e-01
-5.008950522229010938e-01
-5.765854631252078644e-01
-6.254156473509351333e-01
-6.461201955775773831e-01
-6.410012824986017765e-01
-6.156371953429999877e-01
-5.781224300183517295e-01
-5.379487870039473263e-01
-5.046901351581929429e-01
-4.866824449450743439e-01
-4.898909756488457612e-01
-5.171281169694523783e-01
-5.677326486398112104e-01
-6.377520822022665348e-01
-7.205947377556961575e-01
-8.080486104423966198e-01
-8.915103774964239225e-01
-9.632381346163423341e-01
-1.017440027508218048e+00
-1.051037945956708297e+00
-1.063996641933118159e+00
-1.059176122679224230e+00
-1.041738599990606140e+00
-1.018209417724023735e+00
-9.953438374045031622e-01
-9.789803636061674696e-01
-9.730620968315853991e-01
-9.789803636061674696e-01
-9.953438374045031622e-01
-1.018209417724023735e+00
-1.041738599990605918e+00
-1.059176122679224230e+00
-1.063996641933118159e+00
-1.051037945956708297e+00
-1.017440027508218270e+00
-9.632381346163430003e-01
-8.915103774964241445e-01
-8.080486104423973970e-01
-7.205947377556968236e-01
-6.377520822022670899e-01
-5.677326486398116545e-01
-5.171281169694527113e-01
-4.898909756488458722e-01
-4.866824449450742329e-01
-5.046901351581924988e-01
-5.379487870039473263e-01
-5.781224300183515075e-01
-6.156371953429997657e-01
-6.410012824986016655e-01
-6.461201955775773831e-01
-6.254156473509356884e-01
-5.765854631252077533e-01
-5.008950522229018709e-01
-4.029605339490502924e-01
-2.900589307764175895e-01
-1.710706302768432163e-01
-5.521307680391592670e-02
4.924566702681859587e-02
