-4.914594070054930652e-01
-4.809067970009321402e-01
-4.656636760746868386e-01
-4.458178706524469348e-01
-4.215018180137941051e-01
-3.928914322349622013e-01
-3.602045504003145715e-01
-3.236989737082323626e-01
-2.836701220017804892e-01
-2.404483239815435047e-01
-1.943957688714897658e-01
-1.459031485747946388e-01
-9.538602234374524147e-02
-4.328093866739662204e-02
9.958648573287385078e-03
6.386663064309745785e-02
1.179686205286334111e-01
1.717864136744851888e-01
2.248424901800811504e-01
2.766645153471430918e-01
3.267897954716613707e-01
3.747696461928385347e-01
4.201736315405617539e-01
4.625936330546689956e-01
5.016477099717711052e-01
5.369837134730865991e-01
5.682826203404022225e-01
5.952615540543109152e-01
6.176764643634120588e-01
6.353244396264082772e-01
6.480456297495180706e-01
6.557247612754583121e-01
6.582922300915317049e-01
6.557247612754583121e-01
6.480456297495182927e-01
6.353244396264082772e-01
6.176764643634120588e-01
5.952615540543109152e-01
5.682826203404022225e-01
5.369837134730865991e-01
5.016477099717711052e-01
4.625936330546692177e-01
4.201736315405619759e-01
3.747696461928385347e-01
3.267897954716617592e-01
2.766645153471433138e-01
2.248424901800813169e-01
1.717864136744849946e-01
1.179686205286335776e-01
6.386663064309777704e-02
9.958648573287385078e-03
-4.328093866739645551e-02
-9.538602234374524147e-02
-1.459031485747945001e-01
-1.943957688714895160e-01
-2.404483239815435602e-01
-2.836701220017804337e-01
-3.236989737082320850e-01
-3.602045504003145715e-01
-3.928914322349620902e-01
-4.215018180137939385e-01
-4.458178706524469348e-01
-4.656636760746867831e-01
-4.809067970009321402e-01
-4.914594070054930652e-01
-4.972789942615510328e-01
-4.983686285386888515e-01
-4.947767892247306731e-01
-4.865967563712241817e-01
-4.739655709693922914e-01
-4.570625748102777330e-01
-4.361075443291637654e-01
-4.113584367412266851e-01
-3.831087705051216541e-01
-3.516846656679449290e-01
-3.174415729148641341e-01
-2.807607231382025503e-01
-2.420453320251214901e-01
-2.017165965144018247e-01
-1.602095219685776284e-01
-1.179686205286335776e-01
-7.544352234900530974e-02
-3.308454223896732660e-02
8.661755345375003051e-03
4.935695001028608114e-02
8.857507529681998837e-02
1.259068029988725801e-01
1.609634614319956081e-01
1.933808487712356527e-01
2.228228045643096122e-01
2.489845048701900543e-01
2.715954491500435219e-01
2.904221100216060059e-01
3.052702202507692752e-01
3.159866748638576750e-01
3.224610299870248609e-01
3.246265839194544256e-01
3.224610299870248609e-01
3.159866748638576750e-01
3.052702202507692752e-01
2.904221100216062279e-01
2.715954491500435219e-01
2.489845048701901931e-01
2.228228045643097510e-01
1.933808487712357915e-01
1.609634614319959411e-01
1.259068029988727189e-01
8.857507529682032144e-02
4.935695001028640727e-02
8.661755345375301424e-03
-3.308454223896701435e-02
-7.544352234900503218e-02
-1.179686205286333001e-01
-1.602095219685773786e-01
-2.017165965144011031e-01
-2.420453320251214901e-01
-2.807607231382023283e-01
-3.174415729148638565e-01
-3.516846656679447070e-01
-3.831087705051210990e-01
-4.113584367412262965e-01
-4.361075443291638210e-01
-4.570625748102776220e-01
-4.739655709693922359e-01
-4.865967563712240707e-01
-4.947767892247306176e-01
-4.983686285386889070e-01
-4.972789942615510328e-01
