3.457266524363890594e+37
5.448607696937134153e+37
7.265095737498016934e+37
8.870712636012134211e+37
1.023606157506019334e+38
1.133880401576497247e+38
1.216385998658615658e+38
1.270340149153721631e+38
1.295663244604120833e+38
1.292939215582302395e+38
1.263359045180192745e+38
1.208651098932167057e+38
1.131003037538075203e+38
1.032975008150138114e+38
9.174107060068357723e+37
7.873472698282429884e+37
6.459311605221982550e+37
4.963345469507126934e+37
3.416845456734653135e+37
1.849985454141793698e+37
2.913220803300099922e+36
-1.232621104131882647e+37
-2.697647691646967869e+37
-4.082072743987501489e+37
-5.366810767246567331e+37
-6.535378754199517775e+37
-7.573794011665595358e+37
-8.470462607255112695e+37
-9.216003419466140796e+37
-9.803076751323358214e+37
-1.022618505570369516e+38
-1.048153146552934805e+38
-1.056689201458727647e+38
-1.048153146552934805e+38
-1.022618505570369516e+38
-9.803076751323358214e+37
-9.216003419466140796e+37
-8.470462607255112695e+37
-7.573794011665595358e+37
-6.535378754199517775e+37
-5.366810767246567331e+37
-4.082072743987501489e+37
-2.697647691646967869e+37
-1.232621104131882647e+37
2.913220803300099922e+36
1.849985454141793698e+37
3.416845456734653135e+37
4.963345469507126934e+37
6.459311605221982550e+37
7.873472698282429884e+37
9.174107060068357723e+37
1.032975008150138114e+38
1.131003037538075203e+38
1.208651098932167057e+38
1.263359045180192745e+38
1.292939215582302395e+38
1.295663244604120833e+38
1.270340149153721631e+38
1.216385998658615658e+38
1.133880401576497247e+38
1.023606157506019334e+38
8.870712636012134211e+37
7.265095737498016934e+37
5.448607696937134153e+37
3.457266524363890594e+37
1.333064540326506609e+37
-8.769003450693182362e+36
-3.121488191013996643e+37
-5.346748421787115281e+37
-7.497295354423742444e+37
-9.517782349597433453e+37
-1.135444276768986809e+38
-1.295663244604120833e+38
-1.427835087967037217e+38
-1.527966808879065058e+38
-1.592801965066290060e+38
-1.619934454277431028e+38
-1.607897554061999889e+38
-1.556230143837657624e+38
-1.465514430172077053e+38
-1.337384465394976374e+38
-1.174501808706594776e+38
-9.805041102693471879e+37
-7.599209899139931266e+37
-5.180636501253688283e+37
-2.608888064269587474e+37
5.157170260402503392e+35
2.733115034260633453e+37
5.366808739005606966e+37
7.884336463926385810e+37
1.021987215571455858e+38
1.231197126859634273e+38
1.410531353037777831e+38
1.555230221044197597e+38
1.661437943401191368e+38
inf
inf
inf
1.661437943401191368e+38
1.555230221044197597e+38
1.410531353037777831e+38
1.231197126859634273e+38
1.021987215571455858e+38
7.884336463926385810e+37
5.366808739005606966e+37
2.733115034260633453e+37
5.157170260402503392e+35
-2.608888064269587474e+37
-5.180636501253688283e+37
-7.599209899139931266e+37
-9.805041102693471879e+37
-1.174501808706594776e+38
-1.337384465394976374e+38
-1.465514430172077053e+38
-1.556230143837657624e+38
-1.607897554061999889e+38
-1.619934454277431028e+38
-1.592801965066290060e+38
-1.527966808879065058e+38
-1.427835087967037217e+38
-1.295663244604120833e+38
-1.135444276768986809e+38
-9.517782349597433453e+37
-7.497295354423742444e+37
-5.346748421787115281e+37
-3.121488191013996643e+37
-8.769003450693182362e+36
1.333064540326506609e+37
