3.860619576547113033e-03
3.221488660866544864e-03
3.999243957557356739e-03
-2.707892116045525368e-05
-1.340669762287058550e-05
1.457970470715429474e-07
4.472062750402146687e-08
-6.738075751937850755e-10
-1.484152867277780040e-10
2.878150081042983568e-12
4.899498739371030799e-13
-1.171093656701997377e-14
-1.608481363895183350e-15
4.609173403634526383e-17
5.249612796780418220e-18
-1.770305810180910845e-19
-1.702550665212172994e-20
6.672427776324128110e-22
5.484008638567297110e-23
-2.477117861350313134e-24
-1.753154190542388815e-25
9.081742379810340243e-27
5.557491825168727092e-28
-3.294373962211822830e-29
-1.744902333493505104e-30
1.184049907585498100e-31
5.417912865677208832e-33
-4.221105782974992849e-34
-1.660209225148950325e-35
1.493830543130213816e-36
5.006257175787620817e-38
-5.251411729040477399e-39
