-4.003772735595703125e-01
-3.528393507003784180e-01
-4.699897468090057373e-01
-7.696543335914611816e-01
-5.038731694221496582e-01
2.841132283210754395e-01
5.302714109420776367e-01
-8.246399462223052979e-02
-4.241573214530944824e-01
2.279957681894302368e-01
8.239364027976989746e-01
2.005396634340286255e-01
-8.523180484771728516e-01
-7.272416353225708008e-01
3.630160689353942871e-01
6.466373205184936523e-01
-4.189905822277069092e-01
-1.436944246292114258e+00
-1.422286033630371094e+00
-1.041809678077697754e+00
-8.970974087715148926e-01
-4.422376155853271484e-01
3.538206517696380615e-01
1.383978277444839478e-01
-1.480743646621704102e+00
-2.456043720245361328e+00
-1.237652659416198730e+00
3.640305995941162109e-01
3.324477747082710266e-02
-4.532900452613830566e-01
2.802922010421752930e+00
9.113484382629394531e+00
1.245400905609130859e+01
9.113484382629394531e+00
2.802922010421752930e+00
-4.532900452613830566e-01
3.324477747082710266e-02
3.640305995941162109e-01
-1.237652659416198730e+00
-2.456043720245361328e+00
-1.480743646621704102e+00
1.383978277444839478e-01
3.538206517696380615e-01
-4.422376155853271484e-01
-8.970974087715148926e-01
-1.041809678077697754e+00
-1.422286033630371094e+00
-1.436944246292114258e+00
-4.189905822277069092e-01
6.466373205184936523e-01
3.630160689353942871e-01
-7.272416353225708008e-01
-8.523180484771728516e-01
2.005396634340286255e-01
8.239364027976989746e-01
2.279957681894302368e-01
-4.241573214530944824e-01
-8.246399462223052979e-02
5.302714109420776367e-01
2.841132283210754395e-01
-5.038731694221496582e-01
-7.696543335914611816e-01
-4.699897468090057373e-01
-3.528393507003784180e-01
-4.003772735595703125e-01
1.162961721420288086e-01
1.056068181991577148e+00
1.224774122238159180e+00
1.683453619480133057e-01
-9.588336348533630371e-01
-9.726465940475463867e-01
-2.539035379886627197e-01
4.465405642986297607e-02
-2.460405379533767700e-01
-3.248074948787689209e-01
1.151740178465843201e-01
4.471293389797210693e-01
1.960378885269165039e-01
-2.736771106719970703e-01
-4.215610325336456299e-01
-2.707621157169342041e-01
-1.592720746994018555e-01
-1.829421818256378174e-01
-2.065415382385253906e-01
-1.560115218162536621e-01
-6.750375032424926758e-02
-4.229308664798736572e-02
-2.549541890621185303e-01
-7.579948902130126953e-01
-1.223623871803283691e+00
-1.205526232719421387e+00
-7.411385774612426758e-01
-3.379024267196655273e-01
-2.615443468093872070e-01
-2.471181303262710571e-01
-7.004973292350769043e-02
5.751223117113113403e-02
-7.004973292350769043e-02
-2.471181303262710571e-01
-2.615443468093872070e-01
-3.379024267196655273e-01
-7.411385774612426758e-01
-1.205526232719421387e+00
-1.223623871803283691e+00
-7.579948902130126953e-01
-2.549541890621185303e-01
-4.229308664798736572e-02
-6.750375032424926758e-02
-1.560115218162536621e-01
-2.065415382385253906e-01
-1.829421818256378174e-01
-1.592720746994018555e-01
-2.707621157169342041e-01
-4.215610325336456299e-01
-2.736771106719970703e-01
1.960378885269165039e-01
4.471293389797210693e-01
1.151740178465843201e-01
-3.248074948787689209e-01
-2.460405379533767700e-01
4.465405642986297607e-02
-2.539035379886627197e-01
-9.726465940475463867e-01
-9.588336348533630371e-01
1.683453619480133057e-01
1.224774122238159180e+00
1.056068181991577148e+00
1.162961721420288086e-01
