-1.327054023742675781e+00
-2.770890712738037109e+00
-7.726539373397827148e-01
2.106725573539733887e-01
2.637737989425659180e-01
1.940601229667663574e+00
2.869882106781005859e+00
-6.330490112304687500e-01
-5.249994754791259766e+00
-4.840458869934082031e+00
-8.718472719192504883e-01
1.258383542299270630e-01
-2.145220994949340820e+00
-2.115236997604370117e+00
8.535350561141967773e-01
1.402658343315124512e+00
-1.601250171661376953e+00
-2.744746208190917969e+00
3.169287443161010742e-01
2.997926473617553711e+00
2.032402276992797852e+00
3.955673575401306152e-01
9.024311304092407227e-01
1.293000698089599609e+00
-5.718836188316345215e-01
-2.092509269714355469e+00
-8.247563838958740234e-01
4.763445258140563965e-01
-1.291867256164550781e+00
-2.828686714172363281e+00
1.674483299255371094e+00
1.078090286254882812e+01
1.558598136901855469e+01
1.078090286254882812e+01
1.674483299255371094e+00
-2.828686714172363281e+00
-1.291867256164550781e+00
4.763445258140563965e-01
-8.247563838958740234e-01
-2.092509269714355469e+00
-5.718836188316345215e-01
1.293000698089599609e+00
9.024311304092407227e-01
3.955673575401306152e-01
2.032402276992797852e+00
2.997926473617553711e+00
3.169287443161010742e-01
-2.744746208190917969e+00
-1.601250171661376953e+00
1.402658343315124512e+00
8.535350561141967773e-01
-2.115236997604370117e+00
-2.145220994949340820e+00
1.258383542299270630e-01
-8.718472719192504883e-01
-4.840458869934082031e+00
-5.249994754791259766e+00
-6.330490112304687500e-01
2.869882106781005859e+00
1.940601229667663574e+00
2.637737989425659180e-01
2.106725573539733887e-01
-7.726539373397827148e-01
-2.770890712738037109e+00
-1.327054023742675781e+00
3.692881107330322266e+00
5.717325210571289062e+00
2.022646188735961914e+00
-1.493884086608886719e+00
-4.266822040081024170e-01
1.355895042419433594e+00
-8.144098520278930664e-02
-1.690337657928466797e+00
-2.692604362964630127e-01
9.214128255844116211e-01
-1.430464267730712891e+00
-3.977117061614990234e+00
-2.627746820449829102e+00
2.932465672492980957e-01
7.097439765930175781e-01
-2.850268483161926270e-01
3.072935640811920166e-01
1.635403633117675781e+00
1.495419979095458984e+00
5.252608060836791992e-01
-1.823551654815673828e-01
-1.405543327331542969e+00
-2.495090723037719727e+00
-8.190406560897827148e-01
2.525270938873291016e+00
2.405496597290039062e+00
-1.777495741844177246e+00
-3.937833309173583984e+00
-1.338200211524963379e+00
6.476165056228637695e-01
-1.722466111183166504e+00
-3.885563373565673828e+00
-1.722466111183166504e+00
6.476165056228637695e-01
-1.338200211524963379e+00
-3.937833309173583984e+00
-1.777495741844177246e+00
2.405496597290039062e+00
2.525270938873291016e+00
-8.190406560897827148e-01
-2.495090723037719727e+00
-1.405543327331542969e+00
-1.823551654815673828e-01
5.252608060836791992e-01
1.495419979095458984e+00
1.635403633117675781e+00
3.072935640811920166e-01
-2.850268483161926270e-01
7.097439765930175781e-01
2.932465672492980957e-01
-2.627746820449829102e+00
-3.977117061614990234e+00
-1.430464267730712891e+00
9.214128255844116211e-01
-2.692604362964630127e-01
-1.690337657928466797e+00
-8.144098520278930664e-02
1.355895042419433594e+00
-4.266822040081024170e-01
-1.493884086608886719e+00
2.022646188735961914e+00
5.717325210571289062e+00
3.692881107330322266e+00
