0.000000000000000000e+00
-4.034838581774924382e-02
-8.077066113226699651e-02
-1.211675910927433875e-01
-1.614387857207167376e-01
-2.014829713263743272e-01
-2.411982754815787389e-01
-2.804825244682824237e-01
-3.192335519846854486e-01
-3.573495177629408270e-01
-3.947292346327147539e-01
-4.312725024556465780e-01
-4.668804472578949594e-01
-5.014558638024591009e-01
-5.349035597707894052e-01
-5.671306996651084287e-01
-5.980471464995291697e-01
-6.275657993199861284e-01
-6.556029245806269667e-01
-6.820784794078178503e-01
-7.069164248024786268e-01
-7.300450268669613774e-01
-7.513971441939810703e-01
-7.709104996218298922e-01
-7.885279346417688462e-01
-8.041976448395196098e-01
-8.178733948623422290e-01
-8.295147115254781767e-01
-8.390870538057393357e-01
-8.465619586145787245e-01
-8.519171613969729329e-01
-8.551366907645252535e-01
-8.562109365399874772e-01
-8.551366907645252535e-01
-8.519171613969729329e-01
-8.465619586145787245e-01
-8.390870538057393357e-01
-8.295147115254781767e-01
-8.178733948623422290e-01
-8.041976448395196098e-01
-7.885279346417688462e-01
-7.709104996218305583e-01
-7.513971441939815143e-01
-7.300450268669613774e-01
-7.069164248024788488e-01
-6.820784794078180724e-01
-6.556029245806269667e-01
-6.275657993199856843e-01
-5.980471464995291697e-01
-5.671306996651086507e-01
-5.349035597707894052e-01
-5.014558638024593229e-01
-4.668804472578949594e-01
-4.312725024556464670e-01
-3.947292346327146428e-01
-3.573495177629409381e-01
-3.192335519846856706e-01
-2.804825244682826457e-01
-2.411982754815787389e-01
-2.014829713263746602e-01
-1.614387857207171817e-01
-1.211675910927432764e-01
-8.077066113226727406e-02
-4.034838581774929933e-02
0.000000000000000000e+00
4.017667351877562965e-02
8.008546561967860855e-02
1.196320865759453178e-01
1.587243353496504694e-01
1.972722921440349386e-01
2.351884940323366868e-01
2.723880936348271886e-01
3.087890009628611043e-01
3.443120086907129895e-01
3.788809012515287344e-01
4.124225482815960242e-01
4.448669830561621241e-01
4.761474666691429269e-01
5.062005388073129719e-01
5.349660560560701716e-01
5.623872187479193041e-01
5.884105874258040991e-01
6.129860900408833357e-01
6.360670210379142375e-01
6.576100335009913422e-01
6.775751255377915339e-01
6.959256220719470809e-01
7.126281531908376099e-01
7.276526301603729596e-01
7.409722201697552801e-01
7.525633208083635228e-01
7.624055352045968625e-01
7.704816486735854841e-01
7.767776076281567299e-01
7.812825014063409235e-01
7.839885475602792475e-01
7.848910810367677460e-01
7.839885475602792475e-01
7.812825014063409235e-01
7.767776076281567299e-01
7.704816486735857062e-01
7.624055352045968625e-01
7.525633208083635228e-01
7.409722201697555022e-01
7.276526301603729596e-01
7.126281531908376099e-01
6.959256220719471919e-01
6.775751255377915339e-01
6.576100335009913422e-01
6.360670210379142375e-01
6.129860900408832247e-01
5.884105874258043212e-01
5.623872187479193041e-01
5.349660560560705047e-01
5.062005388073134160e-01
4.761474666691429269e-01
4.448669830561623462e-01
4.124225482815964128e-01
3.788809012515290675e-01
3.443120086907136557e-01
3.087890009628617705e-01
2.723880936348271331e-01
2.351884940323368811e-01
1.972722921440351884e-01
1.587243353496504694e-01
1.196320865759458174e-01
8.008546561967860855e-02
4.017667351877579618e-02
