3.434084935591429077e-02
-4.045847428072804064e-01
3.139130870414196806e-01
-4.601897513129082351e-01
4.814556502569209973e-01
-5.948735928245021398e-01
6.747176521478409628e-01
-7.990399838575680258e-01
9.256749943237831957e-01
-1.084411705731779030e+00
1.263183014834212692e+00
-1.475669786292675978e+00
1.721379308550132103e+00
-2.009494160474107893e+00
2.344946568957071875e+00
-2.736922125452514898e+00
3.194108194586262162e+00
-3.727848851605924718e+00
4.350669082742085081e+00
-5.077610141603252636e+00
5.925975305094950407e+00
-6.916107779681166967e+00
8.071661510001314710e+00
-9.420294909530408489e+00
1.099425660468645738e+01
-1.283120177873337475e+01
1.497506622456629621e+01
-1.747713308444405556e+01
2.039725016843213012e+01
-2.380526705942763144e+01
2.778270261374327177e+01
-3.242469683304723560e+01
