6.726151108741760254e-01
-5.122010707855224609e-01
-9.856897592544555664e-01
1.118656992912292480e-01
9.936919808387756348e-01
4.795075654983520508e-01
-1.610295772552490234e-01
6.943888217210769653e-02
1.721010208129882812e-01
-4.661307930946350098e-01
-7.053698301315307617e-01
-1.954614184796810150e-02
4.006993770599365234e-01
8.269824087619781494e-02
1.376837491989135742e-01
7.119185924530029297e-01
4.125654101371765137e-01
-8.352261185646057129e-01
-1.350548982620239258e+00
-8.716871142387390137e-01
-9.714117646217346191e-01
-1.707769393920898438e+00
-1.393751263618469238e+00
-1.878163069486618042e-01
4.229417443275451660e-02
-2.246446013450622559e-01
1.112958788871765137e+00
2.691347599029541016e+00
1.097332119941711426e+00
-1.656952261924743652e+00
9.978665113449096680e-01
9.254527091979980469e+00
1.401067352294921875e+01
9.254527091979980469e+00
9.978665113449096680e-01
-1.656952261924743652e+00
1.097332119941711426e+00
2.691347599029541016e+00
1.112958788871765137e+00
-2.246446013450622559e-01
4.229417443275451660e-02
-1.878163069486618042e-01
-1.393751263618469238e+00
-1.707769393920898438e+00
-9.714117646217346191e-01
-8.716871142387390137e-01
-1.350548982620239258e+00
-8.352261185646057129e-01
4.125654101371765137e-01
7.119185924530029297e-01
1.376837491989135742e-01
8.269824087619781494e-02
4.006993770599365234e-01
-1.954614184796810150e-02
-7.053698301315307617e-01
-4.661307930946350098e-01
1.721010208129882812e-01
6.943888217210769653e-02
-1.610295772552490234e-01
4.795075654983520508e-01
9.936919808387756348e-01
1.118656992912292480e-01
-9.856897592544555664e-01
-5.122010707855224609e-01
6.726151108741760254e-01
5.361193418502807617e-01
-6.124340891838073730e-01
-9.652153849601745605e-01
-4.842849969863891602e-01
-4.783471822738647461e-01
-8.544901609420776367e-01
-5.403179526329040527e-01
1.468211114406585693e-01
1.061472743749618530e-01
-3.230362236499786377e-01
-9.061505645513534546e-02
4.131289720535278320e-01
1.438803821802139282e-01
-5.269491672515869141e-01
-6.360697150230407715e-01
-5.659327507019042969e-01
-1.091731309890747070e+00
-1.526216149330139160e+00
-9.218168258666992188e-01
-1.055939793586730957e-01
-3.853907585144042969e-01
-1.170450210571289062e+00
-9.904459118843078613e-01
-4.385185241699218750e-02
3.127042949199676514e-01
-1.042549014091491699e-01
-3.922554254531860352e-01
-3.633705377578735352e-01
-5.411158204078674316e-01
-8.888995647430419922e-01
-9.848734140396118164e-01
-9.350496530532836914e-01
-9.848734140396118164e-01
-8.888995647430419922e-01
-5.411158204078674316e-01
-3.633705377578735352e-01
-3.922554254531860352e-01
-1.042549014091491699e-01
3.127042949199676514e-01
-4.385185241699218750e-02
-9.904459118843078613e-01
-1.170450210571289062e+00
-3.853907585144042969e-01
-1.055939793586730957e-01
-9.218168258666992188e-01
-1.526216149330139160e+00
-1.091731309890747070e+00
-5.659327507019042969e-01
-6.360697150230407715e-01
-5.269491672515869141e-01
1.438803821802139282e-01
4.131289720535278320e-01
-9.061505645513534546e-02
-3.230362236499786377e-01
1.061472743749618530e-01
1.468211114406585693e-01
-5.403179526329040527e-01
-8.544901609420776367e-01
-4.783471822738647461e-01
-4.842849969863891602e-01
-9.652153849601745605e-01
-6.124340891838073730e-01
5.361193418502807617e-01
