-2.352604984415673228e-01
2.055770815080168457e-01
-7.940411180121279555e-01
-9.186419979632538813e-02
-3.899860117998962261e-01
-1.345655198236034578e-01
-2.126284505427480376e-01
-1.125546495441073214e-01
-1.251691138288890670e-01
-8.172296314562325914e-02
-7.733035010997617309e-02
-5.614160305101643933e-02
-4.910802885917561061e-02
-3.762095082460080453e-02
-3.164985056684294085e-02
-2.491352728724417417e-02
-2.055542935068479377e-02
-1.640312518136752273e-02
-1.340251333049045056e-02
-1.076891419523698899e-02
-8.756078103127252002e-03
-7.059852509744266903e-03
-5.726227759088738448e-03
-4.624962826599712112e-03
-3.746681908633377710e-03
-3.028760423096843717e-03
-2.452083298185985319e-03
-1.983094288284712858e-03
-1.605014544615377846e-03
-1.298322375097026547e-03
-1.050631765791155319e-03
-8.499668930777850781e-04
-6.877586224337283761e-04
-5.564313402259700361e-04
-4.502239256006547994e-04
-3.642639462960187363e-04
-2.947301850225168851e-04
-2.384615152295968944e-04
-1.929400694071143935e-04
-1.561058426253524923e-04
-1.263051710836847127e-04
-1.021925856545647206e-04
-8.268377147987143576e-05
-6.689895006942696157e-05
-5.412770933172905420e-05
-4.379444808340694805e-05
-3.543391433108125681e-05
-2.866940855539223143e-05
-2.319629748523018483e-05
-1.876801620440415885e-05
-1.518512030804050180e-05
-1.228621146112601157e-05
-9.940719481821058055e-06
-8.042991167649588452e-06
-6.507548404999914548e-06
-5.265228127826681360e-06
-4.260072590349977048e-06
-3.446805609767117180e-06
-2.788795014770433855e-06
-2.256401543905789817e-06
-1.825644395873537603e-06
-1.477120701384678355e-06
-1.195131749021686241e-06
-9.669757454019516673e-07
