9.070219430535306215e-02
1.846531547121128547e-01
-2.779389655543709411e-02
-1.393718532950382893e-01
-3.401462199094849870e-02
8.412810158441785813e-02
5.593969554720842202e-02
-3.721780870540251918e-02
-5.325374550327242884e-02
5.544825756073590642e-03
3.924812747672126734e-02
1.116967928247937676e-02
-2.308164211346205516e-02
-1.662861292420001608e-02
9.720535342256463388e-03
1.531578594347350261e-02
-9.092100212907809099e-04
-1.102517503521592036e-02
-3.589669154927801684e-03
6.310703781024464692e-03
4.919902450244136548e-03
-2.514588949330685136e-03
-4.393023900575352379e-03
7.009227236883750498e-05
3.089297407155325911e-03
1.134577162492528875e-03
-1.718967515733225504e-03
-1.449429111024482051e-03
6.430761868358534500e-04
1.256767892788175850e-03
3.314059398603056599e-05
-8.634174271458693517e-04
