0.000000000000000000e+00
-5.029142275452613831e-02
-1.029816940426826477e-01
-1.580417901277542114e-01
-2.154207676649093628e-01
-2.750433683395385742e-01
-3.368079662322998047e-01
-4.005847871303558350e-01
-4.662137925624847412e-01
-5.335036516189575195e-01
-6.022305488586425781e-01
-6.721374988555908203e-01
-7.429345846176147461e-01
-8.142992854118347168e-01
-8.858776092529296875e-01
-9.572862982749938965e-01
-1.000000000000000000e+00
-1.000000000000000000e+00
-1.000000000000000000e+00
-1.000000000000000000e+00
-1.000000000000000000e+00
-1.000000000000000000e+00
-1.000000000000000000e+00
-1.000000000000000000e+00
-1.000000000000000000e+00
-1.000000000000000000e+00
-1.000000000000000000e+00
-1.000000000000000000e+00
-1.000000000000000000e+00
-1.000000000000000000e+00
-1.000000000000000000e+00
-1.000000000000000000e+00
-1.000000000000000000e+00
-1.000000000000000000e+00
-1.000000000000000000e+00
-1.000000000000000000e+00
-1.000000000000000000e+00
-1.000000000000000000e+00
-1.000000000000000000e+00
-1.000000000000000000e+00
-1.000000000000000000e+00
-1.000000000000000000e+00
-1.000000000000000000e+00
-1.000000000000000000e+00
-1.000000000000000000e+00
-1.000000000000000000e+00
-1.000000000000000000e+00
-1.000000000000000000e+00
-1.000000000000000000e+00
-9.572862982749938965e-01
-8.858776092529296875e-01
-8.142992854118347168e-01
-7.429345846176147461e-01
-6.721374988555908203e-01
-6.022305488586425781e-01
-5.335036516189575195e-01
-4.662137925624847412e-01
-4.005847871303558350e-01
-3.368079662322998047e-01
-2.750433683395385742e-01
-2.154207676649093628e-01
-1.580417901277542114e-01
-1.029816940426826477e-01
-5.029142275452613831e-02
-2.220446049250313081e-16
5.029142275452613831e-02
1.029816940426826477e-01
1.580417901277542114e-01
2.154207676649093628e-01
2.750433683395385742e-01
3.368079662322998047e-01
4.005847871303558350e-01
4.662137925624847412e-01
5.335036516189575195e-01
6.022305488586425781e-01
6.721374988555908203e-01
7.429345846176147461e-01
8.142992854118347168e-01
8.858776092529296875e-01
9.572862982749938965e-01
1.000000000000000000e+00
1.000000000000000000e+00
1.000000000000000000e+00
1.000000000000000000e+00
1.000000000000000000e+00
1.000000000000000000e+00
1.000000000000000000e+00
1.000000000000000000e+00
1.000000000000000000e+00
1.000000000000000000e+00
1.000000000000000000e+00
1.000000000000000000e+00
1.000000000000000000e+00
1.000000000000000000e+00
1.000000000000000000e+00
1.000000000000000000e+00
1.000000000000000000e+00
1.000000000000000000e+00
1.000000000000000000e+00
1.000000000000000000e+00
1.000000000000000000e+00
1.000000000000000000e+00
1.000000000000000000e+00
1.000000000000000000e+00
1.000000000000000000e+00
1.000000000000000000e+00
1.000000000000000000e+00
1.000000000000000000e+00
1.000000000000000000e+00
1.000000000000000000e+00
1.000000000000000000e+00
1.000000000000000000e+00
1.000000000000000000e+00
9.572862982749938965e-01
8.858776092529296875e-01
8.142992854118347168e-01
7.429345846176147461e-01
6.721374988555908203e-01
6.022305488586425781e-01
5.335036516189575195e-01
4.662137925624847412e-01
4.005847871303558350e-01
3.368079662322998047e-01
2.750433683395385742e-01
2.154207676649093628e-01
1.580417901277542114e-01
1.029816940426826477e-01
5.029142275452613831e-02
