-1.210192353299245627e-01
2.501427439521969887e-01
5.827663534033660220e-01
8.490802444382159475e-01
1.028366961111810030e+00
1.109027637720596093e+00
1.089611017256284287e+00
9.787155427420153320e-01
7.938026652306304776e-01
5.590810234376083487e-01
3.027211252826639276e-01
5.372786243281507668e-02
-1.611730758971774702e-01
-3.202910793255925870e-01
-4.090755205108116410e-01
-4.213583281641719025e-01
-3.596258978353054081e-01
-2.343239164392603990e-01
-6.230665123641969394e-02
1.353656303643163694e-01
3.360109404609336603e-01
5.179870749166021193e-01
6.631265748146903949e-01
7.586759721599191097e-01
7.985338266493507975e-01
7.836669944844047997e-01
7.216808417008601095e-01
6.256158474478904497e-01
5.121295886514647400e-01
3.992901575150963334e-01
3.042476341803352358e-01
2.410602944454643681e-01
2.189310928155163982e-01
2.410602944454643681e-01
3.042476341803332929e-01
3.992901575150963334e-01
5.121295886514647400e-01
6.256158474478904497e-01
7.216808417008601095e-01
7.836669944844047997e-01
7.985338266493507975e-01
7.586759721599196649e-01
6.631265748146908390e-01
5.179870749166021193e-01
3.360109404609353811e-01
1.353656303643172298e-01
-6.230665123641901393e-02
-2.343239164392609819e-01
-3.596258978353051305e-01
-4.213583281641717360e-01
-4.090755205108116410e-01
-3.202910793255928645e-01
-1.611730758971774702e-01
5.372786243281459789e-02
3.027211252826627064e-01
5.590810234376087928e-01
7.938026652306299225e-01
9.787155427420144438e-01
1.089611017256284509e+00
1.109027637720596093e+00
1.028366961111811140e+00
8.490802444382161696e-01
5.827663534033673542e-01
2.501427439521965446e-01
-1.210192353299236190e-01
-4.987812433215890739e-01
-8.504331815982834053e-01
-1.146016870568768331e+00
-1.361575401009011310e+00
-1.481749550045361019e+00
-1.501412153176124198e+00
-1.426138980994924532e+00
-1.271448483620767345e+00
-1.060887262586699187e+00
-8.231761527969903014e-01
-5.887465654928571990e-01
-3.860739209387575865e-01
-2.382445174807749644e-01
-1.601695791061662211e-01
-1.567873170012764883e-01
-2.224786457523441896e-01
-3.417780562275771206e-01
-4.913051937564596461e-01
-6.426937855464442961e-01
-7.661709975724140254e-01
-8.343575228158865986e-01
-8.258273468388485083e-01
-7.279906435934032638e-01
-5.389412327354824450e-01
-2.680324678323438015e-01
6.490226638394336334e-02
4.316045030744952715e-01
7.984859051931458840e-01
1.130400933365652616e+00
1.394649965997963204e+00
1.564735644939638348e+00
1.623422913972162762e+00
1.564735644939638348e+00
1.394649965997963204e+00
1.130400933365652616e+00
7.984859051931499918e-01
4.316045030744952715e-01
6.490226638394551439e-02
-2.680324678323421361e-01
-5.389412327354813348e-01
-7.279906435934019315e-01
-8.258273468388481753e-01
-8.343575228158869317e-01
-7.661709975724150246e-01
-6.426937855464452953e-01
-4.913051937564607563e-01
-3.417780562275779532e-01
-2.224786457523449112e-01
-1.567873170012766826e-01
-1.601695791061654717e-01
-2.382445174807749644e-01
-3.860739209387566429e-01
-5.887465654928555336e-01
-8.231761527969886361e-01
-1.060887262586695412e+00
-1.271448483620764236e+00
-1.426138980994924754e+00
-1.501412153176123976e+00
-1.481749550045361685e+00
-1.361575401009012642e+00
-1.146016870568772772e+00
-8.504331815982829612e-01
-4.987812433215918495e-01
