3.573148998903263873e-10
-1.656006574630737305e+00
-3.212755680084228516e+00
-4.576939582824707031e+00
-5.666791915893554688e+00
-6.416989803314208984e+00
-6.782567024230957031e+00
-6.741613388061523438e+00
-6.296583652496337891e+00
-5.474151611328125000e+00
-4.323612213134765625e+00
-2.913926362991333008e+00
-1.329587817192077637e+00
3.344411551952362061e-01
1.978422641754150391e+00
3.503823280334472656e+00
4.819210052490234375e+00
5.845746040344238281e+00
6.521902084350585938e+00
6.807151794433593750e+00
6.684397220611572266e+00
6.160998821258544922e+00
5.268324375152587891e+00
4.059882640838623047e+00
2.608106374740600586e+00
1.000002861022949219e+00
-6.680380702018737793e-01
-2.296034097671508789e+00
-3.786407947540283203e+00
-5.049843788146972656e+00
-6.010598659515380859e+00
-6.611097335815429688e+00
-6.815344333648681641e+00
-6.611097335815429688e+00
-6.010598659515380859e+00
-5.049843788146972656e+00
-3.786407947540283203e+00
-2.296034097671508789e+00
-6.680380702018737793e-01
1.000002861022949219e+00
2.608106374740600586e+00
4.059882640838623047e+00
5.268324375152587891e+00
6.160998821258544922e+00
6.684397220611572266e+00
6.807151794433593750e+00
6.521902084350585938e+00
5.845746040344238281e+00
4.819210052490234375e+00
3.503823280334472656e+00
1.978422641754150391e+00
3.344411551952362061e-01
-1.329587817192077637e+00
-2.913926362991333008e+00
-4.323612213134765625e+00
-5.474151611328125000e+00
-6.296583652496337891e+00
-6.741613388061523438e+00
-6.782567024230957031e+00
-6.416989803314208984e+00
-5.666791915893554688e+00
-4.576939582824707031e+00
-3.212755680084228516e+00
-1.656006574630737305e+00
3.573107365539840430e-10
1.656006574630737305e+00
3.212755680084228516e+00
4.576939582824707031e+00
5.666791915893554688e+00
6.416989803314208984e+00
6.782567024230957031e+00
6.741613388061523438e+00
6.296583652496337891e+00
5.474151611328125000e+00
4.323612213134765625e+00
2.913926362991333008e+00
1.329587817192077637e+00
-3.344411551952362061e-01
-1.978422641754150391e+00
-3.503823280334472656e+00
-4.819210052490234375e+00
-5.845746040344238281e+00
-6.521902084350585938e+00
-6.807151794433593750e+00
-6.684397220611572266e+00
-6.160998821258544922e+00
-5.268324375152587891e+00
-4.059882640838623047e+00
-2.608106374740600586e+00
-1.000002861022949219e+00
6.680380702018737793e-01
2.296034097671508789e+00
3.786407947540283203e+00
5.049843788146972656e+00
6.010598659515380859e+00
6.611097335815429688e+00
6.815344333648681641e+00
6.611097335815429688e+00
6.010598659515380859e+00
5.049843788146972656e+00
3.786407947540283203e+00
2.296034097671508789e+00
6.680380702018737793e-01
-1.000002861022949219e+00
-2.608106374740600586e+00
-4.059882640838623047e+00
-5.268324375152587891e+00
-6.160998821258544922e+00
-6.684397220611572266e+00
-6.807151794433593750e+00
-6.521902084350585938e+00
-5.845746040344238281e+00
-4.819210052490234375e+00
-3.503823280334472656e+00
-1.978422641754150391e+00
-3.344411551952362061e-01
1.329587817192077637e+00
2.913926362991333008e+00
4.323612213134765625e+00
5.474151611328125000e+00
6.296583652496337891e+00
6.741613388061523438e+00
6.782567024230957031e+00
6.416989803314208984e+00
5.666791915893554688e+00
4.576939582824707031e+00
3.212755680084228516e+00
1.656006574630737305e+00
