4.297250862081832823e-01
5.890613503715489419e-01
6.327649277491360635e-01
5.789221322985431684e-01
4.602910152851043546e-01
3.182001572833730307e-01
1.952039915438306128e-01
1.276852733190946554e-01
1.395966364358971479e-01
2.383480546747444584e-01
4.135043063906442828e-01
6.385094261004888860e-01
8.751729951681402886e-01
1.080210879043033811e+00
1.212799576647297872e+00
1.241931025147660961e+00
1.152371133130085212e+00
9.482291276854978301e-01
6.535057398179711097e-01
3.094517134148081494e-01
-3.093656985534625273e-02
-3.105063918916734500e-01
-4.765076410896986747e-01
-4.888353505571020330e-01
-3.266932205234622799e-01
7.368643449472751794e-03
4.867113645231112007e-01
1.063347126037601509e+00
1.673831758880984566e+00
2.247508411657652694e+00
2.715943710702571678e+00
3.022210422515611672e+00
3.128681671751170512e+00
3.022210422515611672e+00
2.715943710702581448e+00
2.247508411657652694e+00
1.673831758880984566e+00
1.063347126037601509e+00
4.867113645231112007e-01
7.368643449472751794e-03
-3.266932205234622799e-01
-4.888353505571015334e-01
-4.765076410896986747e-01
-3.105063918916734500e-01
-3.093656985534913584e-02
3.094517134148067061e-01
6.535057398179701105e-01
9.482291276854986073e-01
1.152371133130084546e+00
1.241931025147660739e+00
1.212799576647297872e+00
1.080210879043034256e+00
8.751729951681402886e-01
6.385094261004894411e-01
4.135043063906453376e-01
2.383480546747442363e-01
1.395966364358973699e-01
1.276852733190943778e-01
1.952039915438304185e-01
3.182001572833724201e-01
4.602910152851032999e-01
5.789221322985431684e-01
6.327649277491360635e-01
5.890613503715488308e-01
4.297250862081838374e-01
1.551965402047605080e-01
-2.146054934795259828e-01
-6.424421804753635001e-01
-1.078744013960887926e+00
-1.468706156713822875e+00
-1.760427446315250499e+00
-1.912854871139584301e+00
-1.902308825291855854e+00
-1.726566364505104367e+00
-1.405840150818343792e+00
-9.804555281040723269e-01
-5.055267772422480377e-01
-4.339016766269467723e-02
3.451038232935228489e-01
6.091568049616501446e-01
7.151779144480845396e-01
6.514637242420282526e-01
4.297040517232118551e-01
8.308773447958725522e-02
-3.387096480705495405e-01
-7.769076653794811937e-01
-1.172269705964604336e+00
-1.473727021649372970e+00
-1.645692685776916964e+00
-1.672979727665817595e+00
-1.562601101233692003e+00
-1.342201285881889694e+00
-1.055378760205206490e+00
-7.546282042060935558e-01
-4.929899534901818758e-01
-3.156876310550807974e-01
-2.530337490111984611e-01
-3.156876310550807974e-01
-4.929899534901818758e-01
-7.546282042060935558e-01
-1.055378760205202937e+00
-1.342201285881889694e+00
-1.562601101233690892e+00
-1.672979727665817373e+00
-1.645692685776917408e+00
-1.473727021649375857e+00
-1.172269705964605668e+00
-7.769076653794848575e-01
-3.387096480705530377e-01
8.308773447958411884e-02
4.297040517232097456e-01
6.514637242420271424e-01
7.151779144480845396e-01
6.091568049616512548e-01
3.451038232935286776e-01
-4.339016766269467723e-02
-5.055267772422450401e-01
-9.804555281040687742e-01
-1.405840150818340906e+00
-1.726566364505099926e+00
-1.902308825291854300e+00
-1.912854871139584079e+00
-1.760427446315252720e+00
-1.468706156713825761e+00
-1.078744013960891035e+00
-6.424421804753707166e-01
-2.146054934795254554e-01
1.551965402047581211e-01
