2.285854787869106624e-06
-4.331281334558499587e-05
-8.798595738359471638e-05
-1.307389035211876439e-04
-1.706173062651164540e-04
-2.067280042978028262e-04
-2.382585985197823277e-04
-2.644953212781786024e-04
-2.848388012423295774e-04
-2.988173727335584231e-04
-3.060976306407282442e-04
-3.064919912559582195e-04
-2.999630841804598450e-04
-2.866248694758031764e-04
-2.667404459605392871e-04
-2.407165893913508600e-04
-2.090951315985783510e-04
-1.725413618431865853e-04
-1.318296981369155749e-04
-8.782693750325961681e-05
-4.147344874644866535e-05
6.237282026553152538e-06
5.428030521233556400e-05
1.016215851501557280e-04
1.472406082894095177e-04
1.901527229714096456e-04
2.294307166821093872e-04
2.642251527078415285e-04
2.937830149746078058e-04
3.174642468918079368e-04
3.347558164354363496e-04
3.452829944569684654e-04
3.488175950607870675e-04
3.452829944569684654e-04
3.347558164354366749e-04
3.174642468918079368e-04
2.937830149746078058e-04
2.642251527078415285e-04
2.294307166821093872e-04
1.901527229714096456e-04
1.472406082894095177e-04
1.016215851501559990e-04
5.428030521233576051e-05
6.237282026553152538e-06
-4.147344874644829266e-05
-8.782693750325941352e-05
-1.318296981369154123e-04
-1.725413618431867208e-04
-2.090951315985782426e-04
-2.407165893913506703e-04
-2.667404459605392871e-04
-2.866248694758031222e-04
-2.999630841804598450e-04
-3.064919912559582195e-04
-3.060976306407282442e-04
-2.988173727335584231e-04
-2.848388012423296316e-04
-2.644953212781787108e-04
-2.382585985197823548e-04
-2.067280042978029888e-04
-1.706173062651167251e-04
-1.307389035211876710e-04
-8.798595738359490611e-05
-4.331281334558495521e-05
2.285854787868992698e-06
4.779672174006951833e-05
9.220983597097507213e-05
1.345405152387545167e-04
1.738506394815298199e-04
2.092688831668083785e-04
2.400094542242966426e-04
2.653889408158631772e-04
2.848409096959503674e-04
2.979279497975544848e-04
3.043509108167652150e-04
3.039551477155842435e-04
2.967336468783376589e-04
2.828269767384024172e-04
2.625200736033883857e-04
2.362359407102446228e-04
2.045264038265463260e-04
1.680601286263361043e-04
1.276081623376745279e-04
8.402731362200544115e-05
3.824172927057258899e-05
-8.776936792000851519e-06
-5.603033823905835450e-05
-1.025147913586509194e-04
-1.472427167430298469e-04
-1.892637133645946705e-04
-2.276848195359378079e-04
-2.616895332710252194e-04
-2.905551914130224348e-04
-3.136683419907199968e-04
-3.305377868664244453e-04
-3.408050209534963849e-04
-3.442518490924612257e-04
-3.408050209534963849e-04
-3.305377868664244453e-04
-3.136683419907199968e-04
-2.905551914130227601e-04
-2.616895332710252194e-04
-2.276848195359380247e-04
-1.892637133645948874e-04
-1.472427167430300637e-04
-1.025147913586513802e-04
-5.603033823905855101e-05
-8.776936792001275035e-06
3.824172927057222984e-05
8.402731362200507523e-05
1.276081623376742297e-04
1.680601286263358062e-04
2.045264038265461092e-04
2.362359407102444331e-04
2.625200736033879521e-04
2.828269767384024172e-04
2.967336468783376589e-04
3.039551477155842435e-04
3.043509108167652150e-04
2.979279497975546474e-04
2.848409096959506385e-04
2.653889408158631230e-04
2.400094542242968865e-04
2.092688831668085953e-04
1.738506394815300909e-04
1.345405152387552214e-04
9.220983597097500437e-05
4.779672174006985714e-05
