7.746452055566513728e+00
6.108544177038279344e+01
4.720612675981576558e+02
3.712428649380122351e+03
2.914051329104674005e+04
2.287832847756488482e+05
1.796147255373557564e+06
1.410134703003214672e+07
1.107080378048073351e+08
8.691559705585652590e+08
6.823642744984101295e+09
5.357162799637323761e+10
4.205846398092944946e+11
3.301961240679864258e+12
2.592331484072184766e+13
2.035209390261802500e+14
1.597819294198897750e+15
1.254429401284283800e+16
9.848379779362988800e+16
7.731848773575212800e+17
6.070184821944722432e+18
4.765631720384765133e+19
3.741442206542467564e+20
2.937362894623164858e+21
2.306089550072820374e+22
1.810484166832003398e+23
1.421390126955766955e+24
1.115916907764265272e+25
8.760934253153932024e+25
6.878107899795344636e+26
5.399922760999620399e+27
4.239416747973578664e+28
3.328316933124395650e+29
2.613023032618264554e+30
2.051454085108414723e+31
1.610572815766992120e+32
