-2.525146385323751019e-07
9.882651269435882568e-02
1.960862427949905396e-01
2.902444303035736084e-01
3.798309266567230225e-01
4.634704291820526123e-01
5.399108529090881348e-01
6.080492138862609863e-01
6.669539809226989746e-01
7.158841490745544434e-01
7.543038725852966309e-01
7.818926572799682617e-01
7.985514402389526367e-01
8.044031262397766113e-01
7.997892498970031738e-01
7.852606773376464844e-01
7.615656852722167969e-01
7.296314239501953125e-01
6.905441880226135254e-01
6.455237865447998047e-01
5.958969593048095703e-01
5.430675148963928223e-01
4.884853363037109375e-01
4.336141645908355713e-01
3.798992037773132324e-01
3.287348449230194092e-01
2.814348936080932617e-01
2.392028570175170898e-01
2.031056284904479980e-01
1.740497648715972900e-01
1.527624130249023438e-01
1.397742927074432373e-01
1.354087442159652710e-01
1.397742927074432373e-01
1.527624130249023438e-01
1.740497648715972900e-01
2.031056284904479980e-01
2.392028570175170898e-01
2.814348936080932617e-01
3.287348449230194092e-01
3.798992037773132324e-01
4.336141645908355713e-01
4.884853363037109375e-01
5.430675148963928223e-01
5.958969593048095703e-01
6.455237865447998047e-01
6.905441880226135254e-01
7.296314239501953125e-01
7.615656852722167969e-01
7.852606773376464844e-01
7.997892498970031738e-01
8.044031262397766113e-01
7.985514402389526367e-01
7.818926572799682617e-01
7.543038725852966309e-01
7.158841490745544434e-01
6.669539809226989746e-01
6.080492138862609863e-01
5.399108529090881348e-01
4.634704291820526123e-01
3.798309266567230225e-01
2.902444303035736084e-01
1.960862427949905396e-01
9.882651269435882568e-02
-2.525146385323751019e-07
-9.882697463035583496e-02
-1.960866004228591919e-01
-2.902446091175079346e-01
-3.798309266567230225e-01
-4.634702503681182861e-01
-5.399104952812194824e-01
-6.080487370491027832e-01
-6.669535040855407715e-01
-7.158836722373962402e-01
-7.543035149574279785e-01
-7.818924188613891602e-01
-7.985514402389526367e-01
-8.044033646583557129e-01
-7.997896075248718262e-01
-7.852611541748046875e-01
-7.615661621093750000e-01
-7.296319007873535156e-01
-6.905445456504821777e-01
-6.455240249633789062e-01
-5.958969593048095703e-01
-5.430672764778137207e-01
-4.884849786758422852e-01
-4.336136877536773682e-01
-3.798987269401550293e-01
-3.287343680858612061e-01
-2.814345359802246094e-01
-2.392026782035827637e-01
-2.031056284904479980e-01
-1.740499436855316162e-01
-1.527627706527709961e-01
-1.397747695446014404e-01
-1.354092508554458618e-01
-1.397747695446014404e-01
-1.527627706527709961e-01
-1.740499436855316162e-01
-2.031056284904479980e-01
-2.392026782035827637e-01
-2.814345359802246094e-01
-3.287343680858612061e-01
-3.798987269401550293e-01
-4.336136877536773682e-01
-4.884849786758422852e-01
-5.430672764778137207e-01
-5.958969593048095703e-01
-6.455240249633789062e-01
-6.905445456504821777e-01
-7.296319007873535156e-01
-7.615661621093750000e-01
-7.852611541748046875e-01
-7.997896075248718262e-01
-8.044033646583557129e-01
-7.985514402389526367e-01
-7.818924188613891602e-01
-7.543035149574279785e-01
-7.158836722373962402e-01
-6.669535040855407715e-01
-6.080487370491027832e-01
-5.399104952812194824e-01
-4.634702503681182861e-01
-3.798309266567230225e-01
-2.902446091175079346e-01
-1.960866004228591919e-01
-9.882697463035583496e-02
