0.000000000000000000e+00
-2.400404141974146199e-01
-4.520172547832996823e-01
-6.111479130056598486e-01
-6.988281260956366037e-01
-7.048070364109766395e-01
-6.283856383683402713e-01
-4.784985004929325214e-01
-2.726692083078504081e-01
-3.496164918788639137e-02
2.068333417041200439e-01
4.244470599148581491e-01
5.924378787903138432e-01
6.911656776144174952e-01
7.090880048417975701e-01
6.441095276881099174e-01
5.038270014033593425e-01
3.046411184124706018e-01
6.983907270059998285e-02
-1.731279895741985597e-01
-3.958543349019106872e-01
-5.723006098335330361e-01
-6.818381504768614709e-01
-7.116607181601806165e-01
-6.582817007383472419e-01
-5.279417389373712854e-01
-3.358791213794240504e-01
-1.045482477699988116e-01
1.390055569531729596e-01
3.663079621234409111e-01
5.507846185800470140e-01
6.708680155128393663e-01
7.125189784743988231e-01
6.708680155128393663e-01
5.507846185800505667e-01
3.663079621234409111e-01
1.390055569531729596e-01
-1.045482477699988116e-01
-3.358791213794240504e-01
-5.279417389373712854e-01
-6.582817007383472419e-01
-7.116607181601805054e-01
-6.818381504768616930e-01
-5.723006098335330361e-01
-3.958543349019124635e-01
-1.731279895741995034e-01
6.983907270059924732e-02
3.046411184124714344e-01
5.038270014033587874e-01
6.441095276881092513e-01
7.090880048417975701e-01
6.911656776144176062e-01
5.924378787903138432e-01
4.244470599148586487e-01
2.068333417041212374e-01
-3.496164918788668280e-02
-2.726692083078498530e-01
-4.784985004929314112e-01
-6.283856383683401603e-01
-7.048070364109766395e-01
-6.988281260956369367e-01
-6.111479130056600706e-01
-4.520172547833005705e-01
-2.400404141974143701e-01
-6.108088604242900878e-16
2.400404141974132599e-01
4.520172547832996268e-01
6.111479130056594045e-01
6.988281260956367147e-01
7.048070364109767505e-01
6.283856383683408264e-01
4.784985004929322439e-01
2.726692083078509632e-01
3.496164918788799425e-02
-2.068333417041200439e-01
-4.244470599148575940e-01
-5.924378787903130661e-01
-6.911656776144172731e-01
-7.090880048417976811e-01
-6.441095276881096954e-01
-5.038270014033593425e-01
-3.046411184124721561e-01
-6.983907270060267514e-02
1.731279895742003083e-01
3.958543349019106872e-01
5.723006098335322589e-01
6.818381504768614709e-01
7.116607181601806165e-01
6.582817007383483521e-01
5.279417389373712854e-01
3.358791213794253827e-01
1.045482477699988116e-01
-1.390055569531700452e-01
-3.663079621234375804e-01
-5.507846185800505667e-01
-6.708680155128393663e-01
-7.125189784743988231e-01
-6.708680155128393663e-01
-5.507846185800505667e-01
-3.663079621234375804e-01
-1.390055569531729596e-01
1.045482477699988116e-01
3.358791213794240504e-01
5.279417389373703973e-01
6.582817007383479080e-01
7.116607181601806165e-01
6.818381504768616930e-01
5.723006098335335912e-01
3.958543349019124635e-01
1.731279895742020847e-01
-6.983907270060094041e-02
-3.046411184124706018e-01
-5.038270014033582322e-01
-6.441095276881089182e-01
-7.090880048417972370e-01
-6.911656776144172731e-01
-5.924378787903138432e-01
-4.244470599148590928e-01
-2.068333417041215705e-01
3.496164918788398357e-02
2.726692083078474105e-01
4.784985004929326879e-01
6.283856383683399383e-01
7.048070364109765285e-01
6.988281260956370478e-01
6.111479130056615139e-01
4.520172547832994048e-01
2.400404141974149808e-01
