7.748985457919341791e-01
2.384380077765566042e-01
-7.026917489591709698e-01
-2.110731585082835648e-01
1.492697859007203476e-01
8.889880649967836501e-02
-2.258005626583458464e-02
-2.909494240049790431e-02
1.738868641300555650e-04
8.027191665024741365e-03
1.615320032601522127e-03
-1.870071134000405666e-03
-8.311036737796307500e-04
3.414417728642855357e-04
2.990096302866069602e-04
-3.183076035746848070e-05
-8.872017904813389469e-05
-9.638531563680847157e-06
2.237081009796535399e-05
7.282103053931890484e-06
-4.635615831950313017e-06
-2.960499912946514391e-06
6.598515265343963150e-07
9.498342201223915338e-07
1.555369605737017734e-08
-2.576573684279662823e-07
-5.765359449660202749e-08
5.882300493862955955e-08
2.802202833127489674e-08
-1.035059846713733740e-08
-9.840925595190197541e-09
8.040269254864590408e-10
