-2.724666344411877938e-01
-3.969885210582929091e-01
-5.140565276564500463e-01
-6.219266023603353677e-01
-7.190903866351705531e-01
-8.043006399219423397e-01
-8.765891454660930115e-01
-9.352770160709423797e-01
-9.799775486924440226e-01
-1.010591989373696986e+00
-1.027298758374451726e+00
-1.030536844018178799e+00
-1.020984198621561756e+00
-9.995320581988782482e-01
-9.672561582609298103e-01
-9.253858312712840428e-01
-8.752719489391391772e-01
-8.183546176005167538e-01
-7.561314517086302756e-01
-6.901271441106650029e-01
-6.218649282294235192e-01
-5.528403928332940032e-01
-4.844979712689769791e-01
-4.182102902351164109e-01
-3.552604343942669662e-01
-2.968270677275637315e-01
-2.439722550565797399e-01
-1.976317510929060384e-01
-1.586074720784990122e-01
-1.275618376687550348e-01
-1.050136680508242382e-01
-9.133534202304670335e-02
-8.675096338794036077e-02
-9.133534202304670335e-02
-1.050136680508238080e-01
-1.275618376687550348e-01
-1.586074720784990122e-01
-1.976317510929060384e-01
-2.439722550565797399e-01
-2.968270677275637315e-01
-3.552604343942669662e-01
-4.182102902351159113e-01
-4.844979712689768681e-01
-5.528403928332940032e-01
-6.218649282294228531e-01
-6.901271441106645588e-01
-7.561314517086299425e-01
-8.183546176005168649e-01
-8.752719489391391772e-01
-9.253858312712840428e-01
-9.672561582609298103e-01
-9.995320581988782482e-01
-1.020984198621561756e+00
-1.030536844018178799e+00
-1.027298758374451726e+00
-1.010591989373696986e+00
-9.799775486924442447e-01
-9.352770160709424907e-01
-8.765891454660931226e-01
-8.043006399219426727e-01
-7.190903866351711082e-01
-6.219266023603355897e-01
-5.140565276564504904e-01
-3.969885210582927981e-01
-2.724666344411880714e-01
-1.424379910798170834e-01
-9.013529950355699677e-03
1.255770849162424763e-01
2.590353714220788306e-01
3.890475381862015802e-01
5.133402163222100523e-01
6.297369097529720294e-01
7.362135783043478598e-01
8.309517352052531169e-01
9.123874594197469712e-01
9.792547944287174344e-01
1.030622127824154965e+00
1.065920317708481280e+00
1.084961547963896766e+00
1.087948148882987409e+00
1.075470904880755807e+00
1.048496678268078242e+00
1.008345497654840495e+00
9.566575811613617919e-01
8.953510776923980785e-01
8.265716036282853008e-01
7.526349174549722409e-01
6.759643019674457243e-01
5.990244047823638507e-01
5.242534164816488040e-01
4.539955369691721643e-01
3.904356916231167540e-01
3.355384086260237986e-01
2.909926585525476339e-01
2.581642900084527015e-01
2.380574758818912451e-01
2.312863203870827999e-01
2.380574758818912451e-01
2.581642900084527015e-01
2.909926585525476339e-01
3.355384086260232435e-01
3.904356916231167540e-01
4.539955369691717757e-01
5.242534164816482489e-01
5.990244047823635176e-01
6.759643019674450581e-01
7.526349174549719079e-01
8.265716036282847456e-01
8.953510776923974124e-01
9.566575811613612368e-01
1.008345497654840051e+00
1.048496678268078020e+00
1.075470904880755807e+00
1.087948148882987409e+00
1.084961547963896988e+00
1.065920317708481280e+00
1.030622127824155188e+00
9.792547944287178785e-01
9.123874594197475263e-01
8.309517352052545602e-01
7.362135783043493031e-01
6.297369097529716964e-01
5.133402163222109404e-01
3.890475381862025239e-01
2.590353714220798298e-01
1.255770849162446967e-01
-9.013529950355944273e-03
-1.424379910798160842e-01
