-5.956383435787124814e-01
-6.367604033757623405e-01
-6.209890653828418206e-01
-5.478669002984070113e-01
-4.223281372227538633e-01
-2.544330823501041450e-01
-5.858953387878974850e-02
1.476820206990912820e-01
3.453337845225539771e-01
5.155811296960658430e-01
6.417264313708925805e-01
7.108350929707515364e-01
7.150915950457131798e-01
6.526904778570177257e-01
5.281600499860072961e-01
3.520712780601917835e-01
1.401453693701557313e-01
-8.816519647348727839e-02
-3.114923789589835179e-01
-5.085922398986783000e-01
-6.604095845667272702e-01
-7.519622860515614571e-01
-7.738545709756233792e-01
-7.232628679922719073e-01
-6.042886611971954869e-01
-4.276351369693042748e-01
-2.096319797539913099e-01
2.930144998961215982e-02
2.666069461875626989e-01
4.797618061740689388e-01
6.484623620550249434e-01
7.566001363655193712e-01
7.938338256457730946e-01
7.566001363655193712e-01
6.484623620550282741e-01
4.797618061740689388e-01
2.666069461875626989e-01
2.930144998961215982e-02
-2.096319797539913099e-01
-4.276351369693042748e-01
-6.042886611971954869e-01
-7.232628679922714632e-01
-7.738545709756231572e-01
-7.519622860515614571e-01
-6.604095845667284914e-01
-5.085922398986788551e-01
-3.114923789589841285e-01
-8.816519647348650124e-02
1.401453693701550096e-01
3.520712780601905623e-01
5.281600499860072961e-01
6.526904778570175036e-01
7.150915950457131798e-01
7.108350929707516475e-01
6.417264313708930246e-01
5.155811296960657319e-01
3.453337845225544211e-01
1.476820206990924755e-01
-5.858953387878951952e-02
-2.544330823501034233e-01
-4.223281372227527530e-01
-5.478669002984070113e-01
-6.209890653828415985e-01
-6.367604033757624515e-01
-5.956383435787127034e-01
-5.032203095826180972e-01
-3.695212998330028031e-01
-2.078710296149800518e-01
-3.355371431516245700e-02
1.376675481336604445e-01
2.909960863866373204e-01
4.138819222838038270e-01
4.970260392359064916e-01
5.350311124305300314e-01
5.266602082806339791e-01
4.747052713289707793e-01
3.855045537768838071e-01
2.681788541630029110e-01
1.336778166888640262e-01
-6.261909407933284773e-03
-1.401453693701551484e-01
-2.576441721787703920e-01
-3.503454877158864167e-01
-4.122770921213418926e-01
-4.401865642558687175e-01
-4.335780782481609141e-01
-3.945320686759034579e-01
-3.273493741343248553e-01
-2.380711625612663973e-01
-1.339288060135900849e-01
-2.277457275385659161e-02
8.746408422683038530e-02
1.892749053503524626e-01
2.759761237393181799e-01
3.420480031608180149e-01
3.833805765928614551e-01
3.974428615116518682e-01
3.833805765928614551e-01
3.420480031608180149e-01
2.759761237393181799e-01
1.892749053503536005e-01
8.746408422683038530e-02
-2.277457275385592200e-02
-1.339288060135895020e-01
-2.380711625612658422e-01
-3.273493741343240782e-01
-3.945320686759031803e-01
-4.335780782481607476e-01
-4.401865642558689951e-01
-4.122770921213421702e-01
-3.503454877158869718e-01
-2.576441721787710581e-01
-1.401453693701559533e-01
-6.261909407934141726e-03
1.336778166888615282e-01
2.681788541630029110e-01
3.855045537768832520e-01
4.747052713289702242e-01
5.266602082806337570e-01
5.350311124305302535e-01
4.970260392359074353e-01
4.138819222838036049e-01
2.909960863866385417e-01
1.376675481336616380e-01
-3.355371431516117331e-02
-2.078710296149772485e-01
-3.695212998330030807e-01
-5.032203095826173200e-01
