3.612286876887083054e-03
-4.715026170015335083e-02
-9.892914444208145142e-02
-1.524773389101028442e-01
-2.083183228969573975e-01
-2.666674256324768066e-01
-3.273894190788269043e-01
-3.899963200092315674e-01
-4.536871016025543213e-01
-5.174234509468078613e-01
-5.800339579582214355e-01
-6.403336524963378906e-01
-6.972460746765136719e-01
-7.499129772186279297e-01
-7.977790832519531250e-01
-8.406422734260559082e-01
-8.786630034446716309e-01
-9.123331308364868164e-01
-9.424057006835937500e-01
-9.697960615158081055e-01
-9.954649209976196289e-01
-1.020296454429626465e+00
-1.044987440109252930e+00
-1.069958329200744629e+00
-1.095297574996948242e+00
-1.120746970176696777e+00
-1.145726323127746582e+00
-1.169397711753845215e+00
-1.190760731697082520e+00
-1.208766937255859375e+00
-1.222439408302307129e+00
-1.230987429618835449e+00
-1.233896255493164062e+00
-1.230987429618835449e+00
-1.222439408302307129e+00
-1.208766937255859375e+00
-1.190760731697082520e+00
-1.169397711753845215e+00
-1.145726323127746582e+00
-1.120746970176696777e+00
-1.095297574996948242e+00
-1.069958329200744629e+00
-1.044987440109252930e+00
-1.020296454429626465e+00
-9.954649209976196289e-01
-9.697960615158081055e-01
-9.424057006835937500e-01
-9.123331308364868164e-01
-8.786630034446716309e-01
-8.406422734260559082e-01
-7.977790832519531250e-01
-7.499129772186279297e-01
-6.972460746765136719e-01
-6.403336524963378906e-01
-5.800339579582214355e-01
-5.174234509468078613e-01
-4.536871016025543213e-01
-3.899963200092315674e-01
-3.273894190788269043e-01
-2.666674256324768066e-01
-2.083183228969573975e-01
-1.524773389101028442e-01
-9.892914444208145142e-02
-4.715026170015335083e-02
3.612286876887083054e-03
5.423601344227790833e-02
1.056037768721580505e-01
1.584843546152114868e-01
2.134268581867218018e-01
2.706812024116516113e-01
3.301541209220886230e-01
3.914057910442352295e-01
4.536871016025543213e-01
5.160140395164489746e-01
5.772692561149597168e-01
6.363198757171630859e-01
6.921374797821044922e-01
7.439060211181640625e-01
7.911044359207153320e-01
8.335564732551574707e-01
8.714384436607360840e-01
9.052473306655883789e-01
9.357310533523559570e-01
9.637891054153442383e-01
9.903563261032104492e-01
1.016282677650451660e+00
1.042222738265991211e+00
1.068548798561096191e+00
1.095297574996948242e+00
1.122156500816345215e+00
1.148491024971008301e+00
1.173411488533020020e+00
1.195869326591491699e+00
1.214773893356323242e+00
1.229113936424255371e+00
1.238073229789733887e+00
1.241120815277099609e+00
1.238073229789733887e+00
1.229113936424255371e+00
1.214773893356323242e+00
1.195869326591491699e+00
1.173411488533020020e+00
1.148491024971008301e+00
1.122156500816345215e+00
1.095297574996948242e+00
1.068548798561096191e+00
1.042222738265991211e+00
1.016282677650451660e+00
9.903563261032104492e-01
9.637891054153442383e-01
9.357310533523559570e-01
9.052473306655883789e-01
8.714384436607360840e-01
8.335564732551574707e-01
7.911044359207153320e-01
7.439060211181640625e-01
6.921374797821044922e-01
6.363198757171630859e-01
5.772692561149597168e-01
5.160140395164489746e-01
4.536871016025543213e-01
3.914057910442352295e-01
3.301541209220886230e-01
2.706812024116516113e-01
2.134268581867218018e-01
1.584843546152114868e-01
1.056037768721580505e-01
5.423601344227790833e-02
