-5.429193377494812012e-01
9.995360672473907471e-02
1.901769787073135376e-01
-5.574216842651367188e-01
-1.012407183647155762e+00
-4.184774160385131836e-01
4.081259667873382568e-01
4.478089809417724609e-01
6.529612839221954346e-02
1.387355029582977295e-01
3.663659393787384033e-01
-1.638141125440597534e-01
-1.129501581192016602e+00
-1.264639973640441895e+00
-4.563381671905517578e-01
4.798740521073341370e-02
-2.188468277454376221e-01
-2.536821067333221436e-01
4.003936648368835449e-01
6.625040173530578613e-01
-8.229255676269531250e-02
-6.271746158599853516e-01
5.104893445968627930e-02
9.254692196846008301e-01
7.168445587158203125e-01
1.206713467836380005e-01
1.614108383655548096e-01
-2.521155774593353271e-01
-2.218599081039428711e+00
-3.220533132553100586e+00
5.334445834159851074e-01
7.658368110656738281e+00
1.137653160095214844e+01
7.658368110656738281e+00
5.334445834159851074e-01
-3.220533132553100586e+00
-2.218599081039428711e+00
-2.521155774593353271e-01
1.614108383655548096e-01
1.206713467836380005e-01
7.168445587158203125e-01
9.254692196846008301e-01
5.104893445968627930e-02
-6.271746158599853516e-01
-8.229255676269531250e-02
6.625040173530578613e-01
4.003936648368835449e-01
-2.536821067333221436e-01
-2.188468277454376221e-01
4.798740521073341370e-02
-4.563381671905517578e-01
-1.264639973640441895e+00
-1.129501581192016602e+00
-1.638141125440597534e-01
3.663659393787384033e-01
1.387355029582977295e-01
6.529612839221954346e-02
4.478089809417724609e-01
4.081259667873382568e-01
-4.184774160385131836e-01
-1.012407183647155762e+00
-5.574216842651367188e-01
1.901769787073135376e-01
9.995360672473907471e-02
-5.429193377494812012e-01
-5.795935988426208496e-01
1.214555650949478149e-01
5.152611136436462402e-01
9.707464277744293213e-02
-3.697491288185119629e-01
-1.604434251785278320e-01
3.135728836059570312e-01
2.711109519004821777e-01
-2.483101785182952881e-01
-6.163743734359741211e-01
-6.025640964508056641e-01
-4.751987755298614502e-01
-3.907498419284820557e-01
-3.098091483116149902e-01
-3.607401847839355469e-01
-6.871396899223327637e-01
-1.005197405815124512e+00
-8.719577193260192871e-01
-3.747646808624267578e-01
-3.245030343532562256e-02
-2.183458209037780762e-02
-3.820854425430297852e-02
6.231477111577987671e-02
6.261543929576873779e-02
-8.664259314537048340e-02
-1.240894347429275513e-01
-1.927606947720050812e-02
-8.087070286273956299e-02
-3.178188204765319824e-01
-2.846520841121673584e-01
1.424405723810195923e-01
4.169385731220245361e-01
1.424405723810195923e-01
-2.846520841121673584e-01
-3.178188204765319824e-01
-8.087070286273956299e-02
-1.927606947720050812e-02
-1.240894347429275513e-01
-8.664259314537048340e-02
6.261543929576873779e-02
6.231477111577987671e-02
-3.820854425430297852e-02
-2.183458209037780762e-02
-3.245030343532562256e-02
-3.747646808624267578e-01
-8.719577193260192871e-01
-1.005197405815124512e+00
-6.871396899223327637e-01
-3.607401847839355469e-01
-3.098091483116149902e-01
-3.907498419284820557e-01
-4.751987755298614502e-01
-6.025640964508056641e-01
-6.163743734359741211e-01
-2.483101785182952881e-01
2.711109519004821777e-01
3.135728836059570312e-01
-1.604434251785278320e-01
-3.697491288185119629e-01
9.707464277744293213e-02
5.152611136436462402e-01
1.214555650949478149e-01
-5.795935988426208496e-01
