-6.666578012340631521e-01
-8.888295481040087154e-01
-1.022103590020237318e+00
-1.049482988607375544e+00
-9.648747939995293565e-01
-7.736128962947835808e-01
-4.916704500837812408e-01
-1.437188196213304292e-01
2.396788138223455711e-01
6.253644622790518470e-01
9.809645697971920431e-01
1.277963002055240382e+00
1.494146251671695902e+00
1.615200916587110846e+00
1.635363667501295915e+00
1.557145365836855477e+00
1.390257756435238745e+00
1.149950713200544650e+00
8.550127533254218148e-01
5.256954080897187076e-01
1.817963274294185638e-01
-1.589156877014034353e-01
-4.818178107484782924e-01
-7.760481347328402890e-01
-1.034639559061467207e+00
-1.254245050314347187e+00
-1.434559181192487820e+00
-1.577553457894204980e+00
-1.686637994318773481e+00
-1.765844359937362773e+00
-1.819099956661147433e+00
-1.849639057594636427e+00
-1.859574436119793228e+00
-1.849639057594636427e+00
-1.819099956661148321e+00
-1.765844359937362773e+00
-1.686637994318773481e+00
-1.577553457894204980e+00
-1.434559181192487820e+00
-1.254245050314347187e+00
-1.034639559061467207e+00
-7.760481347328419544e-01
-4.818178107484796246e-01
-1.589156877014034353e-01
1.817963274294158160e-01
5.256954080897172643e-01
8.550127533254208156e-01
1.149950713200545316e+00
1.390257756435237857e+00
1.557145365836854811e+00
1.635363667501295915e+00
1.615200916587111069e+00
1.494146251671695902e+00
1.277963002055241049e+00
9.809645697971937084e-01
6.253644622790515140e-01
2.396788138223466813e-01
-1.437188196213281810e-01
-4.916704500837809078e-01
-7.736128962947828036e-01
-9.648747939995284684e-01
-1.049482988607375766e+00
-1.022103590020237762e+00
-8.888295481040083823e-01
-6.666578012340637072e-01
-3.816596516448691467e-01
-6.601768280816770751e-02
2.457415973945547283e-01
5.208703429625989312e-01
7.323626471771851332e-01
8.622445337406446919e-01
9.037463266452058219e-01
8.620453227047345512e-01
7.534461048291306584e-01
6.030697483472926557e-01
4.413246384890610052e-01
2.996030131076735659e-01
2.057642223645101964e-01
1.800103087219839804e-01
2.317235052247565708e-01
3.577211279951099110e-01
5.422044224780568911e-01
7.584568073776214447e-01
9.721126241696727011e-01
1.145601452441506352e+00
1.243205034680195054e+00
1.236067700698663785e+00
1.106491407193674892e+00
8.509261343788436793e-01
4.812263183198686733e-01
2.396408853515886658e-02
-4.821583001981799566e-01
-9.905045992945823441e-01
-1.451802400373933377e+00
-1.819885506530979580e+00
-2.057158363995116535e+00
-2.139089153961681866e+00
-2.057158363995116535e+00
-1.819885506530979580e+00
-1.451802400373933377e+00
-9.905045992945883393e-01
-4.821583001981799566e-01
2.396408853515582041e-02
4.812263183198666194e-01
8.509261343788421250e-01
1.106491407193673115e+00
1.236067700698663341e+00
1.243205034680195498e+00
1.145601452441507684e+00
9.721126241696740333e-01
7.584568073776228880e-01
5.422044224780582233e-01
3.577211279951110212e-01
2.317235052247568483e-01
1.800103087219843412e-01
2.057642223645101964e-01
2.996030131076727332e-01
4.413246384890596175e-01
6.030697483472916565e-01
7.534461048291283269e-01
8.620453227047332190e-01
9.037463266452058219e-01
8.622445337406454691e-01
7.323626471771863544e-01
5.208703429626005965e-01
2.457415973945596965e-01
-6.601768280816809609e-02
-3.816596516448667598e-01
