3.445264678951154812e-03
9.886220865325062723e-03
8.800215453585615369e-03
-6.268458055525015277e-05
-6.521443303734200323e-07
1.231818220739537521e-08
-5.259639664440863591e-12
-1.488905764249541462e-12
1.104984340052414984e-14
1.072334277896443262e-16
-2.117463167107048754e-18
1.507090820102998390e-21
2.517278679600272794e-22
-1.944708561550603420e-24
-1.759542684967950259e-26
3.637425345450647032e-28
-3.611156241967115102e-31
-4.252844589805786249e-32
3.417410733343854914e-34
2.880560137671032230e-36
-6.244316586627767569e-38
7.933427963349285053e-41
7.179682160387381234e-42
-5.996820068609046335e-44
-4.704081116925173585e-46
1.071251730550112765e-47
-1.655427897864400100e-50
-1.211158965097034599e-51
1.050894769049470693e-53
7.661134904968591579e-56
-1.836609177734444364e-57
3.338248095820793133e-60
