-1.156709272207750328e+00
-4.401836343777975058e-01
2.940236599965054265e-01
8.128738273607776232e-01
9.803215284004449526e-01
8.136768279217150290e-01
4.668457945280672372e-01
1.477888696962527948e-01
1.261824040298348271e-02
9.179264115830722270e-02
2.867376882018445317e-01
4.366731773803130268e-01
4.166891211345809531e-01
2.110716890664654510e-01
-7.948228915282032347e-02
-2.998001884751498869e-01
-3.341242827589782638e-01
-1.759034017794312010e-01
6.874420051543743415e-02
2.471063646565798133e-01
2.568676908982114870e-01
1.153462040641192315e-01
-4.342352209665466950e-02
-4.676601022446937039e-02
2.056015822745905219e-01
6.624105580261849813e-01
1.124186565620770351e+00
1.335199727901126732e+00
1.119471661203005564e+00
4.881587527083833811e-01
-3.431052555383948266e-01
-1.042420424439575166e+00
-1.314633104000751285e+00
-1.042420424439575166e+00
-3.431052555384145331e-01
4.881587527083833811e-01
1.119471661203005564e+00
1.335199727901126732e+00
1.124186565620770351e+00
6.624105580261849813e-01
2.056015822745905219e-01
-4.676601022446890549e-02
-4.342352209665514134e-02
1.153462040641192315e-01
2.568676908982108209e-01
2.471063646565802019e-01
6.874420051543836396e-02
-1.759034017794321170e-01
-3.341242827589780418e-01
-2.998001884751506640e-01
-7.948228915282032347e-02
2.110716890664647016e-01
4.166891211345809531e-01
4.366731773803133043e-01
2.867376882018457529e-01
9.179264115830690351e-02
1.261824040298348271e-02
1.477888696962513793e-01
4.668457945280666266e-01
8.136768279217141409e-01
9.803215284004447305e-01
8.128738273607779563e-01
2.940236599965084796e-01
-4.401836343777982274e-01
-1.156709272207748551e+00
-1.625010080821056579e+00
-1.710053616263911946e+00
-1.416519853859260936e+00
-8.699259109527472944e-01
-2.524701693901764687e-01
2.699770582924342910e-01
5.963028060446274869e-01
7.003729001307121838e-01
6.122544160327427765e-01
3.917559607526887033e-01
1.115235592807106157e-01
-1.478828808574183529e-01
-3.020473689859834443e-01
-2.790156294737406451e-01
-4.985209489659879478e-02
3.408059460422470655e-01
7.673150732668941876e-01
1.055011135478710615e+00
1.047167637327314216e+00
6.794216414393913217e-01
2.350486158810563206e-02
-7.274998770476913679e-01
-1.332194184134477322e+00
-1.600939938654131423e+00
-1.475142848613858471e+00
-1.046278019807676651e+00
-5.052610181384725729e-01
-4.877963222014051331e-02
2.085684517992693887e-01
2.715761459944440737e-01
2.348358328564135733e-01
2.070163154507446701e-01
2.348358328564135733e-01
2.715761459944440737e-01
2.085684517992693887e-01
-4.877963222013623895e-02
-5.052610181384725729e-01
-1.046278019807673099e+00
-1.475142848613856472e+00
-1.600939938654132089e+00
-1.332194184134482207e+00
-7.274998770476940324e-01
2.350486158809906787e-02
6.794216414393872139e-01
1.047167637327312661e+00
1.055011135478711504e+00
7.673150732668968521e-01
3.408059460422497300e-01
-4.985209489659676169e-02
-2.790156294737385356e-01
-3.020473689859834443e-01
-1.478828808574195741e-01
1.115235592807085202e-01
3.917559607526869270e-01
6.122544160327398899e-01
7.003729001307119617e-01
5.963028060446270429e-01
2.699770582924378992e-01
-2.524701693901721389e-01
-8.699259109527430756e-01
-1.416519853859253608e+00
-1.710053616263912390e+00
-1.625010080821058578e+00
