5.268952978878777808e-26
7.152839899063110352e-01
1.385630607604980469e+00
1.968801379203796387e+00
2.427791595458984375e+00
2.733056306838989258e+00
2.864282608032226562e+00
2.811614990234375000e+00
2.576248407363891602e+00
2.170363426208496094e+00
1.616398811340332031e+00
9.457130432128906250e-01
1.967080533504486084e-01
-5.874673128128051758e-01
-1.361500501632690430e+00
-2.080627202987670898e+00
-2.703307390213012695e+00
-3.193716526031494141e+00
-3.523884057998657227e+00
-3.675370454788208008e+00
-3.640366077423095703e+00
-3.422159194946289062e+00
-3.034932374954223633e+00
-2.502914428710937500e+00
-1.858923196792602539e+00
-1.142390727996826172e+00
-3.970098495483398438e-01
3.318934440612792969e-01
1.000079631805419922e+00
1.567052125930786133e+00
1.998468637466430664e+00
2.268221616744995117e+00
2.359989643096923828e+00
2.268221616744995117e+00
1.998468637466430664e+00
1.567052125930786133e+00
1.000079631805419922e+00
3.318934440612792969e-01
-3.970098495483398438e-01
-1.142390727996826172e+00
-1.858923196792602539e+00
-2.502914428710937500e+00
-3.034932374954223633e+00
-3.422159194946289062e+00
-3.640366077423095703e+00
-3.675370454788208008e+00
-3.523884057998657227e+00
-3.193716526031494141e+00
-2.703307390213012695e+00
-2.080627202987670898e+00
-1.361500501632690430e+00
-5.874673128128051758e-01
1.967080533504486084e-01
9.457130432128906250e-01
1.616398811340332031e+00
2.170363426208496094e+00
2.576248407363891602e+00
2.811614990234375000e+00
2.864282608032226562e+00
2.733056306838989258e+00
2.427791595458984375e+00
1.968801379203796387e+00
1.385630607604980469e+00
7.152839899063110352e-01
1.803424412504472073e-15
-7.152839899063110352e-01
-1.385630607604980469e+00
-1.968801379203796387e+00
-2.427791595458984375e+00
-2.733056306838989258e+00
-2.864282608032226562e+00
-2.811614990234375000e+00
-2.576248407363891602e+00
-2.170363426208496094e+00
-1.616398811340332031e+00
-9.457130432128906250e-01
-1.967080533504486084e-01
5.874673128128051758e-01
1.361500501632690430e+00
2.080627202987670898e+00
2.703307390213012695e+00
3.193716526031494141e+00
3.523884057998657227e+00
3.675370454788208008e+00
3.640366077423095703e+00
3.422159194946289062e+00
3.034932374954223633e+00
2.502914428710937500e+00
1.858923196792602539e+00
1.142390727996826172e+00
3.970098495483398438e-01
-3.318934440612792969e-01
-1.000079631805419922e+00
-1.567052125930786133e+00
-1.998468637466430664e+00
-2.268221616744995117e+00
-2.359989643096923828e+00
-2.268221616744995117e+00
-1.998468637466430664e+00
-1.567052125930786133e+00
-1.000079631805419922e+00
-3.318934440612792969e-01
3.970098495483398438e-01
1.142390727996826172e+00
1.858923196792602539e+00
2.502914428710937500e+00
3.034932374954223633e+00
3.422159194946289062e+00
3.640366077423095703e+00
3.675370454788208008e+00
3.523884057998657227e+00
3.193716526031494141e+00
2.703307390213012695e+00
2.080627202987670898e+00
1.361500501632690430e+00
5.874673128128051758e-01
-1.967080533504486084e-01
-9.457130432128906250e-01
-1.616398811340332031e+00
-2.170363426208496094e+00
-2.576248407363891602e+00
-2.811614990234375000e+00
-2.864282608032226562e+00
-2.733056306838989258e+00
-2.427791595458984375e+00
-1.968801379203796387e+00
-1.385630607604980469e+00
-7.152839899063110352e-01
