0.000000000000000000e+00
4.906767606735229492e-02
9.801714122295379639e-02
1.467304676771163940e-01
1.950903236865997314e-01
2.429801821708679199e-01
2.902846634387969971e-01
3.368898630142211914e-01
3.826834261417388916e-01
4.275550842285156250e-01
4.713967442512512207e-01
5.141027569770812988e-01
5.555702447891235352e-01
5.956993103027343750e-01
6.343932747840881348e-01
6.715589761734008789e-01
7.071067690849304199e-01
7.409511208534240723e-01
7.730104327201843262e-01
8.032075166702270508e-01
8.314695954322814941e-01
8.577286005020141602e-01
8.819212913513183594e-01
9.039893150329589844e-01
9.238795042037963867e-01
9.415440559387207031e-01
9.569403529167175293e-01
9.700312614440917969e-01
9.807852506637573242e-01
9.891765117645263672e-01
9.951847195625305176e-01
9.987954497337341309e-01
1.000000000000000000e+00
9.987954497337341309e-01
9.951847195625305176e-01
9.891765117645263672e-01
9.807852506637573242e-01
9.700312614440917969e-01
9.569403529167175293e-01
9.415440559387207031e-01
9.238795042037963867e-01
9.039893150329589844e-01
8.819212913513183594e-01
8.577286005020141602e-01
8.314695954322814941e-01
8.032075166702270508e-01
7.730104327201843262e-01
7.409511208534240723e-01
7.071067690849304199e-01
6.715589761734008789e-01
6.343932747840881348e-01
5.956993103027343750e-01
5.555702447891235352e-01
5.141027569770812988e-01
4.713967442512512207e-01
4.275550842285156250e-01
3.826834261417388916e-01
3.368898630142211914e-01
2.902846634387969971e-01
2.429801821708679199e-01
1.950903236865997314e-01
1.467304676771163940e-01
9.801714122295379639e-02
4.906767606735229492e-02
1.224646852585167854e-16
-4.906767606735229492e-02
-9.801714122295379639e-02
-1.467304676771163940e-01
-1.950903236865997314e-01
-2.429801821708679199e-01
-2.902846634387969971e-01
-3.368898630142211914e-01
-3.826834261417388916e-01
-4.275550842285156250e-01
-4.713967442512512207e-01
-5.141027569770812988e-01
-5.555702447891235352e-01
-5.956993103027343750e-01
-6.343932747840881348e-01
-6.715589761734008789e-01
-7.071067690849304199e-01
-7.409511208534240723e-01
-7.730104327201843262e-01
-8.032075166702270508e-01
-8.314695954322814941e-01
-8.577286005020141602e-01
-8.819212913513183594e-01
-9.039893150329589844e-01
-9.238795042037963867e-01
-9.415440559387207031e-01
-9.569403529167175293e-01
-9.700312614440917969e-01
-9.807852506637573242e-01
-9.891765117645263672e-01
-9.951847195625305176e-01
-9.987954497337341309e-01
-1.000000000000000000e+00
-9.987954497337341309e-01
-9.951847195625305176e-01
-9.891765117645263672e-01
-9.807852506637573242e-01
-9.700312614440917969e-01
-9.569403529167175293e-01
-9.415440559387207031e-01
-9.238795042037963867e-01
-9.039893150329589844e-01
-8.819212913513183594e-01
-8.577286005020141602e-01
-8.314695954322814941e-01
-8.032075166702270508e-01
-7.730104327201843262e-01
-7.409511208534240723e-01
-7.071067690849304199e-01
-6.715589761734008789e-01
-6.343932747840881348e-01
-5.956993103027343750e-01
-5.555702447891235352e-01
-5.141027569770812988e-01
-4.713967442512512207e-01
-4.275550842285156250e-01
-3.826834261417388916e-01
-3.368898630142211914e-01
-2.902846634387969971e-01
-2.429801821708679199e-01
-1.950903236865997314e-01
-1.467304676771163940e-01
-9.801714122295379639e-02
-4.906767606735229492e-02
