-3.028758086913625469e-01
-2.042552204778015357e-01
-1.051858414293907890e-01
-8.109728809384956702e-03
8.461027305425754264e-02
1.707416843414499841e-01
2.482303902090637338e-01
3.152444602447859734e-01
3.702128505232260558e-01
4.118581655492100646e-01
4.392227886906746037e-01
4.516878358023378448e-01
4.489845444344937597e-01
4.311978768730458933e-01
3.987622856571118590e-01
3.524497614630280884e-01
2.933504516066089973e-01
2.228462992423955735e-01
1.425783051170682325e-01
5.440815217239924895e-02
-3.962494460892477394e-02
-1.373511976067817164e-01
-2.365199678067798905e-01
-3.348511415513803491e-01
-4.300870217914282700e-01
-5.200435831398864117e-01
-6.026599555192082569e-01
-6.760450415113615774e-01
-7.385202367725179906e-01
-7.886573096501215963e-01
-8.253106035360223691e-01
-8.476428511549953804e-01
-8.551440311755906798e-01
-8.476428511549953804e-01
-8.253106035360230353e-01
-7.886573096501215963e-01
-7.385202367725179906e-01
-6.760450415113615774e-01
-6.026599555192082569e-01
-5.200435831398864117e-01
-4.300870217914282700e-01
-3.348511415513809597e-01
-2.365199678067803069e-01
-1.373511976067817164e-01
-3.962494460892550252e-02
5.440815217239890894e-02
1.425783051170679272e-01
2.228462992423958233e-01
2.933504516066088308e-01
3.524497614630277553e-01
3.987622856571118590e-01
4.311978768730457268e-01
4.489845444344937597e-01
4.516878358023378448e-01
4.392227886906746592e-01
4.118581655492100091e-01
3.702128505232262778e-01
3.152444602447862509e-01
2.482303902090637615e-01
1.707416843414503449e-01
8.461027305425819489e-02
-8.109728809384880374e-03
-1.051858414293903726e-01
-2.042552204778015912e-01
-3.028758086913623249e-01
-3.985795372984664020e-01
-4.889264284800355354e-01
-5.715584272991682813e-01
-6.442517941397657433e-01
-7.049669166246838037e-01
-7.518944526659177008e-01
-7.834967926230174129e-01
-7.985439268892698950e-01
-7.961429234880771366e-01
-7.757603559119962133e-01
-7.372371715636248934e-01
-6.807956525352200083e-01
-6.070382896213589730e-01
-5.169385637540988565e-01
-4.118238027488887454e-01
-2.933504516066091083e-01
-1.634722579565356104e-01
-2.440202702008336527e-02
1.214322605759146079e-01
2.714360527096505993e-01
4.229005333680679879e-01
5.730575350281011948e-01
7.191358994902459223e-01
8.584180981574706104e-01
9.882959155181179067e-01
1.106324017976062057e+00
1.210270273794595397e+00
1.298161757858024901e+00
1.368325465758674087e+00
1.419422873445449484e+00
1.450477608931263873e+00
1.460895648558315774e+00
1.450477608931263873e+00
1.419422873445449484e+00
1.368325465758674087e+00
1.298161757858025789e+00
1.210270273794595397e+00
1.106324017976062724e+00
9.882959155181186839e-01
8.584180981574711655e-01
7.191358994902473656e-01
5.730575350281018610e-01
4.229005333680693757e-01
2.714360527096517650e-01
1.214322605759158152e-01
-2.440202702008234525e-02
-1.634722579565346945e-01
-2.933504516066083867e-01
-4.118238027488880237e-01
-5.169385637540970801e-01
-6.070382896213589730e-01
-6.807956525352196753e-01
-7.372371715636244494e-01
-7.757603559119959913e-01
-7.961429234880769146e-01
-7.985439268892700060e-01
-7.834967926230174129e-01
-7.518944526659180339e-01
-7.049669166246842478e-01
-6.442517941397661874e-01
-5.715584272991695025e-01
-4.889264284800354243e-01
-3.985795372984670681e-01
