-1.080916734525535876e-02
2.618336764982608367e-01
3.422758036894006928e-01
-1.288306573224943519e-01
-2.395443302237383609e-02
2.717682229104654082e-02
-2.875972038084793209e-03
-3.745283607110097730e-03
1.411496316904548541e-03
2.616670720375370552e-04
-2.975588552374506418e-04
3.158922433060487876e-05
4.098196237738050432e-05
-1.546463705161257588e-05
-2.858312126595218905e-06
3.257967542000297071e-06
-3.469672174331052628e-07
-4.484358451529017552e-07
1.694334565919898369e-07
3.122249574370521340e-08
-3.567141167977795144e-08
3.810948972758414202e-09
4.906902386221315897e-09
-1.856342328114689597e-09
-3.410538469115120231e-10
3.905651686839524065e-10
-4.185747863397167756e-11
-5.369255185143096643e-11
2.033838304041276320e-11
3.725423519385307330e-12
-4.276282538241690488e-12
4.597357374516925120e-13
