3.159115607593825925e-01
1.143339894315533456e-01
-1.036913440103871403e-01
-3.110550920418167498e-01
-4.811275755382551922e-01
-5.912898642559833995e-01
-6.260679183431591133e-01
-5.794260011990656212e-01
-4.558740729132888525e-01
-2.701946203343040809e-01
-4.577792887679060091e-02
1.882536651355455337e-01
4.007792617566119930e-01
5.627883351851160620e-01
6.513170183037780836e-01
6.526720548889349827e-01
5.644862282489679917e-01
3.962978574574967938e-01
1.685418101885169939e-01
-8.994573142028844392e-02
-3.456013032383227213e-01
-5.645126509369110535e-01
-7.169226786172701038e-01
-7.812530162556328150e-01
-7.470973224561721082e-01
-6.167666497785675439e-01
-4.051604009205055368e-01
-1.379608917092549625e-01
1.516233143928706062e-01
4.271416257193090260e-01
6.536472431496275215e-01
8.022725758196467272e-01
8.540219600475760231e-01
8.022725758196467272e-01
6.536472431496320734e-01
4.271416257193090260e-01
1.516233143928706062e-01
-1.379608917092549625e-01
-4.051604009205055368e-01
-6.167666497785675439e-01
-7.470973224561721082e-01
-7.812530162556329261e-01
-7.169226786172705479e-01
-5.645126509369110535e-01
-3.456013032383248862e-01
-8.994573142028952639e-02
1.685418101885162168e-01
3.962978574574975155e-01
5.644862282489675476e-01
6.526720548889346496e-01
6.513170183037780836e-01
5.627883351851163951e-01
4.007792617566119930e-01
1.882536651355461166e-01
-4.577792887678937966e-02
-2.701946203343043584e-01
-4.558740729132884084e-01
-5.794260011990650661e-01
-6.260679183431592243e-01
-5.912898642559837326e-01
-4.811275755382563024e-01
-3.110550920418170273e-01
-1.036913440103881395e-01
1.143339894315535538e-01
3.159115607593821484e-01
4.769018564816095429e-01
5.790559028837081179e-01
6.120502775744903756e-01
5.744139421692748826e-01
4.732824692313167270e-01
3.230740890553253086e-01
1.433197134775160420e-01
-4.402220373137874510e-02
-2.173869686853631134e-01
-3.581883360460768051e-01
-4.528503160566986763e-01
-4.940656283876318500e-01
-4.811794747719696508e-01
-4.197214829663974967e-01
-3.202200240608808479e-01
-1.965167964783971211e-01
-6.384582662944386644e-02
6.305372514886267710e-02
1.715545918334360764e-01
2.523149366073029198e-01
2.999160000157574668e-01
3.129564136944031905e-01
2.936714272359649547e-01
2.472010458115047882e-01
1.806603620570185198e-01
1.021665716326718293e-01
1.995349668458750933e-02
-5.833694776185013864e-02
-1.261464401866331797e-01
-1.782826842763096942e-01
-2.110367299064825342e-01
-2.221988385288109213e-01
-2.110367299064825342e-01
-1.782826842763096942e-01
-1.261464401866331797e-01
-5.833694776185104069e-02
1.995349668458750933e-02
1.021665716326713297e-01
1.806603620570180757e-01
2.472010458115044551e-01
2.936714272359646216e-01
3.129564136944031350e-01
2.999160000157577444e-01
2.523149366073035305e-01
1.715545918334367703e-01
6.305372514886352364e-02
-6.384582662944297826e-02
-1.965167964783962884e-01
-3.202200240608800708e-01
-4.197214829663960534e-01
-4.811794747719696508e-01
-4.940656283876320165e-01
-4.528503160566992314e-01
-3.581883360460775267e-01
-2.173869686853656669e-01
-4.402220373138163168e-02
1.433197134775164583e-01
3.230740890553239208e-01
4.732824692313157278e-01
5.744139421692744385e-01
6.120502775744903756e-01
5.790559028837081179e-01
4.769018564816105421e-01
