-2.196024098934270530e+00
-2.147851199988807469e+00
-2.098269950604655154e+00
-2.047416315615095517e+00
-1.995440161159206305e+00
-1.942504630194919368e+00
-1.888785384207427809e+00
-1.834469716457427069e+00
-1.779755543369878179e+00
-1.724850281861237677e+00
-1.669969621529898030e+00
-1.615336201679975048e+00
-1.561178204102412037e+00
-1.507727873390384055e+00
-1.455219977309861523e+00
-1.403890220373630093e+00
-1.353973624271964882e+00
-1.305702889190423210e+00
-1.259306750291204979e+00
-1.215008343746599495e+00
-1.173023596690035086e+00
-1.133559655292188495e+00
-1.096813364877851971e+00
-1.062969815576429333e+00
-1.032200966448933110e+00
-1.004664360362229392e+00
-9.805019410933955015e-01
-9.598389832506892816e-01
-9.427831446012764349e-01
-9.294236493088725570e-01
-9.198306094170670688e-01
-9.140544906773433453e-01
-9.121257275263864317e-01
-9.140544906773433453e-01
-9.198306094170668468e-01
-9.294236493088725570e-01
-9.427831446012764349e-01
-9.598389832506892816e-01
-9.805019410933955015e-01
-1.004664360362229392e+00
-1.032200966448933110e+00
-1.062969815576429333e+00
-1.096813364877851527e+00
-1.133559655292188495e+00
-1.173023596690034864e+00
-1.215008343746599495e+00
-1.259306750291204757e+00
-1.305702889190423432e+00
-1.353973624271965104e+00
-1.403890220373630093e+00
-1.455219977309861523e+00
-1.507727873390384055e+00
-1.561178204102412037e+00
-1.615336201679975048e+00
-1.669969621529897585e+00
-1.724850281861237900e+00
-1.779755543369877957e+00
-1.834469716457426625e+00
-1.888785384207428031e+00
-1.942504630194919368e+00
-1.995440161159205861e+00
-2.047416315615095517e+00
-2.098269950604654710e+00
-2.147851199988807913e+00
-2.196024098934270086e+00
-2.242667070554259290e+00
-2.287673271998477365e+00
-2.330950798646279409e+00
-2.372422746423440643e+00
-2.412027133624529807e+00
-2.449716684966337432e+00
-2.485458481910328032e+00
-2.519233484560913006e+00
-2.551035931659459521e+00
-2.580872626339627107e+00
-2.608762116376944551e+00
-2.634733778644282598e+00
-2.658826818365723099e+00
-2.681089194535862141e+00
-2.701576483532534212e+00
-2.720350693491929928e+00
-2.737479042431201659e+00
-2.753032713390860309e+00
-2.767085600025081860e+00
-2.779713056091059453e+00
-2.790990662178681525e+00
-2.800993022780412289e+00
-2.809792606430662865e+00
-2.817458641148064658e+00
-2.824056076797805126e+00
-2.829644625260628210e+00
-2.834277888457650718e+00
-2.838002583343866014e+00
-2.840857871957542358e+00
-2.842874803507589476e+00
-2.844075874307379070e+00
-2.844474710132862239e+00
-2.844075874307379070e+00
-2.842874803507589476e+00
-2.840857871957542358e+00
-2.838002583343866014e+00
-2.834277888457650718e+00
-2.829644625260628210e+00
-2.824056076797806014e+00
-2.817458641148065102e+00
-2.809792606430662865e+00
-2.800993022780412289e+00
-2.790990662178681969e+00
-2.779713056091059009e+00
-2.767085600025082748e+00
-2.753032713390860309e+00
-2.737479042431202103e+00
-2.720350693491929484e+00
-2.701576483532535100e+00
-2.681089194535863030e+00
-2.658826818365723099e+00
-2.634733778644283042e+00
-2.608762116376944551e+00
-2.580872626339627551e+00
-2.551035931659459965e+00
-2.519233484560913450e+00
-2.485458481910328032e+00
-2.449716684966336988e+00
-2.412027133624529807e+00
-2.372422746423441087e+00
-2.330950798646279409e+00
-2.287673271998477365e+00
-2.242667070554259734e+00
