2.473507984264260162e-14
-3.834932744503021240e-01
-7.586833834648132324e-01
-1.117447137832641602e+00
-1.452017307281494141e+00
-1.755149841308593750e+00
-2.020282745361328125e+00
-2.241676330566406250e+00
-2.414538383483886719e+00
-2.535127878189086914e+00
-2.600835323333740234e+00
-2.610239744186401367e+00
-2.563139438629150391e+00
-2.460556507110595703e+00
-2.304712533950805664e+00
-2.098984003067016602e+00
-1.847826242446899414e+00
-1.556677103042602539e+00
-1.231840968132019043e+00
-8.803501129150390625e-01
-5.098138451576232910e-01
-1.282529681921005249e-01
2.560734450817108154e-01
6.348460316658020020e-01
9.998663067817687988e-01
1.343236804008483887e+00
1.657524466514587402e+00
1.935927152633666992e+00
2.172420501708984375e+00
2.361888408660888672e+00
2.500228643417358398e+00
2.584449052810668945e+00
2.612726449966430664e+00
2.584449052810668945e+00
2.500228643417358398e+00
2.361888408660888672e+00
2.172420501708984375e+00
1.935927152633666992e+00
1.657524466514587402e+00
1.343236804008483887e+00
9.998663067817687988e-01
6.348460316658020020e-01
2.560734450817108154e-01
-1.282529681921005249e-01
-5.098138451576232910e-01
-8.803501129150390625e-01
-1.231840968132019043e+00
-1.556677103042602539e+00
-1.847826242446899414e+00
-2.098984003067016602e+00
-2.304712533950805664e+00
-2.460556507110595703e+00
-2.563139438629150391e+00
-2.610239744186401367e+00
-2.600835323333740234e+00
-2.535127878189086914e+00
-2.414538383483886719e+00
-2.241676330566406250e+00
-2.020282745361328125e+00
-1.755149841308593750e+00
-1.452017307281494141e+00
-1.117447137832641602e+00
-7.586833834648132324e-01
-3.834932744503021240e-01
2.377486127077849815e-14
3.834932744503021240e-01
7.586833834648132324e-01
1.117447137832641602e+00
1.452017307281494141e+00
1.755149841308593750e+00
2.020282745361328125e+00
2.241676330566406250e+00
2.414538383483886719e+00
2.535127878189086914e+00
2.600835323333740234e+00
2.610239744186401367e+00
2.563139438629150391e+00
2.460556507110595703e+00
2.304712533950805664e+00
2.098984003067016602e+00
1.847826242446899414e+00
1.556677103042602539e+00
1.231840968132019043e+00
8.803501129150390625e-01
5.098138451576232910e-01
1.282529681921005249e-01
-2.560734450817108154e-01
-6.348460316658020020e-01
-9.998663067817687988e-01
-1.343236804008483887e+00
-1.657524466514587402e+00
-1.935927152633666992e+00
-2.172420501708984375e+00
-2.361888408660888672e+00
-2.500228643417358398e+00
-2.584449052810668945e+00
-2.612726449966430664e+00
-2.584449052810668945e+00
-2.500228643417358398e+00
-2.361888408660888672e+00
-2.172420501708984375e+00
-1.935927152633666992e+00
-1.657524466514587402e+00
-1.343236804008483887e+00
-9.998663067817687988e-01
-6.348460316658020020e-01
-2.560734450817108154e-01
1.282529681921005249e-01
5.098138451576232910e-01
8.803501129150390625e-01
1.231840968132019043e+00
1.556677103042602539e+00
1.847826242446899414e+00
2.098984003067016602e+00
2.304712533950805664e+00
2.460556507110595703e+00
2.563139438629150391e+00
2.610239744186401367e+00
2.600835323333740234e+00
2.535127878189086914e+00
2.414538383483886719e+00
2.241676330566406250e+00
2.020282745361328125e+00
1.755149841308593750e+00
1.452017307281494141e+00
1.117447137832641602e+00
7.586833834648132324e-01
3.834932744503021240e-01
