-1.276155721809047183e-01
5.746856555669112021e-01
-1.818490845976551001e-02
2.596133958148454934e-01
1.064797787469532082e-02
1.186535586890571509e-01
1.347502201709873532e-02
5.485621882349330652e-02
1.011296666335404978e-02
2.564403763547909443e-02
6.459203301054921610e-03
1.211410129365695330e-02
3.814960414527028641e-03
5.778244199979804506e-03
2.152961459335050575e-03
2.780405054466075429e-03
1.180025462784514831e-03
1.348379315352481785e-03
6.339819632723382378e-04
6.584015248638521150e-04
3.358056508410302678e-04
3.234021896064003280e-04
1.760234294881033985e-04
1.596595741235204641e-04
9.155023519028200661e-05
7.916050181242564572e-05
4.733305564415572834e-05
3.938980816825820463e-05
2.436004597558503055e-05
1.965893459286884834e-05
1.249229754533761347e-05
9.835874888357522118e-06
