5.565970069724544000e-01
5.359296205741482799e-01
4.776457273703831330e-01
3.921890398622195906e-01
2.924778194453155344e-01
1.919533291210741288e-01
1.025786648111843419e-01
3.308826925060563001e-02
-1.224491113930595287e-02
-3.413182937926907690e-02
-3.799114416259041088e-02
-3.290626064241563425e-02
-2.996504738364004147e-02
-4.022919364164862649e-02
-7.264256906918847845e-02
-1.322051539370048545e-01
-2.187076137625625916e-01
-3.262450823788500265e-01
-4.436176391946613506e-01
-5.555950863249943250e-01
-6.448937808929559035e-01
-6.946026134202745173e-01
-6.907204018038439752e-01
-6.244396594243581955e-01
-4.938367898348065554e-01
-3.047035743867663182e-01
-7.036938889962360277e-02
1.894979607810340916e-01
4.509820858930055354e-01
6.886410641717531922e-01
8.785137385540899846e-01
1.001014666699070466e+00
1.043333069931668078e+00
1.001014666699070466e+00
8.785137385540937593e-01
6.886410641717531922e-01
4.509820858930055354e-01
1.894979607810340916e-01
-7.036938889962360277e-02
-3.047035743867663182e-01
-4.938367898348065554e-01
-6.244396594243576404e-01
-6.907204018038437532e-01
-6.946026134202745173e-01
-6.448937808929566806e-01
-5.555950863249946581e-01
-4.436176391946616837e-01
-3.262450823788495824e-01
-2.187076137625628691e-01
-1.322051539370053264e-01
-7.264256906918847845e-02
-4.022919364164864731e-02
-2.996504738364004147e-02
-3.290626064241564813e-02
-3.799114416259038313e-02
-3.413182937926903526e-02
-1.224491113930600839e-02
3.308826925060526225e-02
1.025786648111842725e-01
1.919533291210737957e-01
2.924778194453148128e-01
3.921890398622195906e-01
4.776457273703827999e-01
5.359296205741483909e-01
5.565970069724544000e-01
5.332919370051951713e-01
4.647863162443222618e-01
3.552995298684198389e-01
2.140576247190108528e-01
5.416311642605511206e-02
-1.090552497160185569e-01
-2.599721680763283915e-01
-3.845998078457322222e-01
-4.722576987059483589e-01
-5.167554546773553970e-01
-5.169419832590214092e-01
-4.765703967806870778e-01
-4.035275777346827297e-01
-3.085662908007366090e-01
-2.037429767313976015e-01
-1.007969622122694697e-01
-9.703048289553404399e-03
6.240877932473605505e-02
1.118383149486636835e-01
1.383583367286292942e-01
1.447543695188374391e-01
1.359738029638980772e-01
1.180501313391406348e-01
9.699207084976835258e-02
7.781967556104417427e-02
6.389280399478944328e-02
5.661848476609433745e-02
5.555335827132090731e-02
5.884750555888723644e-02
6.391830506061310646e-02
6.820689088027327707e-02
6.986094401324072223e-02
6.820689088027327707e-02
6.391830506061310646e-02
5.884750555888723644e-02
5.555335827132088650e-02
5.661848476609433745e-02
6.389280399478938777e-02
7.781967556104402162e-02
9.699207084976824156e-02
1.180501313391403989e-01
1.359738029638979939e-01
1.447543695188374391e-01
1.383583367286294608e-01
1.118383149486639611e-01
6.240877932473653383e-02
-9.703048289552819797e-03
-1.007969622122688036e-01
-2.037429767313969631e-01
-3.085662908007348881e-01
-4.035275777346827297e-01
-4.765703967806866892e-01
-5.169419832590211872e-01
-5.167554546773555080e-01
-4.722576987059493026e-01
-3.845998078457339431e-01
-2.599721680763281140e-01
-1.090552497160199030e-01
5.416311642605391857e-02
2.140576247190097148e-01
3.552995298684177850e-01
4.647863162443224838e-01
5.332919370051948382e-01
