-0.000000000000000000e+00
-3.694197391309341633e-02
-7.379495137529543114e-02
-1.104701503359600129e-01
-1.468792170284228815e-01
-1.829344388219643069e-01
-2.185489555292191854e-01
-2.536369686599765361e-01
-2.881139481172573791e-01
-3.218968358377223282e-01
-3.549042458858213678e-01
-3.870566605196408827e-01
-4.182766217561091904e-01
-4.484889179740619847e-01
-4.776207651056255110e-01
-5.056019819794114190e-01
-5.323651593931056913e-01
-5.578458225081412980e-01
-5.819825861752314644e-01
-6.047173028165713227e-01
-6.259952025084460914e-01
-6.457650249267741227e-01
-6.639791428377175286e-01
-6.805936768358608058e-01
-6.955686010535410135e-01
-7.088678395866692128e-01
-7.204593534047435410e-01
-7.303152175356794062e-01
-7.384116883395137609e-01
-7.447292607089129879e-01
-7.492527150586852924e-01
-7.519711539910942655e-01
-7.528780285486446067e-01
-7.519711539910942655e-01
-7.492527150586854034e-01
-7.447292607089129879e-01
-7.384116883395137609e-01
-7.303152175356794062e-01
-7.204593534047435410e-01
-7.088678395866692128e-01
-6.955686010535410135e-01
-6.805936768358609168e-01
-6.639791428377176397e-01
-6.457650249267741227e-01
-6.259952025084463134e-01
-6.047173028165713227e-01
-5.819825861752314644e-01
-5.578458225081411870e-01
-5.323651593931058024e-01
-5.056019819794115300e-01
-4.776207651056255110e-01
-4.484889179740620402e-01
-4.182766217561091904e-01
-3.870566605196409382e-01
-3.549042458858215343e-01
-3.218968358377222727e-01
-2.881139481172574346e-01
-2.536369686599767581e-01
-2.185489555292192132e-01
-1.829344388219644457e-01
-1.468792170284231313e-01
-1.104701503359600545e-01
-7.379495137529559767e-02
-3.694197391309338163e-02
-9.220096678104672566e-17
3.694197391309319428e-02
7.379495137529541726e-02
1.104701503359598880e-01
1.468792170284229648e-01
1.829344388219642514e-01
2.185489555292190189e-01
2.536369686599765916e-01
2.881139481172572681e-01
3.218968358377221062e-01
3.549042458858213678e-01
3.870566605196407717e-01
4.182766217561090238e-01
4.484889179740618737e-01
4.776207651056253445e-01
5.056019819794115300e-01
5.323651593931056913e-01
5.578458225081410760e-01
5.819825861752311313e-01
6.047173028165714337e-01
6.259952025084460914e-01
6.457650249267740117e-01
6.639791428377175286e-01
6.805936768358606948e-01
6.955686010535407915e-01
7.088678395866692128e-01
7.204593534047434300e-01
7.303152175356794062e-01
7.384116883395136499e-01
7.447292607089129879e-01
7.492527150586854034e-01
7.519711539910942655e-01
7.528780285486446067e-01
7.519711539910942655e-01
7.492527150586854034e-01
7.447292607089129879e-01
7.384116883395137609e-01
7.303152175356794062e-01
7.204593534047435410e-01
7.088678395866693238e-01
6.955686010535409025e-01
6.805936768358608058e-01
6.639791428377176397e-01
6.457650249267742337e-01
6.259952025084463134e-01
6.047173028165716557e-01
5.819825861752313534e-01
5.578458225081412980e-01
5.323651593931058024e-01
5.056019819794116410e-01
4.776207651056258441e-01
4.484889179740618737e-01
4.182766217561091904e-01
3.870566605196410492e-01
3.549042458858215898e-01
3.218968358377226613e-01
2.881139481172578232e-01
2.536369686599764806e-01
2.185489555292192965e-01
1.829344388219645290e-01
1.468792170284232146e-01
1.104701503359604847e-01
7.379495137529536175e-02
3.694197391309347184e-02
