-2.520900874343652842e-01
-2.402968057247592826e-01
-2.262267111238725759e-01
-2.095669351820484971e-01
-1.899605985601057478e-01
-1.670173789391646846e-01
-1.403353929194924299e-01
-1.095357673538934068e-01
-7.430982632256527554e-02
-3.447634617488957304e-02
9.957139432725593473e-03
5.873890261081236158e-02
1.113364028888462198e-01
1.669317329438900765e-01
2.244582558001480266e-01
2.826788041614855529e-01
3.402946184043404432e-01
3.960648178160456889e-01
4.489128613027058567e-01
4.980007971600562966e-01
5.427620693819206199e-01
5.828947986928103564e-01
6.183256159503610627e-01
6.491573727328669996e-01
6.756129394920102893e-01
6.979837353857979432e-01
7.165875694167793686e-01
7.317370575854846848e-01
7.437177611235443742e-01
7.527741714906299730e-01
7.591014272949621056e-01
7.628408537676232282e-01
7.640778187872022675e-01
7.628408537676232282e-01
7.591014272949622166e-01
7.527741714906299730e-01
7.437177611235443742e-01
7.317370575854846848e-01
7.165875694167793686e-01
6.979837353857979432e-01
6.756129394920102893e-01
6.491573727328669996e-01
6.183256159503613958e-01
5.828947986928103564e-01
5.427620693819210640e-01
4.980007971600562966e-01
4.489128613027061343e-01
3.960648178160455779e-01
3.402946184043407207e-01
2.826788041614860525e-01
2.244582558001480266e-01
1.669317329438903263e-01
1.113364028888462198e-01
5.873890261081236158e-02
9.957139432726257872e-03
-3.447634617488957304e-02
-7.430982632256549758e-02
-1.095357673538927407e-01
-1.403353929194928462e-01
-1.670173789391644625e-01
-1.899605985601057478e-01
-2.095669351820483028e-01
-2.262267111238723261e-01
-2.402968057247597267e-01
-2.520900874343652842e-01
-2.618741111559111934e-01
-2.698768096411279238e-01
-2.762968546186051477e-01
-2.813163099079827867e-01
-2.851131234800035608e-01
-2.878710337659983742e-01
-2.897848095658233092e-01
-2.910595730875971676e-01
-2.919042472339025140e-01
-2.925206207428379113e-01
-2.930906479653341834e-01
-2.937649568859512228e-01
-2.946549987766747258e-01
-2.958300916335404596e-01
-2.973192784427497459e-01
-2.991169005432154915e-01
-3.011903078454652993e-01
-3.034881640610064824e-01
-3.059481693294190396e-01
-3.085034988145013424e-01
-3.110876859633332492e-01
-3.136379875999076305e-01
-3.160974448794362512e-01
-3.184159250363614024e-01
-3.205504300883548763e-01
-3.224649226292977122e-01
-3.241298687501839582e-01
-3.255216479213670078e-01
-3.266219362445053620e-01
-3.274171351716899658e-01
-3.278978923871924134e-01
-3.280587436666146384e-01
-3.278978923871924134e-01
-3.274171351716899658e-01
-3.266219362445053620e-01
-3.255216479213668412e-01
-3.241298687501839582e-01
-3.224649226292977122e-01
-3.205504300883552649e-01
-3.184159250363612359e-01
-3.160974448794362512e-01
-3.136379875999074085e-01
-3.110876859633330271e-01
-3.085034988145009538e-01
-3.059481693294193727e-01
-3.034881640610064824e-01
-3.011903078454648552e-01
-2.991169005432158801e-01
-2.973192784427495794e-01
-2.958300916335400710e-01
-2.946549987766747258e-01
-2.937649568859512228e-01
-2.930906479653340724e-01
-2.925206207428380223e-01
-2.919042472339020700e-01
-2.910595730875969456e-01
-2.897848095658234202e-01
-2.878710337659983742e-01
-2.851131234800035608e-01
-2.813163099079829532e-01
-2.762968546186055363e-01
-2.698768096411283124e-01
-2.618741111559114154e-01
