7.432310971423322643e-02
-1.694115060798640493e-01
9.211743622871594595e-02
2.574766767574171444e-02
-2.874003063806818484e-02
-1.048357763472179769e-03
7.609129081899126436e-03
-1.208799572420685923e-03
-1.725679278404796974e-03
6.468750405012210726e-04
3.189231682562011089e-04
-2.286651990288562420e-04
-3.773221849917471034e-05
6.625327659988358589e-05
-3.154772049462399515e-06
-1.645813869613051570e-05
4.011722030101988416e-06
3.460998056765767042e-06
-1.706377077986723552e-06
-5.601310254895756595e-07
5.485459891708670666e-07
3.771087363682819720e-08
-1.486719680998258363e-07
1.917935105531466798e-08
3.458017310592676551e-08
-1.166297174991922916e-08
-6.643341086975609337e-09
4.296381656482957031e-09
8.767179497410078022e-10
-1.277438177492079005e-09
2.238410548443269943e-11
3.248035042045728409e-10
