7.317877395358449721e-01
6.664633757568523276e-01
5.528992152651497349e-01
4.060205157138676579e-01
2.448654901275731377e-01
8.978137538223812664e-02
-4.062365341175058764e-02
-1.322976423006405611e-01
-1.778830147235687942e-01
-1.778252924675481905e-01
-1.402561789681595894e-01
-7.964261080791798508e-02
-1.438625039686891420e-02
3.627389633256589141e-02
5.558586484785077442e-02
3.231901827441174824e-02
-3.697761464087939709e-02
-1.468723936730614021e-01
-2.833162139230437915e-01
-4.252855660727867804e-01
-5.476043492022660830e-01
-6.245615907729162863e-01
-6.338118854688539194e-01
-5.599887946487694945e-01
-3.974883178022996510e-01
-1.519871961529737636e-01
1.595654778722894740e-01
5.105297812608439179e-01
8.675506558330602358e-01
1.194546030918918644e+00
1.457175292604698802e+00
1.627180526528776427e+00
1.686003863736414532e+00
1.627180526528776427e+00
1.457175292604704131e+00
1.194546030918918644e+00
8.675506558330602358e-01
5.105297812608439179e-01
1.595654778722894740e-01
-1.519871961529737636e-01
-3.974883178022996510e-01
-5.599887946487688284e-01
-6.338118854688536974e-01
-6.245615907729162863e-01
-5.476043492022671932e-01
-4.252855660727872245e-01
-2.833162139230441245e-01
-1.468723936730609303e-01
-3.697761464087967465e-02
3.231901827441140823e-02
5.558586484785077442e-02
3.627389633256603019e-02
-1.438625039686891420e-02
-7.964261080791780467e-02
-1.402561789681592841e-01
-1.778252924675482460e-01
-1.778830147235688497e-01
-1.322976423006409774e-01
-4.062365341175069866e-02
8.978137538223755765e-02
2.448654901275718887e-01
4.060205157138674914e-01
5.528992152651490688e-01
6.664633757568523276e-01
7.317877395358447501e-01
7.401914043600432702e-01
6.903804504337285319e-01
5.884448972548717016e-01
4.467343669256678695e-01
2.818116524393705080e-01
1.118246711941849880e-01
-4.627660566619676979e-02
-1.792335981405399070e-01
-2.792904803538496794e-01
-3.450447082178864644e-01
-3.812148997821039886e-01
-3.973795235796936942e-01
-4.059057837154678161e-01
-4.194185880135076205e-01
-4.482340516351983606e-01
-4.981889038935501390e-01
-5.692352924757566601e-01
-6.550494251292557912e-01
-7.437411113576216648e-01
-8.195747464289322437e-01
-8.654482193440236060e-01
-8.657503741202833281e-01
-8.091499151009615698e-01
-6.908699935780664436e-01
-5.140734678446021721e-01
-2.901135908162950083e-01
-3.757409919057835834e-02
2.197943567214557525e-01
4.559657317407386778e-01
6.459536458511343504e-01
7.690768073994778131e-01
8.117035427497014677e-01
7.690768073994778131e-01
6.459536458511343504e-01
4.559657317407386778e-01
2.197943567214588334e-01
-3.757409919057835834e-02
-2.901135908162935650e-01
-5.140734678446011729e-01
-6.908699935780657775e-01
-8.091499151009607926e-01
-8.657503741202832170e-01
-8.654482193440237170e-01
-8.195747464289329098e-01
-7.437411113576222199e-01
-6.550494251292564574e-01
-5.692352924757568822e-01
-4.981889038935504721e-01
-4.482340516351986381e-01
-4.194185880135080091e-01
-4.059057837154678161e-01
-3.973795235796938052e-01
-3.812148997821042107e-01
-3.450447082178867975e-01
-2.792904803538510117e-01
-1.792335981405417666e-01
-4.627660566619648530e-02
1.118246711941836974e-01
2.818116524393693423e-01
4.467343669256667038e-01
5.884448972548697032e-01
6.903804504337286430e-01
7.401914043600431592e-01
