4.165560007095336914e-02
-9.779232144355773926e-01
-9.617072939872741699e-01
9.838020801544189453e-02
1.799923181533813477e-02
-1.107703924179077148e+00
-9.689065217971801758e-01
2.232781052589416504e-01
1.148831844329833984e-02
-1.266510367393493652e+00
-9.824498891830444336e-01
3.867787122726440430e-01
1.873630285263061523e-02
-1.446141242980957031e+00
-9.571210741996765137e-01
6.432126164436340332e-01
1.457822322845458984e-02
-1.759616374969482422e+00
-9.647837281227111816e-01
1.032398104667663574e+00
2.887463569641113281e-02
-2.269190549850463867e+00
-1.011512160301208496e+00
1.649340867996215820e+00
-7.191282510757446289e-02
-3.406381607055664062e+00
-1.036779880523681641e+00
3.468285322189331055e+00
-7.492810487747192383e-02
-7.361752033233642578e+00
-1.314383506774902344e+00
1.914766311645507812e+01
3.106818580627441406e+01
1.914766311645507812e+01
-1.314383506774902344e+00
-7.361752033233642578e+00
-7.492810487747192383e-02
3.468285322189331055e+00
-1.036779880523681641e+00
-3.406381607055664062e+00
-7.191282510757446289e-02
1.649340867996215820e+00
-1.011512160301208496e+00
-2.269190549850463867e+00
2.887463569641113281e-02
1.032398104667663574e+00
-9.647837281227111816e-01
-1.759616374969482422e+00
1.457822322845458984e-02
6.432126164436340332e-01
-9.571210741996765137e-01
-1.446141242980957031e+00
1.873630285263061523e-02
3.867787122726440430e-01
-9.824498891830444336e-01
-1.266510367393493652e+00
1.148831844329833984e-02
2.232781052589416504e-01
-9.689065217971801758e-01
-1.107703924179077148e+00
1.799923181533813477e-02
9.838020801544189453e-02
-9.617072939872741699e-01
-9.779232144355773926e-01
4.165560007095336914e-02
2.063031494617462158e-02
-9.453163743019104004e-01
-8.812593221664428711e-01
3.688663244247436523e-02
-6.961390376091003418e-02
-9.461249113082885742e-01
-8.005723953247070312e-01
3.674685955047607422e-02
-1.498087197542190552e-01
-9.602495431900024414e-01
-7.474032640457153320e-01
2.777642011642456055e-02
-2.141096144914627075e-01
-9.540783762931823730e-01
-6.797930598258972168e-01
3.053873777389526367e-02
-2.731173932552337646e-01
-9.534831643104553223e-01
-6.161897778511047363e-01
4.635983705520629883e-02
-3.089655637741088867e-01
-9.414255023002624512e-01
-5.618938803672790527e-01
4.080551862716674805e-02
-3.671452999114990234e-01
-9.456394314765930176e-01
-5.123329758644104004e-01
4.174757003784179688e-02
-4.177160561084747314e-01
-9.519360065460205078e-01
-4.748636782169342041e-01
2.894496917724609375e-02
-4.748636782169342041e-01
-9.519360065460205078e-01
-4.177160561084747314e-01
4.174757003784179688e-02
-5.123329758644104004e-01
-9.456394314765930176e-01
-3.671452999114990234e-01
4.080551862716674805e-02
-5.618938803672790527e-01
-9.414255023002624512e-01
-3.089655637741088867e-01
4.635983705520629883e-02
-6.161897778511047363e-01
-9.534831643104553223e-01
-2.731173932552337646e-01
3.053873777389526367e-02
-6.797930598258972168e-01
-9.540783762931823730e-01
-2.141096144914627075e-01
2.777642011642456055e-02
-7.474032640457153320e-01
-9.602495431900024414e-01
-1.498087197542190552e-01
3.674685955047607422e-02
-8.005723953247070312e-01
-9.461249113082885742e-01
-6.961390376091003418e-02
3.688663244247436523e-02
-8.812593221664428711e-01
-9.453163743019104004e-01
2.063031494617462158e-02
