4.344119112165879380e-23
2.075197547674179077e-01
4.105472564697265625e-01
6.046875715255737305e-01
7.857379317283630371e-01
9.497792124748229980e-01
1.093260049819946289e+00
1.213074684143066406e+00
1.306629300117492676e+00
1.371898412704467773e+00
1.407469272613525391e+00
1.412571072578430176e+00
1.387093901634216309e+00
1.331588983535766602e+00
1.247257471084594727e+00
1.135924816131591797e+00
1.000001311302185059e+00
8.424289226531982422e-01
6.666187644004821777e-01
4.763763546943664551e-01
2.758200168609619141e-01
6.929098814725875854e-02
-1.387400478124618530e-01
-3.437694311141967773e-01
-5.413587689399719238e-01
-7.272321581840515137e-01
-8.973652124404907227e-01
-1.048074960708618164e+00
-1.176098942756652832e+00
-1.278667092323303223e+00
-1.353557944297790527e+00
-1.399151086807250977e+00
-1.414459109306335449e+00
-1.399151086807250977e+00
-1.353557944297790527e+00
-1.278667092323303223e+00
-1.176098942756652832e+00
-1.048074960708618164e+00
-8.973652124404907227e-01
-7.272321581840515137e-01
-5.413587689399719238e-01
-3.437694311141967773e-01
-1.387400478124618530e-01
6.929098814725875854e-02
2.758200168609619141e-01
4.763763546943664551e-01
6.666187644004821777e-01
8.424289226531982422e-01
1.000001311302185059e+00
1.135924816131591797e+00
1.247257471084594727e+00
1.331588983535766602e+00
1.387093901634216309e+00
1.412571072578430176e+00
1.407469272613525391e+00
1.371898412704467773e+00
1.306629300117492676e+00
1.213074684143066406e+00
1.093260049819946289e+00
9.497792124748229980e-01
7.857379317283630371e-01
6.046875715255737305e-01
4.105472564697265625e-01
2.075197547674179077e-01
5.196025676746979152e-16
-2.075197547674179077e-01
-4.105472564697265625e-01
-6.046875715255737305e-01
-7.857379317283630371e-01
-9.497792124748229980e-01
-1.093260049819946289e+00
-1.213074684143066406e+00
-1.306629300117492676e+00
-1.371898412704467773e+00
-1.407469272613525391e+00
-1.412571072578430176e+00
-1.387093901634216309e+00
-1.331588983535766602e+00
-1.247257471084594727e+00
-1.135924816131591797e+00
-1.000001311302185059e+00
-8.424289226531982422e-01
-6.666187644004821777e-01
-4.763763546943664551e-01
-2.758200168609619141e-01
-6.929098814725875854e-02
1.387400478124618530e-01
3.437694311141967773e-01
5.413587689399719238e-01
7.272321581840515137e-01
8.973652124404907227e-01
1.048074960708618164e+00
1.176098942756652832e+00
1.278667092323303223e+00
1.353557944297790527e+00
1.399151086807250977e+00
1.414459109306335449e+00
1.399151086807250977e+00
1.353557944297790527e+00
1.278667092323303223e+00
1.176098942756652832e+00
1.048074960708618164e+00
8.973652124404907227e-01
7.272321581840515137e-01
5.413587689399719238e-01
3.437694311141967773e-01
1.387400478124618530e-01
-6.929098814725875854e-02
-2.758200168609619141e-01
-4.763763546943664551e-01
-6.666187644004821777e-01
-8.424289226531982422e-01
-1.000001311302185059e+00
-1.135924816131591797e+00
-1.247257471084594727e+00
-1.331588983535766602e+00
-1.387093901634216309e+00
-1.412571072578430176e+00
-1.407469272613525391e+00
-1.371898412704467773e+00
-1.306629300117492676e+00
-1.213074684143066406e+00
-1.093260049819946289e+00
-9.497792124748229980e-01
-7.857379317283630371e-01
-6.046875715255737305e-01
-4.105472564697265625e-01
-2.075197547674179077e-01
