4.219037241622247518e-03
1.539385680062947855e-02
2.679041592314180750e-02
3.392318463429151720e-02
3.809784827151053987e-02
4.023331663701911615e-02
4.097557652558974500e-02
4.077807124866240918e-02
3.995844597308999269e-02
3.873860587497542085e-02
3.727299224434107300e-02
3.566853994991568688e-02
3.399876169485808314e-02
3.231368571739590134e-02
3.064686607493839407e-02
2.902032630304998695e-02
2.744804421874738609e-02
2.593840698406705766e-02
2.449593940261363123e-02
2.312251935517018256e-02
2.181823139296086567e-02
2.058196510428040443e-02
1.941183351896498543e-02
1.830546467943890837e-02
1.726020387819877933e-02
1.627325302707347682e-02
1.534176583302648139e-02
1.446291195515676635e-02
1.363391943466270642e-02
1.285210194849685343e-02
1.211487550261350007e-02
1.141976781510447257e-02
1.076442267579766354e-02
1.014660088890755735e-02
9.564178925655260344e-03
9.015146075515772378e-03
8.497600646314740561e-03
8.009745595422427047e-03
7.549883856047678345e-03
7.116413539482372222e-03
6.707823135753383272e-03
6.322686794209259227e-03
5.959659736952359343e-03
5.617473838088881712e-03
5.294933387942919040e-03
4.990911051855639359e-03
4.704344026688974875e-03
4.434230393773407053e-03
4.179625664145772412e-03
3.939639510067257516e-03
3.713432675678098125e-03
3.500214059011546273e-03
3.299237957299019572e-03
3.109801467441047386e-03
2.931242033617626613e-03
2.762935134212946963e-03
2.604292100495498013e-03
2.454758059799211183e-03
2.313809996276460640e-03
2.180954922627115038e-03
2.055728156540990396e-03
1.937691695918501060e-03
1.826432687252374379e-03
1.721561981859796951e-03
1.622712774947964202e-03
1.529539322776077900e-03
1.441715733443186490e-03
1.358934827083967947e-03
1.280907061493924068e-03
1.207359519431917697e-03
1.138034954062007139e-03
1.072690889198699756e-03
1.011098771210583447e-03
9.530431696173827369e-04
8.983210235853851576e-04
8.467409316864201937e-04
7.981224824366863705e-04
7.522956232742127785e-04
7.091000657680796189e-04
6.683847249791782016e-04
6.300071910116902167e-04
5.938332309070213592e-04
5.597363191380289602e-04
5.275971950613986576e-04
4.973034457803039926e-04
4.687491129583513526e-04
4.418343222095803043e-04
4.164649337682487201e-04
3.925522132165598643e-04
3.700125211186421829e-04
3.487670204752199251e-04
3.287414009757418294e-04
3.098656190834884008e-04
2.920736530445548545e-04
2.753032719638073399e-04
2.594958181401104498e-04
2.445960018995009836e-04
2.305517082086976685e-04
2.173138143925393653e-04
2.048360183177830968e-04
1.930746764423009920e-04
1.819886511632216029e-04
1.715391669300856791e-04
1.616896746197439821e-04
1.524057236986218783e-04
1.436548417252128901e-04
1.354064207713378274e-04
1.276316103649052769e-04
1.203032165797199413e-04
1.133956069193854974e-04
1.068846206626148651e-04
1.007474843563628547e-04
9.496273216120196291e-05
8.951013077033356921e-05
8.437060863962405873e-05
7.952618928113397662e-05
7.495992838682131597e-05
7.065585456249659242e-05
6.659891346473531862e-05
6.277491514535549753e-05
5.917048441928727365e-05
5.577301408223657328e-05
5.257062081451229207e-05
4.955210361678208148e-05
4.670690463237754192e-05
4.402507221911722155e-05
4.149722614148376634e-05
3.911452476140817416e-05
