1.017153980347134778e+00
9.608290875948141130e-01
8.925911180232243280e-01
8.143316181850994706e-01
7.281343778427662450e-01
6.362239017080709713e-01
5.409090893320233073e-01
4.445237158242317244e-01
3.493654547177738601e-01
2.576352767287614642e-01
1.713790898085359171e-01
9.243345430702867849e-02
2.237711207775714556e-02
-3.751008792071888059e-02
-8.627949815902054287e-02
-1.233361094371184102e-01
-1.484503159775975023e-01
-1.617585460950214937e-01
-1.637526540199960301e-01
-1.552583350915950622e-01
-1.374031889595268840e-01
-1.115754010188984291e-01
-7.937432886252568376e-02
-4.255455681513210103e-02
-2.965207670798463303e-03
3.751353165829467845e-02
7.703461100520667126e-02
1.138469506070374643e-01
1.463548500474266267e-01
1.731720206724877420e-01
1.931684615743306799e-01
2.055086317122543915e-01
2.096796560132986043e-01
2.055086317122543915e-01
1.931684615743310685e-01
1.731720206724877420e-01
1.463548500474266267e-01
1.138469506070374643e-01
7.703461100520667126e-02
3.751353165829467845e-02
-2.965207670798463303e-03
-4.255455681513187899e-02
-7.937432886252551723e-02
-1.115754010188984291e-01
-1.374031889595267175e-01
-1.552583350915949789e-01
-1.637526540199960301e-01
-1.617585460950214660e-01
-1.484503159775976133e-01
-1.233361094371186184e-01
-8.627949815902054287e-02
-3.751008792071901937e-02
2.237711207775714556e-02
9.243345430702851195e-02
1.713790898085354453e-01
2.576352767287616308e-01
3.493654547177735825e-01
4.445237158242310582e-01
5.409090893320231963e-01
6.362239017080705272e-01
7.281343778427655788e-01
8.143316181850994706e-01
8.925911180232239950e-01
9.608290875948142240e-01
1.017153980347134778e+00
1.059911834982127710e+00
1.087724276726357520e+00
1.099518295029900505e+00
1.094547208129366345e+00
1.072402528559019075e+00
1.033016746577456457e+00
9.766573397003829315e-01
9.039125858908584332e-01
8.156699963213603910e-01
7.130883832450818360e-01
5.975647333175403420e-01
4.706971624784399566e-01
3.342452830129066244e-01
1.900893164737452734e-01
4.018923958105878602e-02
-1.134548422635657805e-01
-2.688400321781422297e-01
-4.239947946110079191e-01
-5.770092207662274042e-01
-7.260609124367943812e-01
-8.694362061918277096e-01
-1.005546674010792563e+00
-1.132941039552895157e+00
-1.250312832937832130e+00
-1.356504263865002224e+00
-1.450506917094984694e+00
-1.531459961287969351e+00
-1.598646609179433353e+00
-1.651489573121853072e+00
-1.689546226007631491e+00
-1.712504106159972395e+00
-1.720177300225240957e+00
-1.712504106159972395e+00
-1.689546226007631491e+00
-1.651489573121853072e+00
-1.598646609179434019e+00
-1.531459961287969351e+00
-1.450506917094985138e+00
-1.356504263865002669e+00
-1.250312832937832797e+00
-1.132941039552896267e+00
-1.005546674010793007e+00
-8.694362061918290419e-01
-7.260609124367956024e-01
-5.770092207662284034e-01
-4.239947946110090293e-01
-2.688400321781432845e-01
-1.134548422635667103e-01
4.018923958105789090e-02
1.900893164737426644e-01
3.342452830129066244e-01
4.706971624784391794e-01
5.975647333175394538e-01
7.130883832450811699e-01
8.156699963213587257e-01
9.039125858908571010e-01
9.766573397003829315e-01
1.033016746577456013e+00
1.072402528559018853e+00
1.094547208129366345e+00
1.099518295029900727e+00
1.087724276726357520e+00
1.059911834982128154e+00
