0.000000000000000000e+00
-4.912683367729187012e-02
-9.813531488180160522e-02
-1.469073742628097534e-01
-1.953255087137222290e-01
-2.432730942964553833e-01
-2.906345725059509277e-01
-3.372959494590759277e-01
-3.831447064876556396e-01
-4.280704259872436523e-01
-4.719649255275726318e-01
-5.147224068641662598e-01
-5.562398433685302734e-01
-5.964172482490539551e-01
-6.351578831672668457e-01
-6.723683476448059082e-01
-7.079589962959289551e-01
-7.418442368507385254e-01
-7.739421725273132324e-01
-8.041756153106689453e-01
-8.324717879295349121e-01
-8.587625026702880859e-01
-8.829843401908874512e-01
-9.050789475440979004e-01
-9.249931573867797852e-01
-9.426789879798889160e-01
-9.580937623977661133e-01
-9.712004661560058594e-01
-9.819673895835876465e-01
-9.903687834739685059e-01
-9.963842034339904785e-01
-9.999992847442626953e-01
-1.001205325126647949e+00
-9.999992847442626953e-01
-9.963842034339904785e-01
-9.903687834739685059e-01
-9.819673895835876465e-01
-9.712004661560058594e-01
-9.580937623977661133e-01
-9.426789879798889160e-01
-9.249931573867797852e-01
-9.050789475440979004e-01
-8.829843401908874512e-01
-8.587625026702880859e-01
-8.324717879295349121e-01
-8.041756153106689453e-01
-7.739421725273132324e-01
-7.418442368507385254e-01
-7.079589962959289551e-01
-6.723683476448059082e-01
-6.351578831672668457e-01
-5.964172482490539551e-01
-5.562398433685302734e-01
-5.147224068641662598e-01
-4.719649255275726318e-01
-4.280704259872436523e-01
-3.831447064876556396e-01
-3.372959494590759277e-01
-2.906345725059509277e-01
-2.432730942964553833e-01
-1.953255087137222290e-01
-1.469073742628097534e-01
-9.813531488180160522e-02
-4.912683367729187012e-02
-1.226123336891350507e-16
4.912683367729187012e-02
9.813531488180160522e-02
1.469073742628097534e-01
1.953255087137222290e-01
2.432730942964553833e-01
2.906345725059509277e-01
3.372959494590759277e-01
3.831447064876556396e-01
4.280704259872436523e-01
4.719649255275726318e-01
5.147224068641662598e-01
5.562398433685302734e-01
5.964172482490539551e-01
6.351578831672668457e-01
6.723683476448059082e-01
7.079589962959289551e-01
7.418442368507385254e-01
7.739421725273132324e-01
8.041756153106689453e-01
8.324717879295349121e-01
8.587625026702880859e-01
8.829843401908874512e-01
9.050789475440979004e-01
9.249931573867797852e-01
9.426789879798889160e-01
9.580937623977661133e-01
9.712004661560058594e-01
9.819673895835876465e-01
9.903687834739685059e-01
9.963842034339904785e-01
9.999992847442626953e-01
1.001205325126647949e+00
9.999992847442626953e-01
9.963842034339904785e-01
9.903687834739685059e-01
9.819673895835876465e-01
9.712004661560058594e-01
9.580937623977661133e-01
9.426789879798889160e-01
9.249931573867797852e-01
9.050789475440979004e-01
8.829843401908874512e-01
8.587625026702880859e-01
8.324717879295349121e-01
8.041756153106689453e-01
7.739421725273132324e-01
7.418442368507385254e-01
7.079589962959289551e-01
6.723683476448059082e-01
6.351578831672668457e-01
5.964172482490539551e-01
5.562398433685302734e-01
5.147224068641662598e-01
4.719649255275726318e-01
4.280704259872436523e-01
3.831447064876556396e-01
3.372959494590759277e-01
2.906345725059509277e-01
2.432730942964553833e-01
1.953255087137222290e-01
1.469073742628097534e-01
9.813531488180160522e-02
4.912683367729187012e-02
