-1.756091833114624023e+00
-2.415530443191528320e+00
-2.002727985382080078e+00
-8.480973839759826660e-01
-5.089414119720458984e-01
-1.395775914192199707e+00
-2.047017574310302734e+00
-1.485406756401062012e+00
-6.091685295104980469e-01
-3.464966416358947754e-01
-1.414347738027572632e-01
6.060021519660949707e-01
1.167406678199768066e+00
8.142414689064025879e-01
2.278755307197570801e-01
3.807525038719177246e-01
1.010934948921203613e+00
1.163001894950866699e+00
4.523605108261108398e-01
-7.262151837348937988e-01
-1.468314290046691895e+00
-8.767720460891723633e-01
6.366679668426513672e-01
1.134654998779296875e+00
-1.796799898147583008e-01
-1.125516414642333984e+00
1.567398309707641602e-01
1.388075828552246094e+00
-4.696846008300781250e-01
-2.800570011138916016e+00
3.036631345748901367e-01
8.326635360717773438e+00
1.278716659545898438e+01
8.326635360717773438e+00
3.036631345748901367e-01
-2.800570011138916016e+00
-4.696846008300781250e-01
1.388075828552246094e+00
1.567398309707641602e-01
-1.125516414642333984e+00
-1.796799898147583008e-01
1.134654998779296875e+00
6.366679668426513672e-01
-8.767720460891723633e-01
-1.468314290046691895e+00
-7.262151837348937988e-01
4.523605108261108398e-01
1.163001894950866699e+00
1.010934948921203613e+00
3.807525038719177246e-01
2.278755307197570801e-01
8.142414689064025879e-01
1.167406678199768066e+00
6.060021519660949707e-01
-1.414347738027572632e-01
-3.464966416358947754e-01
-6.091685295104980469e-01
-1.485406756401062012e+00
-2.047017574310302734e+00
-1.395775914192199707e+00
-5.089414119720458984e-01
-8.480973839759826660e-01
-2.002727985382080078e+00
-2.415530443191528320e+00
-1.756091833114624023e+00
-9.876278638839721680e-01
-6.558655500411987305e-01
-5.536897778511047363e-01
-5.864380002021789551e-01
-7.319016456604003906e-01
-6.322020292282104492e-01
-2.073597311973571777e-01
-3.199583292007446289e-02
-2.985059618949890137e-01
-3.071090579032897949e-01
2.178369313478469849e-01
4.259892702102661133e-01
-1.555777788162231445e-01
-6.592324972152709961e-01
-4.067878723144531250e-01
-8.727014064788818359e-02
-3.206023573875427246e-01
-4.317542910575866699e-01
1.054645702242851257e-01
3.946192562580108643e-01
-3.027719259262084961e-01
-1.002029657363891602e+00
-5.294669866561889648e-01
5.069674253463745117e-01
8.133625388145446777e-01
4.840543568134307861e-01
4.644769132137298584e-01
7.857288122177124023e-01
7.937952280044555664e-01
4.783475399017333984e-01
3.063574135303497314e-01
3.040476441383361816e-01
3.063574135303497314e-01
4.783475399017333984e-01
7.937952280044555664e-01
7.857288122177124023e-01
4.644769132137298584e-01
4.840543568134307861e-01
8.133625388145446777e-01
5.069674253463745117e-01
-5.294669866561889648e-01
-1.002029657363891602e+00
-3.027719259262084961e-01
3.946192562580108643e-01
1.054645702242851257e-01
-4.317542910575866699e-01
-3.206023573875427246e-01
-8.727014064788818359e-02
-4.067878723144531250e-01
-6.592324972152709961e-01
-1.555777788162231445e-01
4.259892702102661133e-01
2.178369313478469849e-01
-3.071090579032897949e-01
-2.985059618949890137e-01
-3.199583292007446289e-02
-2.073597311973571777e-01
-6.322020292282104492e-01
-7.319016456604003906e-01
-5.864380002021789551e-01
-5.536897778511047363e-01
-6.558655500411987305e-01
-9.876278638839721680e-01
