-2.516047256661671852e-02
-2.138668852757749095e-01
7.685641941942248367e-01
-5.119762452700364896e-01
5.533534170501386296e-01
-4.900064755583710685e-01
4.678159066641511821e-01
-4.336473832903209868e-01
4.065856391293851679e-01
-3.795258894540612382e-01
3.548771053087518834e-01
-3.316075608889845761e-01
3.099441804938947165e-01
-2.896668708619966059e-01
2.707267324575473588e-01
-2.530211740349333494e-01
2.364749537983407146e-01
-2.210102618385320628e-01
2.065570937036435295e-01
-1.930490371989836973e-01
1.804243808814115502e-01
-1.686253192376072907e-01
1.575978740911844200e-01
-1.472915801494615040e-01
1.376592785526623564e-01
-1.286568922002475912e-01
1.202432272799623253e-01
-1.123797836001473177e-01
1.050305788406907803e-01
-9.816198374758813849e-02
9.174256830458271672e-02
-8.574295789222839692e-02
8.013569887984844931e-02
-7.489513299773735422e-02
6.999727992839210877e-02
-6.541972757457094334e-02
6.114152950385279978e-02
-5.714310909976254294e-02
5.340616998110291752e-02
-4.991361227949539514e-02
4.664945439205495786e-02
-4.359875985113564889e-02
4.074756897651388154e-02
-3.808283499725526738e-02
3.559236435096525819e-02
-3.326476088723871044e-02
3.108937371998882551e-02
-2.905624849003279539e-02
2.715608181491655296e-02
-2.538017871754541521e-02
2.372041283881824725e-02
-2.216918925220198733e-02
2.071940971008974161e-02
-1.936444016291307552e-02
1.809808040237922619e-02
-1.691453568992358839e-02
1.580839024055209416e-02
-1.477458244073808630e-02
1.380838168697324717e-02
-1.290536673898804929e-02
1.206140548858813596e-02
-1.127263605153086545e-02
1.053544909592024625e-02
-9.846471326256748050e-03
