0.000000000000000000e+00
1.270576774623835385e-02
2.625671053318251111e-02
4.139357771530405988e-02
5.866048940310656518e-02
7.833574821791269849e-02
1.003937687148821478e-01
1.245025887077549492e-01
1.500572666525978871e-01
1.762452735802171322e-01
2.021362473316176134e-01
2.267856283847622945e-01
2.493400733839515881e-01
2.691323343646641053e-01
2.857545229388841479e-01
2.991012054192048186e-01
3.093773016123919084e-01
3.170698744862976981e-01
3.228871190782153788e-01
3.276716933647917940e-01
3.322985330732681208e-01
3.375691059331784594e-01
3.441144766259516818e-01
3.523185230812835300e-01
3.622702882853378048e-01
3.737510449090545861e-01
3.862575911384582006e-01
3.990590596309482874e-01
4.112806028257936508e-01
4.220041750469426534e-01
4.303746323828060993e-01
4.356987489722188855e-01
4.375255758306362819e-01
4.356987489722188855e-01
4.303746323828062104e-01
4.220041750469426534e-01
4.112806028257936508e-01
3.990590596309482874e-01
3.862575911384582006e-01
3.737510449090545861e-01
3.622702882853378048e-01
3.523185230812835855e-01
3.441144766259517374e-01
3.375691059331784594e-01
3.322985330732681764e-01
3.276716933647917940e-01
3.228871190782153788e-01
3.170698744862976981e-01
3.093773016123919639e-01
2.991012054192048741e-01
2.857545229388841479e-01
2.691323343646641608e-01
2.493400733839515881e-01
2.267856283847623500e-01
2.021362473316177522e-01
1.762452735802171322e-01
1.500572666525979426e-01
1.245025887077550880e-01
1.003937687148821756e-01
7.833574821791278175e-02
5.866048940310670395e-02
4.139357771530408070e-02
2.625671053318257356e-02
1.270576774623833997e-02
3.133839443837784993e-17
-1.270576774623827579e-02
-2.625671053318250417e-02
-4.139357771530400437e-02
-5.866048940310661375e-02
-7.833574821791267073e-02
-1.003937687148820368e-01
-1.245025887077549770e-01
-1.500572666525978316e-01
-1.762452735802169657e-01
-2.021362473316176134e-01
-2.267856283847622390e-01
-2.493400733839514771e-01
-2.691323343646640498e-01
-2.857545229388840369e-01
-2.991012054192048186e-01
-3.093773016123919084e-01
-3.170698744862976981e-01
-3.228871190782153233e-01
-3.276716933647918495e-01
-3.322985330732681208e-01
-3.375691059331784594e-01
-3.441144766259516818e-01
-3.523185230812834745e-01
-3.622702882853376383e-01
-3.737510449090545861e-01
-3.862575911384581451e-01
-3.990590596309482874e-01
-4.112806028257935953e-01
-4.220041750469425423e-01
-4.303746323828062104e-01
-4.356987489722188855e-01
-4.375255758306362819e-01
-4.356987489722188855e-01
-4.303746323828062104e-01
-4.220041750469425423e-01
-4.112806028257936508e-01
-3.990590596309482874e-01
-3.862575911384582006e-01
-3.737510449090546416e-01
-3.622702882853376938e-01
-3.523185230812835300e-01
-3.441144766259517374e-01
-3.375691059331785149e-01
-3.322985330732681764e-01
-3.276716933647918495e-01
-3.228871190782153233e-01
-3.170698744862976981e-01
-3.093773016123920194e-01
-2.991012054192049296e-01
-2.857545229388843144e-01
-2.691323343646640498e-01
-2.493400733839515881e-01
-2.267856283847624332e-01
-2.021362473316177799e-01
-1.762452735802174097e-01
-1.500572666525982479e-01
-1.245025887077549215e-01
-1.003937687148822311e-01
-7.833574821791282339e-02
-5.866048940310674559e-02
-4.139357771530426805e-02
-2.625671053318247641e-02
-1.270576774623837467e-02
