4.061242742260807725e-01
-2.928269254156868895e-01
-7.427809291482793119e-01
-4.118728061058830880e-02
7.937391533435887714e-02
1.254734678370504446e-02
-7.669295300136385815e-03
-2.175299824097154562e-03
6.449634404525266896e-04
3.088270637775432674e-04
-4.168066146401768152e-05
-3.886771741109029064e-05
8.071913364415860086e-07
4.448947952238060483e-06
3.530984439049964395e-07
-4.648019616842712248e-07
-8.605341498408727473e-08
4.365550176428130945e-08
1.402672987612915279e-08
-3.507247330368793263e-09
-1.926371123456338065e-09
2.020149486736710859e-10
2.366615726314853860e-10
9.041216829272671708e-13
-2.650869351655128246e-11
-2.746083539147483641e-12
2.705422140726651451e-12
5.785268977830765799e-13
-2.463550586154425111e-13
-8.959785399989321932e-14
1.875021118964095826e-14
1.194058241180092213e-14
