0.000000000000000000e+00
7.117769039544068199e-02
1.419943179576267644e-01
2.120906514155366518e-01
2.811111133316549493e-01
3.487055838384569562e-01
4.145311766902954331e-01
4.782539786213182431e-01
5.395507431861812364e-01
5.981105304912160969e-01
6.536362844981936648e-01
7.058463398995021842e-01
7.544758509208144837e-01
7.992781348033676236e-01
8.400259231507715141e-01
8.765125147926478011e-01
9.085528243169687101e-01
9.359843209522112906e-01
9.586678530366606887e-01
9.764883538925823725e-01
9.893554255245747830e-01
9.972037971811801293e-01
9.999936564536083816e-01
9.977108512320100875e-01
9.903669614948380495e-01
9.779992405671281697e-01
9.606704261456819882e-01
9.384684220497605533e-01
9.115058523116733591e-01
8.799194898692239697e-01
8.438695627580836689e-01
8.035389413235680678e-01
7.591322105748440352e-01
7.108746323872359163e-01
6.590110028170587109e-01
6.038044103254788242e-01
5.455349012105501494e-01
4.844980590172928703e-01
4.210035051320257238e-01
3.553733281669910204e-01
2.879404501025211727e-01
2.190469374748192088e-01
1.490422661761773571e-01
7.828154866977973803e-02
7.123732611894467194e-03
-6.407021998070988600e-02
-1.349391637815852973e-01
-2.051236021353001759e-01
-2.742675106749273839e-01
-3.420201433256653267e-01
-4.080378115332863320e-01
-4.719856276919197069e-01
-5.335392039272975895e-01
-5.923862976180442885e-01
-6.482283953077851990e-01
-7.007822269733604559e-01
-7.497812029677313195e-01
-7.949767663483949809e-01
-8.361396537313598998e-01
-8.730610582747510007e-01
-9.055536888925822536e-01
-9.334527203256236527e-01
-9.566166292499476143e-01
-9.749279121818223981e-01
-9.882936815372421746e-01
-9.966461368224670547e-01
-9.999429085653609439e-01
-9.981672732428724659e-01
-9.913282381143939670e-01
-9.794604955306680516e-01
-9.626242469500140286e-01
-9.409048975545909466e-01
-9.144126230158153845e-01
-8.832818106065979391e-01
-8.476703774954712500e-01
-8.077589696806969366e-01
-7.637500456279070482e-01
-7.158668492597238808e-01
-6.643522775070522801e-01
-6.094676481666276846e-01
-5.514913743151008685e-01
-4.907175520039456229e-01
-4.274544683993991012e-01
-3.620230379351819794e-01
-2.947551744109123684e-01
-2.259921072940854481e-01
-1.560826507664832274e-01
-8.538143429563752052e-02
-1.424710370711269707e-02
5.695949811698711868e-02
1.278771616844973091e-01
1.981461431993889744e-01
2.674099894329225457e-01
3.353173459027560255e-01
4.015237391876586015e-01
4.656933243366883080e-01
5.275005885087574731e-01
5.866320022005385715e-01
6.427876096865327016e-01
6.956825506034801654e-01
7.450485049605776178e-01
7.906350542454028130e-01
8.322109517210689589e-01
8.695652954707777660e-01
9.025085982392713202e-01
9.308737486442011377e-01
9.545168588814813004e-01
9.733179946244739922e-01
9.871817834144487325e-01
9.960378984561366611e-01
9.998414153642307678e-01
9.985730400511660942e-01
9.922392066001731736e-01
9.808720446271257387e-01
9.645292162967448180e-01
9.432936238199280954e-01
9.172729889159798589e-01
8.865993063730044366e-01
8.514281744783840367e-01
8.119380057158623876e-01
7.683291217331342793e-01
7.208227371708881837e-01
6.696598375080357046e-01
6.150999566154723430e-01
5.574198602194767593e-01
4.969121419531301598e-01
4.338837391175682234e-01
3.686543756821531459e-01
3.015549404217603424e-01
2.329258084183896127e-01
1.631151144416197463e-01
9.247698696651963923e-02
2.136975178731342906e-02
-4.984588566068481885e-02
-1.208086700503341465e-01
-1.911586287013601060e-01
-2.605388976125740386e-01
-3.285975317247037952e-01
-3.949892902309266596e-01
-4.593773878787588139e-01
-5.214352033794869001e-01
-5.808479362588917505e-01
-6.373142037445681529e-01
-6.905475695893091848e-01
-7.402779970753063932e-01
-7.862532188285088486e-01
-8.282400164944926368e-01
-8.660254037844312691e-01
-8.994177068899350536e-01
-9.282475367861386939e-01
-9.523686484908475691e-01
-9.716586829209705733e-01
-9.860197875830329917e-01
-9.953791129491967871e-01
-9.996891820008159124e-01
-9.989281310649523737e-01
-9.930998207221564122e-01
-9.822338162229127256e-01
-9.663852375120923766e-01
-9.456344796221919369e-01
-9.200868048537204080e-01
-8.898718088114759839e-01
-8.551427630053547446e-01
-8.160758373504707341e-01
-7.728692065106136377e-01
-7.257420446182938356e-01
-6.749334134708456778e-01
-6.207010498424455625e-01
-5.633200580636366084e-01
-5.030815145005032019e-01
-4.402909910125581971e-01
-3.752670048793910751e-01
-3.083394030591173340e-01
-2.398476889748184515e-01
-1.701393003166511708e-01
-9.956784659583496622e-02
-2.849131539086384099e-02
4.272974361489870893e-02
1.137340475923907385e-01
1.841614132450638819e-01
2.536545839094898613e-01
3.218610418100490422e-01
3.884347962746780292e-01
4.530381388406008458e-01
5.153433563469241863e-01
5.750343933240986694e-01
6.318084552474473314e-01
6.853775445219441043e-01
7.354699214066547919e-01
7.818314824680185904e-01
8.242270495694880017e-01
8.624415628588814053e-01
8.962811717017787894e-01
9.255742180269896924e-01
9.501721070958810689e-01
9.699500612784124343e-01
9.848077530122049117e-01
9.946698137338334522e-01
9.994862162006873385e-01
9.992325282639974438e-01
9.939100368057163237e-01
9.835457412105560460e-01
9.681922164062991554e-01
9.479273461671376966e-01
9.228539280329109973e-01
8.930991518483668568e-01
8.588139545676604092e-01
8.201722545969669653e-01
7.773700695591639898e-01
7.306245219558860082e-01
6.801727377709340105e-01
6.262706436020849532e-01
5.691916684230925449e-01
5.092253565614404121e-01
4.466758989277965219e-01
3.818605899477907628e-01
3.151082180236402519e-01
2.467573976903136290e-01
1.771548519267071298e-01
1.066536533351411936e-01
3.561143311114806087e-02
-3.561143311110521320e-02
-1.066536533350985611e-01
-1.771548519266649413e-01
-2.467573976902725230e-01
-3.151082180235995622e-01
-3.818605899477511278e-01
-4.466758989277581637e-01
-5.092253565614038857e-01
-5.691916684230572399e-01
-6.262706436020515355e-01
-6.801727377709025912e-01
-7.306245219558570314e-01
-7.773700695591372334e-01
-8.201722545969424294e-01
-8.588139545676382047e-01
-8.930991518483477609e-01
-9.228539280328944550e-01
-9.479273461671239298e-01
-9.681922164062884972e-01
-9.835457412105482744e-01
-9.939100368057116608e-01
-9.992325282639957784e-01
-9.994862162006886708e-01
-9.946698137338378931e-01
-9.848077530122124612e-01
-9.699500612784230924e-01
-9.501721070958946136e-01
-9.255742180270063457e-01
-8.962811717017979962e-01
-8.624415628589037208e-01
-8.242270495695132038e-01
-7.818314824680460129e-01
-7.354699214066849899e-01
-6.853775445219767448e-01
-6.318084552474818594e-01
