-1.789447119656421836e-01
-1.852987892605889308e-01
-1.955189790132435823e-01
-2.095236545027888975e-01
-2.269934842186981105e-01
-2.473896665916886783e-01
-2.699811959876741163e-01
-2.938799777720649264e-01
-3.180823098100064583e-01
-3.415150067698514702e-01
-3.630842711234597564e-01
-3.817253171915894194e-01
-3.964507354518420623e-01
-4.063956440514241986e-01
-4.108578104335744441e-01
-4.093311326342226053e-01
-4.015311388483531196e-01
-3.874114846188399519e-01
-3.671707867990375851e-01
-3.412495181329986416e-01
-3.103170807977813084e-01
-2.752495661263213989e-01
-2.370990757927571024e-01
-1.970558126500840668e-01
-1.564044342123160347e-01
-1.164763874149786493e-01
-7.860010103600338638e-02
-4.405099593962535226e-02
-1.400327993616339549e-02
1.051457663957238754e-02
2.865893369277447769e-02
3.980310542628784365e-02
4.356125282737610682e-02
3.980310542628784365e-02
2.865893369277483851e-02
1.051457663957238754e-02
-1.400327993616339549e-02
-4.405099593962535226e-02
-7.860010103600338638e-02
-1.164763874149786493e-01
-1.564044342123160347e-01
-1.970558126500838447e-01
-2.370990757927569914e-01
-2.752495661263213989e-01
-3.103170807977809753e-01
-3.412495181329985305e-01
-3.671707867990374741e-01
-3.874114846188400074e-01
-4.015311388483530641e-01
-4.093311326342225498e-01
-4.108578104335744441e-01
-4.063956440514241986e-01
-3.964507354518420623e-01
-3.817253171915894194e-01
-3.630842711234598674e-01
-3.415150067698514147e-01
-3.180823098100065693e-01
-2.938799777720650375e-01
-2.699811959876741163e-01
-2.473896665916887339e-01
-2.269934842186982493e-01
-2.095236545027889807e-01
-1.955189790132436656e-01
-1.852987892605889864e-01
-1.789447119656421836e-01
-1.762922993132590987e-01
-1.769329747250927565e-01
-1.802263414841022982e-01
-1.853224938562458013e-01
-1.911935739399386325e-01
-1.966734477129523373e-01
-2.005040450510634509e-01
-2.013866337474914114e-01
-1.980360876249470103e-01
-1.892360721115346756e-01
-1.738930127775191181e-01
-1.510867359292804857e-01
-1.201157749455502993e-01
-8.053551803402050902e-02
-3.218762592641614961e-02
2.478053756900008842e-02
8.990735494376661530e-02
1.624197765000018889e-01
2.412475843689844968e-01
3.250487422174244689e-01
4.122450574093388664e-01
5.010669925413627768e-01
5.896061147981638273e-01
6.758733777698128220e-01
7.578612024848251361e-01
8.336071712230183062e-01
9.012570751573432126e-01
9.591250679725860095e-01
1.005748772108307376e+00
1.039937358812191404e+00
1.060810871383272014e+00
1.067829373662614101e+00
1.060810871383272014e+00
1.039937358812191404e+00
1.005748772108307376e+00
9.591250679725865647e-01
9.012570751573432126e-01
8.336071712230186392e-01
7.578612024848254691e-01
6.758733777698133771e-01
5.896061147981647155e-01
5.010669925413631098e-01
4.122450574093398101e-01
3.250487422174250240e-01
2.412475843689851629e-01
1.624197765000024440e-01
8.990735494376708714e-02
2.478053756900042148e-02
-3.218762592641585818e-02
-8.053551803401971798e-02
-1.201157749455502993e-01
-1.510867359292803747e-01
-1.738930127775188961e-01
-1.892360721115345923e-01
-1.980360876249468993e-01
-2.013866337474913837e-01
-2.005040450510634509e-01
-1.966734477129523928e-01
-1.911935739399386047e-01
-1.853224938562458290e-01
-1.802263414841023537e-01
-1.769329747250927842e-01
-1.762922993132590987e-01
