5.248138729152529436e-11
9.808150678873062134e-02
1.902842372655868530e-01
2.710818350315093994e-01
3.356314301490783691e-01
3.800641596317291260e-01
4.017167687416076660e-01
3.992914855480194092e-01
3.729336559772491455e-01
3.242231607437133789e-01
2.560795247554779053e-01
1.725870966911315918e-01
7.875021547079086304e-02
-1.980670914053916931e-02
-1.171764284372329712e-01
-2.075230032205581665e-01
-2.854310572147369385e-01
-3.462311327457427979e-01
-3.862790167331695557e-01
-4.031742811203002930e-01
-3.959043025970458984e-01
-3.649048209190368652e-01
-3.120337426662445068e-01
-2.404602319002151489e-01
-1.544743478298187256e-01
-5.922933667898178101e-02
3.956576436758041382e-02
1.359891742467880249e-01
2.242615222930908203e-01
2.990927398204803467e-01
3.559967279434204102e-01
3.915632963180541992e-01
4.036605060100555420e-01
3.915632963180541992e-01
3.559967279434204102e-01
2.990927398204803467e-01
2.242615222930908203e-01
1.359891742467880249e-01
3.956576436758041382e-02
-5.922933667898178101e-02
-1.544743478298187256e-01
-2.404602319002151489e-01
-3.120337426662445068e-01
-3.649048209190368652e-01
-3.959043025970458984e-01
-4.031742811203002930e-01
-3.862790167331695557e-01
-3.462311327457427979e-01
-2.854310572147369385e-01
-2.075230032205581665e-01
-1.171764284372329712e-01
-1.980670914053916931e-02
7.875021547079086304e-02
1.725870966911315918e-01
2.560795247554779053e-01
3.242231607437133789e-01
3.729336559772491455e-01
3.992914855480194092e-01
4.017167687416076660e-01
3.800641596317291260e-01
3.356314301490783691e-01
2.710818350315093994e-01
1.902842372655868530e-01
9.808150678873062134e-02
5.248163362225888307e-11
-9.808150678873062134e-02
-1.902842372655868530e-01
-2.710818350315093994e-01
-3.356314301490783691e-01
-3.800641596317291260e-01
-4.017167687416076660e-01
-3.992914855480194092e-01
-3.729336559772491455e-01
-3.242231607437133789e-01
-2.560795247554779053e-01
-1.725870966911315918e-01
-7.875021547079086304e-02
1.980670914053916931e-02
1.171764284372329712e-01
2.075230032205581665e-01
2.854310572147369385e-01
3.462311327457427979e-01
3.862790167331695557e-01
4.031742811203002930e-01
3.959043025970458984e-01
3.649048209190368652e-01
3.120337426662445068e-01
2.404602319002151489e-01
1.544743478298187256e-01
5.922933667898178101e-02
-3.956576436758041382e-02
-1.359891742467880249e-01
-2.242615222930908203e-01
-2.990927398204803467e-01
-3.559967279434204102e-01
-3.915632963180541992e-01
-4.036605060100555420e-01
-3.915632963180541992e-01
-3.559967279434204102e-01
-2.990927398204803467e-01
-2.242615222930908203e-01
-1.359891742467880249e-01
-3.956576436758041382e-02
5.922933667898178101e-02
1.544743478298187256e-01
2.404602319002151489e-01
3.120337426662445068e-01
3.649048209190368652e-01
3.959043025970458984e-01
4.031742811203002930e-01
3.862790167331695557e-01
3.462311327457427979e-01
2.854310572147369385e-01
2.075230032205581665e-01
1.171764284372329712e-01
1.980670914053916931e-02
-7.875021547079086304e-02
-1.725870966911315918e-01
-2.560795247554779053e-01
-3.242231607437133789e-01
-3.729336559772491455e-01
-3.992914855480194092e-01
-4.017167687416076660e-01
-3.800641596317291260e-01
-3.356314301490783691e-01
-2.710818350315093994e-01
-1.902842372655868530e-01
-9.808150678873062134e-02
