5.250334130131595334e-13
-1.353346806309715968e+18
-2.677397400175247360e+18
-3.943490811995357184e+18
-5.124219515424473088e+18
-6.194023988285407232e+18
-7.129746866429755392e+18
-7.911131847139000320e+18
-8.521265143043063808e+18
-8.946938320957472768e+18
-9.178938572953092096e+18
-9.212241130890985472e+18
-9.046126914166587392e+18
-8.684191325802725376e+18
-8.134269485658931200e+18
-7.408264156861693952e+18
-6.521894507397513216e+18
-5.494343716636196864e+18
-4.347858203342536704e+18
-3.107253944955437056e+18
-1.799387475056001024e+18
-4.525687441582981120e+17
9.040476661350400000e+17
2.241092357137104896e+18
3.529621441160937472e+18
4.741749447900266496e+18
5.851233096384380928e+18
6.834053005348700160e+18
7.668934174551572480e+18
8.337811078192824320e+18
8.826196551064879104e+18
9.123522087401553920e+18
9.223351146133848064e+18
9.123522087401553920e+18
8.826196551064879104e+18
8.337811078192824320e+18
7.668934174551572480e+18
6.834053005348700160e+18
5.851233096384380928e+18
4.741749447900266496e+18
3.529621441160937472e+18
2.241092357137104896e+18
9.040476661350400000e+17
-4.525687441582981120e+17
-1.799387475056001024e+18
-3.107253944955437056e+18
-4.347858203342536704e+18
-5.494343716636196864e+18
-6.521894507397513216e+18
-7.408264156861693952e+18
-8.134269485658931200e+18
-8.684191325802725376e+18
-9.046126914166587392e+18
-9.212241130890985472e+18
-9.178938572953092096e+18
-8.946938320957472768e+18
-8.521265143043063808e+18
-7.911131847139000320e+18
-7.129746866429755392e+18
-6.194023988285407232e+18
-5.124219515424473088e+18
-3.943490811995357184e+18
-2.677397400175247360e+18
-1.353346806309715968e+18
-3.388604492187500000e+03
1.353346806309715968e+18
2.677397400175247360e+18
3.943490811995357184e+18
5.124219515424473088e+18
6.194023988285407232e+18
7.129746866429755392e+18
7.911131847139000320e+18
8.521265143043063808e+18
8.946938320957472768e+18
9.178938572953092096e+18
9.212241130890985472e+18
9.046126914166587392e+18
8.684191325802725376e+18
8.134269485658931200e+18
7.408264156861693952e+18
6.521894507397513216e+18
5.494343716636196864e+18
4.347858203342536704e+18
3.107253944955437056e+18
1.799387475056001024e+18
4.525687441582981120e+17
-9.040476661350400000e+17
-2.241092357137104896e+18
-3.529621441160937472e+18
-4.741749447900266496e+18
-5.851233096384380928e+18
-6.834053005348700160e+18
-7.668934174551572480e+18
-8.337811078192824320e+18
-8.826196551064879104e+18
-9.123522087401553920e+18
-9.223351146133848064e+18
-9.123522087401553920e+18
-8.826196551064879104e+18
-8.337811078192824320e+18
-7.668934174551572480e+18
-6.834053005348700160e+18
-5.851233096384380928e+18
-4.741749447900266496e+18
-3.529621441160937472e+18
-2.241092357137104896e+18
-9.040476661350400000e+17
4.525687441582981120e+17
1.799387475056001024e+18
3.107253944955437056e+18
4.347858203342536704e+18
5.494343716636196864e+18
6.521894507397513216e+18
7.408264156861693952e+18
8.134269485658931200e+18
8.684191325802725376e+18
9.046126914166587392e+18
9.212241130890985472e+18
9.178938572953092096e+18
8.946938320957472768e+18
8.521265143043063808e+18
7.911131847139000320e+18
7.129746866429755392e+18
6.194023988285407232e+18
5.124219515424473088e+18
3.943490811995357184e+18
2.677397400175247360e+18
1.353346806309715968e+18
