-3.203125000000000000e-01
-5.698569416999816895e-01
-5.615124702453613281e-01
-3.942382931709289551e-01
-2.469375729560852051e-01
-2.725907862186431885e-01
-5.126960277557373047e-01
-8.765173554420471191e-01
-1.191479086875915527e+00
-1.292398214340209961e+00
-1.099514126777648926e+00
-6.466864347457885742e-01
-5.259989947080612183e-02
5.404500961303710938e-01
1.021983981132507324e+00
1.335348129272460938e+00
1.464492917060852051e+00
1.407050848007202148e+00
1.161082029342651367e+00
7.383681535720825195e-01
1.929539740085601807e-01
-3.629389107227325439e-01
-7.800095677375793457e-01
-9.314376711845397949e-01
-7.838467359542846680e-01
-4.373472630977630615e-01
-1.023167222738265991e-01
-1.267496123909950256e-02
-3.125314414501190186e-01
-9.734027385711669922e-01
-1.788990974426269531e+00
-2.457361221313476562e+00
-2.714843750000000000e+00
-2.457361221313476562e+00
-1.788990974426269531e+00
-9.734027385711669922e-01
-3.125314414501190186e-01
-1.267496123909950256e-02
-1.023167222738265991e-01
-4.373472630977630615e-01
-7.838467359542846680e-01
-9.314376711845397949e-01
-7.800095677375793457e-01
-3.629389107227325439e-01
1.929539740085601807e-01
7.383681535720825195e-01
1.161082029342651367e+00
1.407050848007202148e+00
1.464492917060852051e+00
1.335348129272460938e+00
1.021983981132507324e+00
5.404500961303710938e-01
-5.259989947080612183e-02
-6.466864347457885742e-01
-1.099514126777648926e+00
-1.292398214340209961e+00
-1.191479086875915527e+00
-8.765173554420471191e-01
-5.126960277557373047e-01
-2.725907862186431885e-01
-2.469375729560852051e-01
-3.942382931709289551e-01
-5.615124702453613281e-01
-5.698569416999816895e-01
-3.203125000000000000e-01
1.394098848104476929e-01
6.281734704971313477e-01
9.220816493034362793e-01
8.756673932075500488e-01
5.069385766983032227e-01
-3.094794228672981262e-03
-3.997845947742462158e-01
-4.868959486484527588e-01
-2.300011366605758667e-01
2.259559631347656250e-01
6.356551051139831543e-01
7.864930033683776855e-01
6.131139397621154785e-01
2.307183295488357544e-01
-1.306125670671463013e-01
-2.535555362701416016e-01
-5.214042589068412781e-02
3.838903605937957764e-01
8.419780731201171875e-01
1.105379223823547363e+00
1.069942235946655273e+00
7.939735651016235352e-01
4.553890526294708252e-01
2.434715032577514648e-01
2.491506934165954590e-01
4.170417487621307373e-01
5.854563713073730469e-01
5.890777707099914551e-01
3.628006279468536377e-01
-1.468291040509939194e-02
-3.631434440612792969e-01
-5.039062500000000000e-01
-3.631434440612792969e-01
-1.468291040509939194e-02
3.628006279468536377e-01
5.890777707099914551e-01
5.854563713073730469e-01
4.170417487621307373e-01
2.491506934165954590e-01
2.434715032577514648e-01
4.553890526294708252e-01
7.939735651016235352e-01
1.069942235946655273e+00
1.105379223823547363e+00
8.419780731201171875e-01
3.838903605937957764e-01
-5.214042589068412781e-02
-2.535555362701416016e-01
-1.306125670671463013e-01
2.307183295488357544e-01
6.131139397621154785e-01
7.864930033683776855e-01
6.356551051139831543e-01
2.259559631347656250e-01
-2.300011366605758667e-01
-4.868959486484527588e-01
-3.997845947742462158e-01
-3.094794228672981262e-03
5.069385766983032227e-01
8.756673932075500488e-01
9.220816493034362793e-01
6.281734704971313477e-01
1.394098848104476929e-01
