4.080564396939121430e+00
1.830821740358047123e+01
4.875363078694806518e+01
1.138620664244709388e+02
2.461312036679877338e+02
5.040855382701097369e+02
9.896834881373476946e+02
1.874252071116821071e+03
3.433747369081277157e+03
6.089207826187692262e+03
1.043499084943235175e+04
1.720619632107920552e+04
2.706901088118030020e+04
3.997872842601324373e+04
5.357671671231607615e+04
5.957862381326960895e+04
3.615348765760312381e+04
-6.739923112873213540e+04
-3.602744801957095624e+05
-1.065492957436157623e+06
-2.619926383715655655e+06
-5.849252996764369309e+06
-1.226326565242608823e+07
-2.453411595679819956e+07
-4.723130395485775918e+07
-8.787071363643465936e+07
-1.582389225032458007e+08
-2.756650545755428076e+08
-4.631965377170774341e+08
-7.460295504199531078e+08
-1.138168070615046740e+09
-1.606512762227808952e+09
-1.986514880422370434e+09
-1.799174205408285618e+09
1.247854703988560289e+08
6.384441293004838943e+09
