4.219037241622247518e-03
1.539385680062947855e-02
2.679041592314180750e-02
3.392318463429151720e-02
3.809784827151053987e-02
4.023331663701911615e-02
4.097557652558974500e-02
4.077807124866240918e-02
3.995844597308999269e-02
3.873860587497542085e-02
3.727299224434107300e-02
3.566853994991568688e-02
3.399876169485808314e-02
3.231368571739590134e-02
3.064686607493839407e-02
2.902032630304998695e-02
2.744804421874738609e-02
2.593840698406705766e-02
2.449593940261363123e-02
2.312251935517018256e-02
2.181823139296086567e-02
2.058196510428040443e-02
1.941183351896498543e-02
1.830546467943890837e-02
1.726020387819877933e-02
1.627325302707347682e-02
1.534176583302648139e-02
1.446291195515676635e-02
1.363391943466270642e-02
1.285210194849685343e-02
1.211487550261350007e-02
1.141976781510447257e-02
