7.590437286546440621e-02
-1.048008374031299983e+00
2.725214061094940021e+00
-3.418754102314863985e+00
3.528959899473615991e+00
-3.316433345014381917e+00
2.946425749747719980e+00
-2.520091147125297137e+00
2.096260881815166677e+00
-1.706434369437212606e+00
1.364960430153147941e+00
-1.075843353992634865e+00
8.372063296922088727e-01
-6.441490065108149699e-01
4.905198122930037319e-01
-3.699671011483227634e-01
2.765208202879171351e-01
-2.048764527258711277e-01
1.504966995771246097e-01
-1.096071446485863549e-01
7.913514146261449445e-02
-5.662282282664576200e-02
4.013287256785550566e-02
-2.815765822085080500e-02
1.953717527131967890e-02
-1.338806028790284416e-02
9.044036144230483548e-03
-6.007104184143923289e-03
3.908286227195125091e-03
-2.476535754225140003e-03
1.514445105894370426e-03
-8.794853613674559782e-04
4.696720674249118166e-04
-2.127195737048080736e-04
5.791029668322404878e-05
2.994704253367995038e-05
-7.496835595798826866e-05
9.344522196858321382e-05
-9.619905064692532519e-05
9.027072720159421760e-05
-8.012209709648929906e-05
6.848191064895946256e-05
-5.693506128981460284e-05
4.632813767527687378e-05
-3.704477791737680265e-05
2.918967129068776879e-05
-2.270917175638976286e-05
1.746847149882574390e-05
-1.329942744265039966e-05
1.002889370082299271e-05
-7.494369675726830487e-06
5.551609487114956484e-06
-4.077314697279840381e-06
2.968970949803525779e-06
-2.143158624820323371e-06
1.533171607251540002e-06
-1.086446802177813428e-06
7.620897469824911397e-07
-5.286426338027633756e-07
3.621548843102886881e-07
-2.445653646271557840e-07
1.623771251612919631e-07
-1.055918299774573056e-07
6.686617913775545520e-08
