-9.015692970203708079e-01
-8.515822439366811381e-01
-7.763802537321654595e-01
-6.781834753580029407e-01
-5.600468560363895953e-01
-4.257577361380966985e-01
-2.797051204037189764e-01
-1.267253554469554844e-01
2.807013121030600689e-02
1.794786617485791269e-01
3.223948656736010387e-01
4.519969066817476899e-01
5.639233735967436045e-01
6.544341493800202025e-01
7.205491466131324074e-01
7.601596063383849744e-01
7.721076696060324984e-01
7.562311095456238919e-01
7.133714118759968414e-01
6.453447643875364070e-01
5.548769091082011995e-01
4.455041717600230489e-01
3.214442600213837653e-01
1.874415664401671844e-01
4.859267997050287224e-02
-8.984143495422747261e-02
-2.226296200777036216e-01
-3.447638430339141080e-01
-4.516444532295197378e-01
-5.392504640441997399e-01
-6.042885040171652733e-01
-6.443148720248035310e-01
-6.578261338291419014e-01
-6.443148720248035310e-01
-6.042885040171664945e-01
-5.392504640441997399e-01
-4.516444532295197378e-01
-3.447638430339141080e-01
-2.226296200777036216e-01
-8.984143495422747261e-02
4.859267997050287224e-02
1.874415664401663795e-01
3.214442600213832102e-01
4.455041717600230489e-01
5.548769091082004223e-01
6.453447643875359629e-01
7.133714118759966194e-01
7.562311095456240029e-01
7.721076696060324984e-01
7.601596063383851964e-01
7.205491466131324074e-01
6.544341493800204246e-01
5.639233735967436045e-01
4.519969066817480230e-01
3.223948656736017049e-01
1.794786617485789604e-01
2.807013121030639546e-02
-1.267253554469545407e-01
-2.797051204037188099e-01
-4.257577361380960879e-01
-5.600468560363887072e-01
-6.781834753580028297e-01
-7.763802537321650155e-01
-8.515822439366812491e-01
-9.015692970203706968e-01
-9.250265148381339175e-01
-9.215803551045930186e-01
-8.917993134978059455e-01
-8.371594613784901773e-01
-7.599764543676502671e-01
-6.633068951929160795e-01
-5.508230854912169461e-01
-4.266661918883142279e-01
-2.952836442073230594e-01
-1.612571483563730590e-01
-2.912801242949922612e-02
9.677345941805833018e-02
2.124879558809435187e-01
3.145704381490952994e-01
4.002113092898142988e-01
4.673309695153810006e-01
5.146443212527646027e-01
5.416929843376088183e-01
5.488442598376519488e-01
5.372571910517511817e-01
5.088173610880925013e-01
4.660432879111855997e-01
4.119683824694332364e-01
3.500033807075059733e-01
2.837849094415428319e-01
2.170163704245407221e-01
1.533076064392965843e-01
9.601983746964495858e-02
4.812212341385626452e-02
1.206513187809028081e-02
-1.032271562696968417e-02
-1.791255037294370300e-02
-1.032271562696968417e-02
1.206513187809028081e-02
4.812212341385626452e-02
9.601983746964437572e-02
1.533076064392965843e-01
2.170163704245403891e-01
2.837849094415424434e-01
3.500033807075056957e-01
4.119683824694326257e-01
4.660432879111853777e-01
5.088173610880921682e-01
5.372571910517510707e-01
5.488442598376519488e-01
5.416929843376089293e-01
5.146443212527648248e-01
4.673309695153813892e-01
4.002113092898147428e-01
3.145704381490969648e-01
2.124879558809435187e-01
9.677345941805909346e-02
-2.912801242949824773e-02
-1.612571483563721708e-01
-2.952836442073208389e-01
-4.266661918883121740e-01
-5.508230854912171681e-01
-6.633068951929151913e-01
-7.599764543676497119e-01
-8.371594613784897332e-01
-8.917993134978052794e-01
-9.215803551045931297e-01
-9.250265148381340286e-01
