-2.146147012710571289e+00
-1.749256372451782227e+00
1.049983978271484375e+00
4.161874771118164062e+00
3.635754823684692383e+00
-3.790993988513946533e-01
-2.904076576232910156e+00
-1.351454973220825195e+00
7.936659455299377441e-01
3.257211148738861084e-01
-2.885287404060363770e-01
2.061863422393798828e+00
4.885272979736328125e+00
3.947528600692749023e+00
4.331956505775451660e-01
-9.224205613136291504e-01
9.094793200492858887e-01
2.461281061172485352e+00
1.296126127243041992e+00
-1.299256920814514160e+00
-2.633825778961181641e+00
-1.327591896057128906e+00
1.493558645248413086e+00
2.698812961578369141e+00
6.527771949768066406e-01
-1.575956940650939941e+00
1.841753125190734863e-01
4.203224182128906250e+00
4.294528007507324219e+00
-7.170136570930480957e-01
-4.824501991271972656e+00
-4.312993049621582031e+00
-2.985651016235351562e+00
-4.312993049621582031e+00
-4.824501991271972656e+00
-7.170136570930480957e-01
4.294528007507324219e+00
4.203224182128906250e+00
1.841753125190734863e-01
-1.575956940650939941e+00
6.527771949768066406e-01
2.698812961578369141e+00
1.493558645248413086e+00
-1.327591896057128906e+00
-2.633825778961181641e+00
-1.299256920814514160e+00
1.296126127243041992e+00
2.461281061172485352e+00
9.094793200492858887e-01
-9.224205613136291504e-01
4.331956505775451660e-01
3.947528600692749023e+00
4.885272979736328125e+00
2.061863422393798828e+00
-2.885287404060363770e-01
3.257211148738861084e-01
7.936659455299377441e-01
-1.351454973220825195e+00
-2.904076576232910156e+00
-3.790993988513946533e-01
3.635754823684692383e+00
4.161874771118164062e+00
1.049983978271484375e+00
-1.749256372451782227e+00
-2.146147012710571289e+00
-1.456906676292419434e+00
-1.320080041885375977e+00
-1.916826725006103516e+00
-2.430519342422485352e+00
-1.736181616783142090e+00
2.974897027015686035e-01
1.790365934371948242e+00
9.506703615188598633e-01
-1.035260200500488281e+00
-1.713382959365844727e+00
-1.239886283874511719e+00
-1.359417796134948730e+00
-1.673356294631958008e+00
-8.915964365005493164e-01
-2.934607565402984619e-01
-1.211509227752685547e+00
-1.079534769058227539e+00
2.190813302993774414e+00
4.401267051696777344e+00
1.118854761123657227e+00
-2.964008331298828125e+00
-2.273355722427368164e-01
6.008564949035644531e+00
5.329160213470458984e+00
-2.023720026016235352e+00
-4.261353969573974609e+00
2.547025680541992188e+00
7.571813106536865234e+00
2.778512716293334961e+00
-5.337861061096191406e+00
-8.331849098205566406e+00
-8.088594436645507812e+00
-8.331849098205566406e+00
-5.337861061096191406e+00
2.778512716293334961e+00
7.571813106536865234e+00
2.547025680541992188e+00
-4.261353969573974609e+00
-2.023720026016235352e+00
5.329160213470458984e+00
6.008564949035644531e+00
-2.273355722427368164e-01
-2.964008331298828125e+00
1.118854761123657227e+00
4.401267051696777344e+00
2.190813302993774414e+00
-1.079534769058227539e+00
-1.211509227752685547e+00
-2.934607565402984619e-01
-8.915964365005493164e-01
-1.673356294631958008e+00
-1.359417796134948730e+00
-1.239886283874511719e+00
-1.713382959365844727e+00
-1.035260200500488281e+00
9.506703615188598633e-01
1.790365934371948242e+00
2.974897027015686035e-01
-1.736181616783142090e+00
-2.430519342422485352e+00
-1.916826725006103516e+00
-1.320080041885375977e+00
-1.456906676292419434e+00
