-1.372673456309189918e-05
4.863051856265608597e-02
9.716585448459738594e-02
1.454833245209241899e-01
1.934741471781363797e-01
2.410298130756305945e-01
2.880421925193049626e-01
3.344036566239963482e-01
3.800072147104074927e-01
4.247466702846640074e-01
4.685167974284231152e-01
5.112135388951286608e-01
5.527342266353070244e-01
5.929778248733651447e-01
6.318451952434701591e-01
6.692393828763638641e-01
7.050659217260609735e-01
7.392331568487083837e-01
7.716525808083120053e-01
8.022391808976141458e-01
8.309117934380910730e-01
8.575934610704876171e-01
8.822117886746205784e-01
9.046992933707638240e-01
9.249937439593415300e-01
9.430384851535119628e-01
9.587827420511033649e-01
9.721819004768876837e-01
9.831977590998942640e-01
9.917987495880933313e-01
9.979601214971475232e-01
1.001664089092291432e+00
1.002899937862480328e+00
1.001664089092291432e+00
9.979601214971476342e-01
9.917987495880933313e-01
9.831977590998942640e-01
9.721819004768876837e-01
9.587827420511033649e-01
9.430384851535119628e-01
9.249937439593415300e-01
9.046992933707639351e-01
8.822117886746206894e-01
8.575934610704876171e-01
8.309117934380912951e-01
8.022391808976142569e-01
7.716525808083121163e-01
7.392331568487082727e-01
7.050659217260610845e-01
6.692393828763640862e-01
6.318451952434701591e-01
5.929778248733652557e-01
5.527342266353070244e-01
5.112135388951287718e-01
4.685167974284233372e-01
4.247466702846639519e-01
3.800072147104076037e-01
3.344036566239966257e-01
2.880421925193050181e-01
2.410298130756307888e-01
1.934741471781367406e-01
1.454833245209242454e-01
9.716585448459760799e-02
4.863051856265603740e-02
-1.372673456297049564e-05
-4.865783983582433470e-02
-9.719278044301234154e-02
-1.455095958528866695e-01
-1.934995108763585825e-01
-2.410540248738330393e-01
-2.880650192446354563e-01
-3.344248784426120391e-01
-3.800266272445936289e-01
-4.247640865811044275e-01
-4.685320497586626942e-01
-5.112264803708891359e-01
-5.527447326231023084e-01
-5.929857941947898059e-01
-6.318505511496023130e-01
-6.692420737868999270e-01
-7.050659217260609735e-01
-7.392304659381722098e-01
-7.716472249021792962e-01
-8.022312115761895956e-01
-8.309012874502955670e-01
-8.575805195947269199e-01
-8.821965363443808883e-01
-9.046818770743230154e-01
-9.249743314251551718e-01
-9.430172633348964384e-01
-9.587599153257726492e-01
-9.721576886786851279e-01
-9.831723954016720057e-01
-9.917724782561306851e-01
-9.979331955387327202e-01
-1.001636767819122920e+00
-1.002872484393354302e+00
-1.001636767819122920e+00
-9.979331955387327202e-01
-9.917724782561306851e-01
-9.831723954016721168e-01
-9.721576886786851279e-01
-9.587599153257727602e-01
-9.430172633348965494e-01
-9.249743314251552828e-01
-9.046818770743232374e-01
-8.821965363443809993e-01
-8.575805195947271420e-01
-8.309012874502957890e-01
-8.022312115761898177e-01
-7.716472249021795182e-01
-7.392304659381724319e-01
-7.050659217260611955e-01
-6.692420737869001490e-01
-6.318505511496029792e-01
-5.929857941947898059e-01
-5.527447326231025304e-01
-5.112264803708894689e-01
-4.685320497586629718e-01
-4.247640865811051492e-01
-3.800266272445943505e-01
-3.344248784426119281e-01
-2.880650192446358449e-01
-2.410540248738334002e-01
-1.934995108763589433e-01
-1.455095958528874744e-01
-9.719278044301225827e-02
-4.865783983582469552e-02
