2.397356022451321150e-02
3.141757364358351012e-02
3.846953395915155005e-02
4.497398908744664608e-02
5.078461123968942836e-02
5.576742739483461081e-02
5.980380792027212289e-02
6.279314777028179029e-02
6.465518110899917681e-02
6.533187791287957402e-02
6.478887994246851356e-02
6.301644324551652909e-02
6.002986485348592305e-02
5.586938233575130391e-02
5.059954614369747972e-02
4.430807596793014808e-02
3.710422340268974828e-02
2.911667382359304015e-02
2.049103030902333852e-02
1.138693145750292214e-02
1.974862878155267225e-03
-7.567271212647137292e-03
-1.705774461247703405e-02
-2.631469858012253082e-02
-3.515984660961387481e-02
-4.342211657894621407e-02
-5.094115353446799360e-02
-5.757060922583559504e-02
-6.318114894104823187e-02
-6.766311211213436871e-02
-7.092877044330321568e-02
-7.291413579924188593e-02
-7.358027960022300862e-02
-7.291413579924188593e-02
-7.092877044330327119e-02
-6.766311211213436871e-02
-6.318114894104823187e-02
-5.757060922583559504e-02
-5.094115353446799360e-02
-4.342211657894621407e-02
-3.515984660961387481e-02
-2.631469858012258287e-02
-1.705774461247707222e-02
-7.567271212647137292e-03
1.974862878155191764e-03
1.138693145750288051e-02
2.049103030902330383e-02
2.911667382359307138e-02
3.710422340268972052e-02
4.430807596793010644e-02
5.059954614369747972e-02
5.586938233575129004e-02
6.002986485348592305e-02
6.301644324551652909e-02
6.478887994246849968e-02
6.533187791287957402e-02
6.465518110899919069e-02
6.279314777028179029e-02
5.980380792027212983e-02
5.576742739483463163e-02
5.078461123968947000e-02
4.497398908744665996e-02
3.846953395915157781e-02
3.141757364358350318e-02
2.397356022451322885e-02
1.629866831519979561e-02
8.556296014974295802e-03
9.085444524373786392e-04
-6.487248013980558177e-03
-1.348184230656635299e-02
-1.993723426949665228e-02
-2.572952245454211695e-02
-3.075144710112440866e-02
-3.491454670503178759e-02
-3.815088706198396795e-02
-4.041432712564239915e-02
-4.168129622803009443e-02
-4.195106795092484048e-02
-4.124552697555083219e-02
-3.960843633447956591e-02
-3.710422340268973440e-02
-3.381631345704363967e-02
-2.984504947717004156e-02
-2.530524584232933874e-02
-2.032343150361108283e-02
-1.503484490722701433e-02
-9.580248268007495946e-03
-4.102632627725285100e-03
1.256112601739049848e-03
6.358491263206532927e-03
1.107457988369251606e-02
1.528502413756734589e-02
1.888378571533930184e-02
2.178057857225031493e-02
2.390294046917741666e-02
2.519789384045862876e-02
2.563315915119658908e-02
2.519789384045862876e-02
2.390294046917741666e-02
2.178057857225031493e-02
1.888378571533934347e-02
1.528502413756734589e-02
1.107457988369254381e-02
6.358491263206560683e-03
1.256112601739076953e-03
-4.102632627725226987e-03
-9.580248268007475129e-03
-1.503484490722696576e-02
-2.032343150361104120e-02
-2.530524584232930058e-02
-2.984504947717001033e-02
-3.381631345704361191e-02
-3.710422340268972052e-02
-3.960843633447955203e-02
-4.124552697555081138e-02
-4.195106795092484048e-02
-4.168129622803010137e-02
-4.041432712564240609e-02
-3.815088706198398183e-02
-3.491454670503185004e-02
-3.075144710112448151e-02
-2.572952245454211001e-02
-1.993723426949670433e-02
-1.348184230656640330e-02
-6.487248013980610219e-03
9.085444524372514622e-04
8.556296014974309680e-03
1.629866831519973663e-02
