-1.368667223999864291e-08
1.215604990720748901e-01
2.404895722866058350e-01
3.542128205299377441e-01
4.602684080600738525e-01
5.563606023788452148e-01
6.404091715812683105e-01
7.105948925018310547e-01
7.653983235359191895e-01
8.036332130432128906e-01
8.244720101356506348e-01
8.274633288383483887e-01
8.125425577163696289e-01
7.800326943397521973e-01
7.306375503540039062e-01
6.654261946678161621e-01
5.858105421066284180e-01
4.935137629508972168e-01
3.905339539051055908e-01
2.791002094745635986e-01
1.616247892379760742e-01
4.065063968300819397e-02
-8.120356500148773193e-02
-2.012998014688491821e-01
-3.170382380485534668e-01
-4.259141981601715088e-01
-5.255703926086425781e-01
-6.138494014739990234e-01
-6.888402104377746582e-01
-7.489201426506042480e-01
-7.927879691123962402e-01
-8.194944262504577637e-01
-8.284612894058227539e-01
-8.194944262504577637e-01
-7.927879691123962402e-01
-7.489201426506042480e-01
-6.888402104377746582e-01
-6.138494014739990234e-01
-5.255703926086425781e-01
-4.259141981601715088e-01
-3.170382380485534668e-01
-2.012998014688491821e-01
-8.120356500148773193e-02
4.065063968300819397e-02
1.616247892379760742e-01
2.791002094745635986e-01
3.905339539051055908e-01
4.935137629508972168e-01
5.858105421066284180e-01
6.654261946678161621e-01
7.306375503540039062e-01
7.800326943397521973e-01
8.125425577163696289e-01
8.274633288383483887e-01
8.244720101356506348e-01
8.036332130432128906e-01
7.653983235359191895e-01
7.105948925018310547e-01
6.404091715812683105e-01
5.563606023788452148e-01
4.602684080600738525e-01
3.542128205299377441e-01
2.404895722866058350e-01
1.215604990720748901e-01
-1.368667223999864291e-08
-1.215605288743972778e-01
-2.404896020889282227e-01
-3.542128205299377441e-01
-4.602684080600738525e-01
-5.563606023788452148e-01
-6.404091715812683105e-01
-7.105948925018310547e-01
-7.653983235359191895e-01
-8.036332130432128906e-01
-8.244720101356506348e-01
-8.274633288383483887e-01
-8.125425577163696289e-01
-7.800326943397521973e-01
-7.306375503540039062e-01
-6.654261946678161621e-01
-5.858105421066284180e-01
-4.935137629508972168e-01
-3.905339539051055908e-01
-2.791002094745635986e-01
-1.616248190402984619e-01
-4.065066948533058167e-02
8.120353519916534424e-02
2.012997716665267944e-01
3.170382380485534668e-01
4.259141981601715088e-01
5.255703926086425781e-01
6.138494014739990234e-01
6.888402104377746582e-01
7.489201426506042480e-01
7.927879691123962402e-01
8.194944262504577637e-01
8.284612894058227539e-01
8.194944262504577637e-01
7.927879691123962402e-01
7.489201426506042480e-01
6.888402104377746582e-01
6.138494014739990234e-01
5.255703926086425781e-01
4.259141981601715088e-01
3.170382380485534668e-01
2.012997716665267944e-01
8.120353519916534424e-02
-4.065066948533058167e-02
-1.616248190402984619e-01
-2.791002094745635986e-01
-3.905339539051055908e-01
-4.935137629508972168e-01
-5.858105421066284180e-01
-6.654261946678161621e-01
-7.306375503540039062e-01
-7.800326943397521973e-01
-8.125425577163696289e-01
-8.274633288383483887e-01
-8.244720101356506348e-01
-8.036332130432128906e-01
-7.653983235359191895e-01
-7.105948925018310547e-01
-6.404091715812683105e-01
-5.563606023788452148e-01
-4.602684080600738525e-01
-3.542128205299377441e-01
-2.404896020889282227e-01
-1.215605288743972778e-01
