4.808413395585800498e-01
5.584544665585065015e-01
5.360775497500903652e-01
4.215827070724725290e-01
2.341329603140299143e-01
1.270296953303193949e-03
-2.449817686222017232e-01
-4.724430905436874939e-01
-6.529290666527600706e-01
-7.656735348709837741e-01
-7.995869842678620110e-01
-7.540940086008754983e-01
-6.385039979590356740e-01
-4.700785182748409285e-01
-2.711371392940183367e-01
-6.566544846617228259e-02
1.240615715905896699e-01
2.803556969528778198e-01
3.921048674139026025e-01
4.556419154889460588e-01
4.744397218160557039e-01
4.577610744217940897e-01
4.185450595211667735e-01
3.709149744331001197e-01
3.277311789932464414e-01
2.985821028495736496e-01
2.885147722144957294e-01
2.976692394639942063e-01
3.218225070589733616e-01
3.536932370142735760e-01
3.847338013955272085e-01
4.070609234330196391e-01
4.151618279535898015e-01
4.070609234330196391e-01
3.847338013955278191e-01
3.536932370142735760e-01
3.218225070589733616e-01
2.976692394639942063e-01
2.885147722144957294e-01
2.985821028495736496e-01
3.277311789932464414e-01
3.709149744330998422e-01
4.185450595211663849e-01
4.577610744217940897e-01
4.744397218160557594e-01
4.556419154889461698e-01
3.921048674139027690e-01
2.803556969528773202e-01
1.240615715905902250e-01
-6.566544846617100584e-02
-2.711371392940183367e-01
-4.700785182748404845e-01
-6.385039979590356740e-01
-7.540940086008751653e-01
-7.995869842678618999e-01
-7.656735348709837741e-01
-6.529290666527605147e-01
-4.724430905436887707e-01
-2.449817686222021118e-01
1.270296953302183039e-03
2.341329603140282212e-01
4.215827070724725845e-01
5.360775497500899212e-01
5.584544665585065015e-01
4.808413395585803829e-01
3.081489112208891101e-01
5.789687040733491191e-02
-2.416444099738591644e-01
-5.547809891617948574e-01
-8.427689093669745724e-01
-1.068661903057006146e+00
-1.201990167775959018e+00
-1.222646019400466910e+00
-1.123458561301591718e+00
-9.111183117529471076e-01
-6.053385570394469450e-01
-2.363807884043344909e-01
1.587073921033463897e-01
5.406234229687464365e-01
8.724961972191641602e-01
1.124106212622915546e+00
1.275097771918846323e+00
1.316796187593244349e+00
1.252448832530054235e+00
1.095935239676395057e+00
8.692049222343599668e-01
5.988711735466674124e-01
3.124907966643770130e-01
3.507997679776048150e-02
-2.136457848360269196e-01
-4.209533044279731850e-01
-5.815234444478565301e-01
-6.966646533402912622e-01
-7.725317695786905192e-01
-8.177242933891669674e-01
-8.407252534559314094e-01
-8.476522149733154432e-01
-8.407252534559314094e-01
-8.177242933891669674e-01
-7.725317695786905192e-01
-6.966646533402924835e-01
-5.815234444478565301e-01
-4.209533044279742398e-01
-2.136457848360281686e-01
3.507997679775914923e-02
3.124907966643740154e-01
5.988711735466660802e-01
8.692049222343578574e-01
1.095935239676393502e+00
1.252448832530053124e+00
1.316796187593244571e+00
1.275097771918846989e+00
1.124106212622916878e+00
8.724961972191660475e-01
5.406234229687527648e-01
1.587073921033463897e-01
-2.363807884043322427e-01
-6.053385570394443915e-01
-9.111183117529455533e-01
-1.123458561301588832e+00
-1.222646019400466466e+00
-1.201990167775958795e+00
-1.068661903057007923e+00
-8.427689093669764597e-01
-5.547809891617969669e-01
-2.416444099738643270e-01
5.789687040733533518e-02
3.081489112208875558e-01
