-1.504937628200364308e-01
-1.886171237400446621e-01
-2.242800872534980450e-01
-2.565079479711268040e-01
-2.843841311371567149e-01
-3.070708725454299182e-01
-3.238283498737178356e-01
-3.340318447425241755e-01
-3.371865559510673349e-01
-3.329397337757684650e-01
-3.210898618790707371e-01
-3.015926760551126962e-01
-2.745638763888454403e-01
-2.402784599796516929e-01
-1.991666736614867983e-01
-1.518066585829348503e-01
-9.891392953171451730e-02
-4.132789996756196238e-02
2.000427260420195932e-02
8.404618840401592572e-02
1.496926709356486973e-01
2.157917702655503256e-01
2.811678443183814879e-01
3.446452346378925946e-01
4.050720395338451296e-01
4.613434846228502417e-01
5.124243985442777927e-01
5.573703199323295499e-01
5.953467901657333305e-01
6.256464243928120395e-01
6.477034000319765727e-01
6.611050563780437317e-01
6.656003599387940728e-01
6.611050563780437317e-01
6.477034000319770168e-01
6.256464243928120395e-01
5.953467901657333305e-01
5.573703199323295499e-01
5.124243985442777927e-01
4.613434846228502417e-01
4.050720395338451296e-01
3.446452346378929277e-01
2.811678443183817655e-01
2.157917702655503256e-01
1.496926709356491969e-01
8.404618840401621715e-02
2.000427260420220565e-02
-4.132789996756216361e-02
-9.891392953171435076e-02
-1.518066585829345172e-01
-1.991666736614867983e-01
-2.402784599796515541e-01
-2.745638763888454403e-01
-3.015926760551126407e-01
-3.210898618790706815e-01
-3.329397337757685205e-01
-3.371865559510673904e-01
-3.340318447425241755e-01
-3.238283498737178356e-01
-3.070708725454299737e-01
-2.843841311371568814e-01
-2.565079479711268595e-01
-2.242800872534982115e-01
-1.886171237400446621e-01
-1.504937628200365141e-01
-1.109210646958123381e-01
-7.092404747927533171e-02
-3.151915586609144171e-02
6.307916657077348478e-03
4.162357337985390926e-02
7.356636862186391457e-02
1.013653410909630403e-01
1.243562355184119339e-01
1.419952688926730822e-01
1.538701521232219704e-01
1.597081386430509731e-01
1.593809369778268481e-01
1.529063932416039329e-01
1.404469203615274220e-01
1.223047220448244821e-01
9.891392953171446178e-02
7.082983650567242773e-02
3.871548069575789924e-02
3.325878334031499937e-03
-3.450973152463015364e-02
-7.390723285348846372e-02
-1.139481345625327907e-01
-1.537007697547968788e-01
-1.922417191011893678e-01
-2.286769809712890511e-01
-2.621624172924237328e-01
-2.919230207667536381e-01
-3.172705756856535331e-01
-3.376193205555935162e-01
-3.524992652992036124e-01
-3.615668679421870091e-01
-3.646128342987212667e-01
-3.615668679421870091e-01
-3.524992652992036124e-01
-3.376193205555935162e-01
-3.172705756856538106e-01
-2.919230207667536381e-01
-2.621624172924239549e-01
-2.286769809712892176e-01
-1.922417191011895621e-01
-1.537007697547972951e-01
-1.139481345625329711e-01
-7.390723285348882454e-02
-3.450973152463044508e-02
3.325878334031191590e-03
3.871548069575765638e-02
7.082983650567220568e-02
9.891392953171430913e-02
1.223047220448243572e-01
1.404469203615271444e-01
1.529063932416039329e-01
1.593809369778268203e-01
1.597081386430510008e-01
1.538701521232220260e-01
1.419952688926733597e-01
1.243562355184122531e-01
1.013653410909629987e-01
7.356636862186416437e-02
4.162357337985413130e-02
6.307916657077611289e-03
-3.151915586609082415e-02
-7.092404747927541497e-02
-1.109210646958120050e-01
