2.802594366910438062e-01
3.848931109668527611e-02
-1.861684159848779607e-01
-3.686609014206691515e-01
-4.896460391156614578e-01
-5.376757645885376080e-01
-5.104294427821536306e-01
-4.148571809292420642e-01
-2.662212336892195164e-01
-8.615318739512024815e-02
1.000398449325193839e-01
2.664987430543656610e-01
3.899940999852571921e-01
4.527880691346116149e-01
4.448361384716814637e-01
3.650664959605792736e-01
2.215833737262712377e-01
3.076759600189090185e-02
-1.846223608372827840e-01
-3.981274115239801237e-01
-5.827294059854219999e-01
-7.140880418346301495e-01
-7.734917098509068722e-01
-7.501732437343694437e-01
-6.427149129642110159e-01
-4.593727823638451002e-01
-2.172764231345194197e-01
5.940879864289091289e-02
3.421483430200216724e-01
6.012283607830178900e-01
8.091014846130807348e-01
9.435023065701771960e-01
9.899723453626403380e-01
9.435023065701771960e-01
8.091014846130848426e-01
6.012283607830178900e-01
3.421483430200216724e-01
5.940879864289091289e-02
-2.172764231345194197e-01
-4.593727823638451002e-01
-6.427149129642110159e-01
-7.501732437343691107e-01
-7.734917098509067612e-01
-7.140880418346301495e-01
-5.827294059854234431e-01
-3.981274115239808453e-01
-1.846223608372834502e-01
3.076759600189162350e-02
2.215833737262707104e-01
3.650664959605785520e-01
4.448361384716814637e-01
4.527880691346116149e-01
3.899940999852571921e-01
2.664987430543659941e-01
1.000398449325203137e-01
-8.615318739512047019e-02
-2.662212336892190723e-01
-4.148571809292412871e-01
-5.104294427821536306e-01
-5.376757645885377190e-01
-4.896460391156621239e-01
-3.686609014206694290e-01
-1.861684159848789322e-01
3.848931109668551204e-02
2.802594366910431956e-01
5.112593493046670989e-01
7.040203306888741519e-01
8.347153117599327432e-01
8.859927354671794930e-01
8.490833656853090661e-01
7.249307291534249353e-01
5.242089884334706351e-01
2.662212336892201825e-01
-2.319862010910670250e-02
-3.145411313037898005e-01
-5.779063441511361754e-01
-7.863407963367740061e-01
-9.188424794738752066e-01
-9.626880531756776271e-01
-9.148151563619325577e-01
-7.821022471083588501e-01
-5.805162564032461114e-01
-3.332295538667163215e-01
-6.792699881528192762e-02
1.863827096339040479e-01
4.026804407378581363e-01
5.589904234796360116e-01
6.408214362301399847e-01
6.427149129642114600e-01
5.687245898680741707e-01
4.317777095057912518e-01
2.519988024538802329e-01
5.419835333149863182e-02
-1.351739504437508843e-01
-2.912495699090882351e-01
-3.937536461688233569e-01
-4.294534719805527256e-01
-3.937536461688233569e-01
-2.912495699090882351e-01
-1.351739504437508843e-01
5.419835333149623791e-02
2.519988024538802329e-01
4.317777095057902526e-01
5.687245898680736156e-01
6.427149129642112380e-01
6.408214362301405398e-01
5.589904234796364557e-01
4.026804407378598016e-01
1.863827096339061296e-01
-6.792699881527991534e-02
-3.332295538667144341e-01
-5.805162564032444461e-01
-7.821022471083577399e-01
-9.148151563619320026e-01
-9.626880531756776271e-01
-9.188424794738752066e-01
-7.863407963367751163e-01
-5.779063441511379517e-01
-3.145411313037916323e-01
-2.319862010911156319e-02
2.662212336892157971e-01
5.242089884334711902e-01
7.249307291534237141e-01
8.490833656853085110e-01
8.859927354671796040e-01
8.347153117599341865e-01
7.040203306888740409e-01
5.112593493046686532e-01
