0.000000000000000000e+00
-1.783528710139465900e-01
-3.575171851528231581e-01
-5.370478705400785202e-01
-7.164901504074053795e-01
-8.953808531797063930e-01
-1.073249825681542813e+00
-1.249621443196545556e+00
-1.424016209107168418e+00
-1.595952435890597432e+00
-1.764947998356948933e+00
-1.930522149196979953e+00
-2.092197386166462891e+00
-2.249501359580763804e+00
-2.401968808232520125e+00
-2.549143511383594518e+00
-2.690580244124477716e+00
-2.825846723144018746e+00
-2.954525529812732643e+00
-3.076215997455782780e+00
-3.190536049778029071e+00
-3.297123977602967937e+00
-3.395640141398769796e+00
-3.485768587485585268e+00
-3.567218566345470521e+00
-3.639725942085451305e+00
-3.703054482829915006e+00
-3.756997022634659178e+00
-3.801376486414358435e+00
-3.836046770350095780e+00
-3.860893471285505640e+00
-3.875834459719541325e+00
-3.880820292151538897e+00
-3.875834459719541325e+00
-3.860893471285506529e+00
-3.836046770350095780e+00
-3.801376486414358435e+00
-3.756997022634659178e+00
-3.703054482829915006e+00
-3.639725942085451305e+00
-3.567218566345470521e+00
-3.485768587485586156e+00
-3.395640141398769796e+00
-3.297123977602967937e+00
-3.190536049778030403e+00
-3.076215997455782780e+00
-2.954525529812732643e+00
-2.825846723144018302e+00
-2.690580244124477716e+00
-2.549143511383595850e+00
-2.401968808232520125e+00
-2.249501359580764692e+00
-2.092197386166462891e+00
-1.930522149196980397e+00
-1.764947998356950043e+00
-1.595952435890597210e+00
-1.424016209107168862e+00
-1.249621443196546444e+00
-1.073249825681542813e+00
-8.953808531797072812e-01
-7.164901504074066008e-01
-5.370478705400786312e-01
-3.575171851528240463e-01
-1.783528710139465900e-01
-4.440892098500626162e-16
1.771072626459555543e-01
3.525467475703658593e-01
5.259092550382109543e-01
6.967994112064193057e-01
8.648364061261788471e-01
1.029654613761913140e+00
1.190904095397188112e+00
1.348250988849577947e+00
1.501377786927356794e+00
1.649983509521359082e+00
1.793783774626528604e+00
1.932510774421082989e+00
2.065913163289166299e+00
2.193755865348528733e+00
2.315819809631976867e+00
2.431901601564831150e+00
2.541813139776341490e+00
2.645381187577427795e+00
2.742446908628086710e+00
2.832865376404114510e+00
2.916505067054124378e+00
2.993247345115065183e+00
3.062985951329528778e+00
3.125626501483765640e+00
3.181086004765514286e+00
3.229292409630249328e+00
3.270184184568892594e+00
3.303709940496049935e+00
3.329828100732667995e+00
3.348506623748668698e+00
3.359722782968237009e+00
3.363463007032244878e+00
3.359722782968237009e+00
3.348506623748668698e+00
3.329828100732667995e+00
3.303709940496049047e+00
3.270184184568892594e+00
3.229292409630250216e+00
3.181086004765514286e+00
3.125626501483764752e+00
3.062985951329530554e+00
2.993247345115065183e+00
2.916505067054125266e+00
2.832865376404115398e+00
2.742446908628087598e+00
2.645381187577428239e+00
2.541813139776341934e+00
2.431901601564831150e+00
2.315819809631978199e+00
2.193755865348530953e+00
2.065913163289166299e+00
1.932510774421083877e+00
1.793783774626529937e+00
1.649983509521359970e+00
1.501377786927359459e+00
1.348250988849581056e+00
1.190904095397188112e+00
1.029654613761914472e+00
8.648364061261801794e-01
6.967994112064206380e-01
5.259092550382140629e-01
3.525467475703656373e-01
1.771072626459568866e-01
