1.934933748638891227e-01
1.938633048763930278e-01
1.942510004584165340e-01
1.946564616099596690e-01
1.950796883310223773e-01
1.955206806216046866e-01
1.959794384817065971e-01
1.964559619113280808e-01
1.969502509104691934e-01
1.974623054791299070e-01
1.979921256173102218e-01
1.985397113250101098e-01
1.991050626022296266e-01
1.996881794489687167e-01
2.002890618652274080e-01
2.009077098510057280e-01
2.015441234063036213e-01
2.021983025311211157e-01
2.028702472254582112e-01
2.035599574893149077e-01
2.042674333226912053e-01
2.049926747255871040e-01
2.057356816980026037e-01
2.064964542399376768e-01
2.072749923513923787e-01
2.080712960323666816e-01
2.088853652828605578e-01
2.097172001028740351e-01
2.105668004924071413e-01
2.114341664514598207e-01
2.123192979800321012e-01
2.132221950781240105e-01
2.141428577457354931e-01
2.150812859828665768e-01
2.160374797895172616e-01
2.170114391656875197e-01
2.180031641113774066e-01
2.190126546265868945e-01
2.200399107113159836e-01
2.210849323655646459e-01
2.221477195893329371e-01
2.232282723826208015e-01
2.243265907454282670e-01
2.254426746777553614e-01
2.265765241796020291e-01
2.277281392509682978e-01
2.288975198918541676e-01
2.300846661022596384e-01
2.312895778821847104e-01
2.325122552316293834e-01
2.337526981505936574e-01
2.350109066390775325e-01
2.362868806970809810e-01
2.375806203246040582e-01
2.388921255216467088e-01
2.402213962882089882e-01
2.415684326242908408e-01
2.429332345298922946e-01
2.443158020050133494e-01
2.457161350496540331e-01
2.471342336638142900e-01
2.485700978474941480e-01
2.500237276006935794e-01
2.514951229234126395e-01
2.529842838156513007e-01
2.544912102774095630e-01
2.560159023086874264e-01
2.575583599094848908e-01
2.591185830798019563e-01
2.606965718196385673e-01
2.622923261289948349e-01
2.639058460078707036e-01
2.655371314562661178e-01
2.671861824741811886e-01
2.688529990616158050e-01
2.705375812185700779e-01
2.722399289450438964e-01
2.739600422410373715e-01
2.756979211065503921e-01
2.774535655415830138e-01
2.792269755461352920e-01
2.810181511202071158e-01
2.828270922637985407e-01
2.846537989769095667e-01
2.864982712595402492e-01
2.883605091116904773e-01
2.902405125333603064e-01
2.921382815245497366e-01
2.940538160852587679e-01
2.959871162154874003e-01
2.979381819152356337e-01
2.999070131845034681e-01
3.018936100232909037e-01
3.038979724315979403e-01
3.059201004094245224e-01
3.079599939567707612e-01
3.100176530736366010e-01
3.120930777600220418e-01
3.141862680159270838e-01
3.162972238413516712e-01
3.184259452362959153e-01
3.205724322007597049e-01
3.227366847347431511e-01
3.249187028382461984e-01
3.271184865112687912e-01
3.293360357538109850e-01
3.315713505658728355e-01
3.338244309474542315e-01
3.360952768985552286e-01
3.383838884191758822e-01
3.406902655093160814e-01
3.430144081689758817e-01
3.453563163981553386e-01
3.477159901968542854e-01
3.500934295650729444e-01
3.524886345028110934e-01
3.549016050100689545e-01
3.573323410868463612e-01
3.597808427331433689e-01
3.622471099489599777e-01
3.647311427342961876e-01
3.672329410891519430e-01
3.697525050135273550e-01
3.722898345074223680e-01
3.748449295708369822e-01
3.774177902037711974e-01
3.800084164062249581e-01
3.826168081781984309e-01
3.852429655196913938e-01
3.878868884307039577e-01
3.905485769112361782e-01
3.932280309612879443e-01
3.959252505808593670e-01
3.986402357699503352e-01
4.013729865285609599e-01
4.041235028566911303e-01
4.068917847543409572e-01
4.096778322215103296e-01
4.124816452581993032e-01
4.153032238644078777e-01
4.181425680401360534e-01
4.209996777853838301e-01
4.238745531001512079e-01
4.267671939844382423e-01
4.296776004382447667e-01
4.326057724615710032e-01
4.355517100544167297e-01
4.385154132167821128e-01
4.414968819486670970e-01
4.444961162500716823e-01
4.475131161209958686e-01
4.505478815614396559e-01
4.536004125714030444e-01
4.566707091508859784e-01
4.597587712998886245e-01
4.628645990184107606e-01
4.659881923064524978e-01
4.691295511640138916e-01
4.722886755910948309e-01
4.754655655876954268e-01
4.786602211538156237e-01
4.818726422894553663e-01
4.851028289946147098e-01
4.883507812692937100e-01
4.916164991134922557e-01
4.948999825272104025e-01
4.982012315104482059e-01
5.015202460632055548e-01
5.048570261854825603e-01
5.082115718772790558e-01
5.115838831385952634e-01
5.149739599694309611e-01
5.183818023697863708e-01
5.218074103396612706e-01
5.252507838790558825e-01
5.287119229879699844e-01
5.321908276664037984e-01
5.356874979143571025e-01
5.392019337318301186e-01
5.427341351188226248e-01
5.462841020753348431e-01
5.498518346013665514e-01
5.534373326969178608e-01
5.570405963619888823e-01
5.606616255965793938e-01
5.643004204006895064e-01
5.679569807743192200e-01
5.716313067174685347e-01
5.753233982301375615e-01
5.790332553123260784e-01
5.827608779640343073e-01
5.865062661852620263e-01
5.902694199760093463e-01
5.940503393362762674e-01
5.978490242660627896e-01
6.016654747653689128e-01
6.054996908341946371e-01
6.093516724725400735e-01
6.132214196804048889e-01
6.171089324577894164e-01
6.210142108046936560e-01
6.249372547211173856e-01
6.288780642070606053e-01
6.328366392625235370e-01
6.368129798875061809e-01
6.408070860820082038e-01
6.448189578460299387e-01
6.488485951795712747e-01
6.528959980826322118e-01
6.569611665552127500e-01
6.610441005973128892e-01
6.651448002089326295e-01
6.692632653900718598e-01
6.733994961407308022e-01
6.775534924609093457e-01
6.817252543506074902e-01
6.859147818098252358e-01
6.901220748385625825e-01
6.943471334368194192e-01
6.985899576045959680e-01
7.028505473418920069e-01
7.071289026487077578e-01
7.114250235250429988e-01
7.157389099708979519e-01
7.200705619862723950e-01
7.244199795711665502e-01
7.287871627255801954e-01
7.331721114495135527e-01
7.375748257429666221e-01
7.419953056059389596e-01
7.464335510384310091e-01
7.508895620404427707e-01
7.553633386119742443e-01
7.598548807530249860e-01
7.643641884635954398e-01
7.688912617436856056e-01
7.734361005932952615e-01
7.779987050124246295e-01
7.825790750010734875e-01
7.871772105592420576e-01
7.917931116869301178e-01
7.964267783841378900e-01
8.010782106508651523e-01
8.057474084871121267e-01
8.104343718928783691e-01
8.151391008681645456e-01
8.198615954129702121e-01
8.246018555272955908e-01
8.293598812111404595e-01
8.341356724645050402e-01
8.389292292873891110e-01
8.437405516797926719e-01
8.485696396417159448e-01
8.534164931731589299e-01
8.582811122741214049e-01
8.631634969446033701e-01
