7.567815883543138611e-01
4.666613700569878231e-01
1.254342953016554796e-01
-2.243243927240802515e-01
-5.378562582612743670e-01
-7.742532527649383933e-01
-9.021730479430495331e-01
-9.044149732819845022e-01
-7.806694270626504117e-01
-5.479916582072479336e-01
-2.388613714655730969e-01
1.029703431127613894e-01
4.283242439774606614e-01
6.893488663833241548e-01
8.462613400684382281e-01
8.731238431916052978e-01
7.618199938955785289e-01
5.236307308485667056e-01
1.881350085705767172e-01
-2.004679043986053455e-01
-5.891528237847719618e-01
-9.232118753280137424e-01
-1.153775858841855406e+00
-1.244674051244682778e+00
-1.177669284650170400e+00
-9.553182998246166902e-01
-6.010286403641069697e-01
-1.562684667842892949e-01
3.247191493867452872e-01
7.819963329829087151e-01
1.157849501573797291e+00
1.404469464890490293e+00
1.490341674024324714e+00
1.404469464890490293e+00
1.157849501573804618e+00
7.819963329829087151e-01
3.247191493867452872e-01
-1.562684667842892949e-01
-6.010286403641069697e-01
-9.553182998246166902e-01
-1.177669284650170400e+00
-1.244674051244682556e+00
-1.153775858841855850e+00
-9.232118753280137424e-01
-5.891528237847751814e-01
-2.004679043986069553e-01
1.881350085705755515e-01
5.236307308485677048e-01
7.618199938955779738e-01
8.731238431916049647e-01
8.462613400684382281e-01
6.893488663833245988e-01
4.283242439774606614e-01
1.029703431127622498e-01
-2.388613714655713205e-01
-5.479916582072482667e-01
-7.806694270626499677e-01
-9.044149732819840581e-01
-9.021730479430497551e-01
-7.742532527649392815e-01
-5.378562582612765874e-01
-2.243243927240807234e-01
1.254342953016538142e-01
4.666613700569881562e-01
7.567815883543133060e-01
9.609192694884953756e-01
1.056165479060781953e+00
1.034066552542757478e+00
9.010736103716836531e-01
6.769875580201156762e-01
3.917114285161190090e-01
8.084271561809848461e-02
-2.192268442021917396e-01
-4.760034834407485538e-01
-6.647438768965227007e-01
-7.709921225613082241e-01
-7.915415960878705581e-01
-7.338035520086313435e-01
-6.137942466418484511e-01
-4.531370834252057000e-01
-2.755906280745206716e-01
-1.036439710821685095e-01
4.433208485601203980e-02
1.560132187732997389e-01
2.259354716743624536e-01
2.551900958794664498e-01
2.501706104797603025e-01
2.206789095966851799e-01
1.777730133853281935e-01
1.317460421607317689e-01
9.056702093717626523e-02
5.900277203946487775e-02
3.849820272366391571e-02
2.774582683577121386e-02
2.375027278863557287e-02
2.311117465499511192e-02
2.322150268430317466e-02
2.311117465499511192e-02
2.375027278863557287e-02
2.774582683577121386e-02
3.849820272366372836e-02
5.900277203946487775e-02
9.056702093717604318e-02
1.317460421607314358e-01
1.777730133853279715e-01
2.206789095966847358e-01
2.501706104797601360e-01
2.551900958794665053e-01
2.259354716743629254e-01
1.560132187733003772e-01
4.433208485601298349e-02
-1.036439710821673993e-01
-2.755906280745195613e-01
-4.531370834252045898e-01
-6.137942466418460086e-01
-7.338035520086313435e-01
-7.915415960878705581e-01
-7.709921225613086682e-01
-6.647438768965235889e-01
-4.760034834407521620e-01
-2.192268442021962360e-01
8.084271561809920625e-02
3.917114285161166221e-01
6.769875580201137888e-01
9.010736103716822099e-01
1.034066552542756146e+00
1.056165479060781953e+00
9.609192694884965968e-01
