3.550737271340487222e-01
3.397858490954102639e-01
3.211518754547046939e-01
2.992773753806590165e-01
2.742989045651614832e-01
2.463825956829671371e-01
2.157224831744382343e-01
1.825385841764006756e-01
1.470747591970592294e-01
1.095963775541293206e-01
7.038781367243811260e-02
2.974980107537885873e-02
-1.200332868389913758e-02
-5.454649480382488952e-02
-9.754677656730703639e-02
-1.406663565163019658e-01
-1.835654714465045079e-01
-2.259053460974122240e-01
-2.673510854882820698e-01
-3.075745030738998853e-01
-3.462568632356503029e-01
-3.830915180541843434e-01
-4.177864198027763654e-01
-4.500664921302087174e-01
-4.796758444463985471e-01
-5.063798155637406762e-01
-5.299668341663715809e-01
-5.502500851659406500e-01
-5.670689724472366411e-01
-5.802903699049926090e-01
-5.898096540226668294e-01
-5.955515125463879400e-01
-5.974705250669360979e-01
-5.955515125463879400e-01
-5.898096540226670514e-01
-5.802903699049926090e-01
-5.670689724472366411e-01
-5.502500851659406500e-01
-5.299668341663715809e-01
-5.063798155637406762e-01
-4.796758444463985471e-01
-4.500664921302089394e-01
-4.177864198027764764e-01
-3.830915180541843434e-01
-3.462568632356505804e-01
-3.075745030739000518e-01
-2.673510854882822363e-01
-2.259053460974120575e-01
-1.835654714465046466e-01
-1.406663565163022434e-01
-9.754677656730703639e-02
-5.454649480382500748e-02
-1.200332868389913758e-02
2.974980107537872689e-02
7.038781367243790443e-02
1.095963775541293761e-01
1.470747591970591739e-01
1.825385841764004258e-01
2.157224831744382065e-01
2.463825956829670261e-01
2.742989045651613167e-01
2.992773753806590165e-01
3.211518754547045829e-01
3.397858490954102639e-01
3.550737271340486667e-01
3.669420510773427346e-01
3.753502946072715396e-01
3.802913679260274682e-01
3.817917934981288064e-01
3.799115450589189424e-01
3.747435453034962949e-01
3.664128214017748353e-01
3.550753213582761303e-01
3.409163981994613457e-01
3.241489729735661518e-01
3.050113915318918290e-01
2.837649939685454870e-01
2.606914193691176607e-01
2.360896720994040410e-01
2.102729791959783712e-01
1.835654714465046189e-01
1.562987234177360130e-01
1.288081899561854538e-01
1.014295785086071211e-01
7.449519795100414954e-02
4.833032544691383270e-02
2.324963315677234382e-02
-4.462836233816029662e-04
-2.247423610893651766e-02
-4.257159001443498042e-02
-6.049919431156304539e-02
-7.604405557594540177e-02
-8.902172561605345424e-02
-9.927837340169391733e-02
-1.066925160393093625e-01
-1.111763876263651002e-01
-1.126769292011613327e-01
-1.111763876263651002e-01
-1.066925160393093625e-01
-9.927837340169391733e-02
-8.902172561605359302e-02
-7.604405557594540177e-02
-6.049919431156314253e-02
-4.257159001443507756e-02
-2.247423610893661133e-02
-4.462836233818361239e-04
2.324963315677225015e-02
4.833032544691360372e-02
7.449519795100394137e-02
1.014295785086069129e-01
1.288081899561852872e-01
1.562987234177358464e-01
1.835654714465044524e-01
2.102729791959782046e-01
2.360896720994036246e-01
2.606914193691176607e-01
2.837649939685453204e-01
3.050113915318916624e-01
3.241489729735659853e-01
3.409163981994610682e-01
3.550753213582759082e-01
3.664128214017748908e-01
3.747435453034962394e-01
3.799115450589189980e-01
3.817917934981288064e-01
3.802913679260275792e-01
3.753502946072715396e-01
3.669420510773427901e-01
