3.082631026898804416e-01
3.898549604497313359e-01
3.939297555353532543e-01
3.331214251707745877e-01
2.339693376647069001e-01
1.317916062922245557e-01
6.405292778489801719e-02
6.333532257202807714e-02
1.510764965818758299e-01
3.331119219214366267e-01
5.977646792386256402e-01
9.168184227175782963e-01
1.249248182709119970e+00
1.547143510830285784e+00
1.762907575679183214e+00
1.856608932651431010e+00
1.802331921054466379e+00
1.592521601461728498e+00
1.239626340308095598e+00
7.747576913484367500e-01
2.435483178297457030e-01
-3.001772916609222741e-01
-8.019650095997014061e-01
-1.214379449245480247e+00
-1.503576441313295042e+00
-1.653801600801527716e+00
-1.669135237021549978e+00
-1.572227150130166784e+00
-1.400227813156292189e+00
-1.198553574914211550e+00
-1.013456273439410360e+00
-8.845506552976775128e-01
-8.384580075919896291e-01
-8.845506552976775128e-01
-1.013456273439406363e+00
-1.198553574914211550e+00
-1.400227813156292189e+00
-1.572227150130166784e+00
-1.669135237021549978e+00
-1.653801600801527716e+00
-1.503576441313295042e+00
-1.214379449245482023e+00
-8.019650095997030714e-01
-3.001772916609222741e-01
2.435483178297413176e-01
7.747576913484344185e-01
1.239626340308094044e+00
1.592521601461729608e+00
1.802331921054466157e+00
1.856608932651431010e+00
1.762907575679183214e+00
1.547143510830286006e+00
1.249248182709119970e+00
9.168184227175791845e-01
5.977646792386268615e-01
3.331119219214364047e-01
1.510764965818762740e-01
6.333532257202822979e-02
6.405292778489780903e-02
1.317916062922241949e-01
2.339693376647062339e-01
3.331214251707744767e-01
3.939297555353530322e-01
3.898549604497311694e-01
3.082631026898807747e-01
1.531725375995854899e-01
-5.487687702931300093e-02
-2.818688984303138745e-01
-4.858329865477437615e-01
-6.239937006796940633e-01
-6.604130796777235579e-01
-5.728815393317482352e-01
-3.578975639892234550e-01
-3.284645495810500221e-02
3.650949176713119693e-01
7.832989154526573961e-01
1.160734747862594674e+00
1.436743754642942905e+00
1.560261975470554896e+00
1.498096790244183074e+00
1.240961278933287337e+00
8.062662959023377818e-01
2.371254250081555048e-01
-4.024233784778765699e-01
-1.035414073140175750e+00
-1.582110609925255318e+00
-1.970925224918453456e+00
-2.148549117228346184e+00
-2.087825636491510650e+00
-1.792190330472560600e+00
-1.295972658355823759e+00
-6.604343322630507052e-01
3.397428677803135399e-02
6.981136100265823430e-01
1.245980763345805320e+00
1.606230784532988842e+00
1.731791692661024396e+00
1.606230784532988842e+00
1.245980763345805320e+00
6.981136100265823430e-01
3.397428677803984026e-02
-6.604343322630507052e-01
-1.295972658355820206e+00
-1.792190330472558601e+00
-2.087825636491509762e+00
-2.148549117228347072e+00
-1.970925224918454122e+00
-1.582110609925259759e+00
-1.035414073140180857e+00
-4.024233784778815104e-01
2.371254250081510362e-01
8.062662959023342291e-01
1.240961278933284895e+00
1.498096790244181964e+00
1.560261975470555562e+00
1.436743754642942905e+00
1.160734747862596672e+00
7.832989154526605047e-01
3.650949176713146893e-01
-3.284645495809902782e-02
-3.578975639892191252e-01
-5.728815393317484572e-01
-6.604130796777233359e-01
-6.239937006796948404e-01
-4.858329865477449827e-01
-2.818688984303176492e-01
-5.487687702931257766e-02
1.531725375995842131e-01
