3.333708049968508447e-01
3.595166961673794681e-01
3.356804725075752116e-01
2.730881901777109655e-01
1.888553551826983867e-01
1.033026082425853864e-01
3.678351439407626100e-02
6.513382741733576321e-03
2.388772248912679474e-02
9.270372468741884531e-02
2.085595317124636361e-01
3.595252004088111408e-01
5.279838275262969116e-01
6.933611826516722365e-01
8.353249648119235315e-01
9.369615185500251853e-01
9.874398228464322802e-01
9.837496314894560445e-01
9.312411611007476164e-01
8.428763552997667885e-01
7.372987033266568124e-01
6.360098325065322022e-01
5.600789442858904454e-01
5.268845062150092629e-01
5.473851196928103402e-01
6.243383543828370241e-01
7.517442839202158611e-01
9.156059249875262429e-01
1.095899714606715314e+00
1.269465748994043741e+00
1.413387604124129782e+00
1.508356443626749366e+00
1.541515264151021247e+00
1.508356443626749366e+00
1.413387604124132668e+00
1.269465748994043741e+00
1.095899714606715314e+00
9.156059249875262429e-01
7.517442839202158611e-01
6.243383543828370241e-01
5.473851196928103402e-01
5.268845062150093739e-01
5.600789442858902234e-01
6.360098325065322022e-01
7.372987033266558132e-01
8.428763552997664554e-01
9.312411611007473944e-01
9.837496314894561555e-01
9.874398228464325022e-01
9.369615185500256294e-01
8.353249648119235315e-01
6.933611826516726806e-01
5.279838275262969116e-01
3.595252004088115294e-01
2.085595317124644965e-01
9.270372468741870653e-02
2.388772248912690577e-02
6.513382741733526882e-03
3.678351439407615692e-02
1.033026082425850950e-01
1.888553551826977484e-01
2.730881901777109100e-01
3.356804725075749896e-01
3.595166961673794126e-01
3.333708049968510112e-01
2.536883060232132947e-01
1.251900222125033879e-01
-3.979811486310589480e-02
-2.231894629124009100e-01
-4.038751831426554695e-01
-5.609391427431411614e-01
-6.768575619907487573e-01
-7.401929519386504230e-01
-7.473680900991377385e-01
-7.032454486626165124e-01
-6.204193776604489674e-01
-5.173247442300195065e-01
-4.154466853737774357e-01
-3.360540142166690281e-01
-2.969525346350967987e-01
-3.097527302157143114e-01
-3.780691591014364028e-01
-4.969280451668986465e-01
-6.534763646090007150e-01
-8.288880155057872789e-01
-1.001180497679488246e+00
-1.148516657917481698e+00
-1.252491649171800114e+00
-1.300906702796810865e+00
-1.289608483674320905e+00
-1.223114037642216934e+00
-1.113925246883307629e+00
-9.806353779941626714e-01
-8.451135730568654081e-01
-7.291931527205001151e-01
-6.513650852112784495e-01
-6.239774342991100120e-01
-6.513650852112784495e-01
-7.291931527205001151e-01
-8.451135730568654081e-01
-9.806353779941611171e-01
-1.113925246883307629e+00
-1.223114037642216267e+00
-1.289608483674321127e+00
-1.300906702796810865e+00
-1.252491649171801003e+00
-1.148516657917482142e+00
-1.001180497679489800e+00
-8.288880155057887222e-01
-6.534763646090019362e-01
-4.969280451668997012e-01
-3.780691591014371800e-01
-3.097527302157145335e-01
-2.969525346350967987e-01
-3.360540142166681399e-01
-4.154466853737774357e-01
-5.173247442300188403e-01
-6.204193776604481902e-01
-7.032454486626159573e-01
-7.473680900991374054e-01
-7.401929519386508671e-01
-6.768575619907485352e-01
-5.609391427431422716e-01
-4.038751831426567462e-01
-2.231894629124022145e-01
-3.979811486310881607e-02
1.251900222125036377e-01
2.536883060232125175e-01
