-1.000000000000000056e-01
-2.558432112559305693e-01
-3.910611697170101042e-01
-4.883032750529467392e-01
-5.345635831817314720e-01
-5.227068953962570319e-01
-4.523094345441792674e-01
-3.297157880217281845e-01
-1.673054157424384569e-01
1.794557652430240138e-02
2.064393148050981397e-01
3.782368691557169149e-01
5.153782358892609050e-01
6.039704409297511623e-01
6.357997309110486883e-01
6.092794637090397369e-01
5.296229791087242456e-01
4.082213427823443430e-01
2.612988189702511455e-01
1.080033707905837248e-01
-3.184446051967190772e-02
-1.400810072319823019e-01
-2.023348113367257617e-01
-2.097180962254575620e-01
-1.598765215768019332e-01
-5.727439830125713449e-02
8.731807003447217275e-02
2.580756536311451521e-01
4.359609039723028046e-01
6.009435224541515019e-01
7.343368767254713214e-01
8.209785458199884145e-01
8.509999999999999787e-01
8.209785458199884145e-01
7.343368767254739859e-01
6.009435224541515019e-01
4.359609039723028046e-01
2.580756536311451521e-01
8.731807003447217275e-02
-5.727439830125713449e-02
-1.598765215768019332e-01
-2.097180962254574510e-01
-2.023348113367258172e-01
-1.400810072319823019e-01
-3.184446051967307345e-02
1.080033707905831419e-01
2.612988189702507014e-01
4.082213427823448981e-01
5.296229791087239125e-01
6.092794637090392929e-01
6.357997309110486883e-01
6.039704409297512733e-01
5.153782358892609050e-01
3.782368691557173035e-01
2.064393148050990834e-01
1.794557652430216893e-02
-1.673054157424380128e-01
-3.297157880217272963e-01
-4.523094345441792119e-01
-5.227068953962569209e-01
-5.345635831817315831e-01
-4.883032750529469057e-01
-3.910611697170106593e-01
-2.558432112559304583e-01
-1.000000000000004080e-01
5.680626592149030929e-02
1.949041136363639515e-01
2.969152079065047189e-01
3.497876766794741910e-01
3.463226425265860664e-01
2.860155120836705978e-01
1.751136973491806137e-01
2.588405950512934206e-02
-1.448242333570303741e-01
-3.175533614090185752e-01
-4.725162165209160769e-01
-5.919149223622782729e-01
-6.620273763806434619e-01
-6.748177953142743268e-01
-6.288828917749516023e-01
-5.296229791087243566e-01
-3.886179147164333658e-01
-2.222807545670273943e-01
-4.994643533969005122e-02
1.083811469926898863e-01
2.343603545971813529e-01
3.134488579406461972e-01
3.365967530581866485e-01
3.012978778141121583e-01
2.118764889738045665e-01
7.897585242603785693e-02
-8.169140076147415885e-02
-2.511849974700434140e-01
-4.095554553077073168e-01
-5.381798206448278332e-01
-6.219416004855490288e-01
-6.510000000000000231e-01
-6.219416004855490288e-01
-5.381798206448278332e-01
-4.095554553077073168e-01
-2.511849974700454124e-01
-8.169140076147415885e-02
7.897585242603691325e-02
2.118764889738039559e-01
3.012978778141118252e-01
3.365967530581866485e-01
3.134488579406463638e-01
2.343603545971822688e-01
1.083811469926911630e-01
-4.994643533968880222e-02
-2.222807545670261731e-01
-3.886179147164322556e-01
-5.296229791087234684e-01
-6.288828917749511582e-01
-6.748177953142741048e-01
-6.620273763806434619e-01
-5.919149223622788281e-01
-4.725162165209171317e-01
-3.175533614090196854e-01
-1.448242333570332607e-01
2.588405950512678855e-02
1.751136973491808912e-01
2.860155120836699316e-01
3.463226425265858444e-01
3.497876766794743020e-01
2.969152079065059957e-01
1.949041136363637849e-01
5.680626592149143339e-02
