5.386219754655030556e-07
-5.125743895769119263e-02
-1.033833771944046021e-01
-1.571262925863265991e-01
-2.130112051963806152e-01
-2.712605595588684082e-01
-3.317510485649108887e-01
-3.940112292766571045e-01
-4.572599530220031738e-01
-5.204818248748779297e-01
-5.825297236442565918e-01
-6.422440409660339355e-01
-6.985728740692138672e-01
-7.506815791130065918e-01
-7.980356812477111816e-01
-8.404510617256164551e-01
-8.781023621559143066e-01
-9.114913940429687500e-01
-9.413764476776123047e-01
-9.686743021011352539e-01
-9.943417906761169434e-01
-1.019255757331848145e+00
-1.044102311134338379e+00
-1.069287419319152832e+00
-1.094884276390075684e+00
-1.120616912841796875e+00
-1.145887494087219238e+00
-1.169840335845947266e+00
-1.191459059715270996e+00
-1.209680080413818359e+00
-1.223515391349792480e+00
-1.232164740562438965e+00
-1.235107898712158203e+00
-1.232164740562438965e+00
-1.223515391349792480e+00
-1.209680080413818359e+00
-1.191459059715270996e+00
-1.169840335845947266e+00
-1.145887494087219238e+00
-1.120616912841796875e+00
-1.094884276390075684e+00
-1.069287419319152832e+00
-1.044102311134338379e+00
-1.019255757331848145e+00
-9.943417906761169434e-01
-9.686743021011352539e-01
-9.413764476776123047e-01
-9.114913940429687500e-01
-8.781023621559143066e-01
-8.404510617256164551e-01
-7.980356812477111816e-01
-7.506815791130065918e-01
-6.985728740692138672e-01
-6.422440409660339355e-01
-5.825297236442565918e-01
-5.204818248748779297e-01
-4.572599530220031738e-01
-3.940112292766571045e-01
-3.317510485649108887e-01
-2.712605595588684082e-01
-2.130112051963806152e-01
-1.571262925863265991e-01
-1.033833771944046021e-01
-5.125743895769119263e-02
5.386219754655030556e-07
5.125849694013595581e-02
1.033843755722045898e-01
1.571271866559982300e-01
2.130119800567626953e-01
2.712611556053161621e-01
3.317514657974243164e-01
3.940114676952362061e-01
4.572599530220031738e-01
5.204815864562988281e-01
5.825293660163879395e-01
6.422434449195861816e-01
6.985721588134765625e-01
7.506806254386901855e-01
7.980347275733947754e-01
8.404499888420104980e-01
8.781012892723083496e-01
9.114903211593627930e-01
9.413754940032958984e-01
9.686733484268188477e-01
9.943410754203796387e-01
1.019255042076110840e+00
1.044101834297180176e+00
1.069287180900573730e+00
1.094884276390075684e+00
1.120617151260375977e+00
1.145887970924377441e+00
1.169841051101684570e+00
1.191459774971008301e+00
1.209681034088134766e+00
1.223516345024108887e+00
1.232165694236755371e+00
1.235109090805053711e+00
1.232165694236755371e+00
1.223516345024108887e+00
1.209681034088134766e+00
1.191459774971008301e+00
1.169841051101684570e+00
1.145887970924377441e+00
1.120617151260375977e+00
1.094884276390075684e+00
1.069287180900573730e+00
1.044101834297180176e+00
1.019255042076110840e+00
9.943410754203796387e-01
9.686733484268188477e-01
9.413754940032958984e-01
9.114903211593627930e-01
8.781012892723083496e-01
8.404499888420104980e-01
7.980347275733947754e-01
7.506806254386901855e-01
6.985721588134765625e-01
6.422434449195861816e-01
5.825293660163879395e-01
5.204815864562988281e-01
4.572599530220031738e-01
3.940114676952362061e-01
3.317514657974243164e-01
2.712611556053161621e-01
2.130119800567626953e-01
1.571271866559982300e-01
1.033843755722045898e-01
5.125849694013595581e-02
