0.000000000000000000e+00
-5.027074739336967468e-02
-1.028085947036743164e-01
-1.574322432279586792e-01
-2.139175832271575928e-01
-2.719984948635101318e-01
-3.313691616058349609e-01
-3.916878998279571533e-01
-4.525824785232543945e-01
-5.136571526527404785e-01
-5.745006799697875977e-01
-6.346951723098754883e-01
-6.938261985778808594e-01
-7.514918446540832520e-01
-8.073123693466186523e-01
-8.609387278556823730e-01
-9.120600223541259766e-01
-9.604088664054870605e-01
-1.000000000000000000e+00
-1.000000000000000000e+00
-1.000000000000000000e+00
-1.000000000000000000e+00
-1.000000000000000000e+00
-1.000000000000000000e+00
-1.000000000000000000e+00
-1.000000000000000000e+00
-1.000000000000000000e+00
-1.000000000000000000e+00
-1.000000000000000000e+00
-1.000000000000000000e+00
-1.000000000000000000e+00
-1.000000000000000000e+00
-1.000000000000000000e+00
-1.000000000000000000e+00
-1.000000000000000000e+00
-1.000000000000000000e+00
-1.000000000000000000e+00
-1.000000000000000000e+00
-1.000000000000000000e+00
-1.000000000000000000e+00
-1.000000000000000000e+00
-1.000000000000000000e+00
-1.000000000000000000e+00
-1.000000000000000000e+00
-1.000000000000000000e+00
-1.000000000000000000e+00
-1.000000000000000000e+00
-9.604088664054870605e-01
-9.120600223541259766e-01
-8.609387278556823730e-01
-8.073123693466186523e-01
-7.514918446540832520e-01
-6.938261985778808594e-01
-6.346951723098754883e-01
-5.745006799697875977e-01
-5.136571526527404785e-01
-4.525824785232543945e-01
-3.916878998279571533e-01
-3.313691616058349609e-01
-2.719984948635101318e-01
-2.139175832271575928e-01
-1.574322432279586792e-01
-1.028085947036743164e-01
-5.027074739336967468e-02
-2.220446049250313081e-16
5.027074739336967468e-02
1.028085947036743164e-01
1.574322432279586792e-01
2.139175832271575928e-01
2.719984948635101318e-01
3.313691616058349609e-01
3.916878998279571533e-01
4.525824785232543945e-01
5.136571526527404785e-01
5.745006799697875977e-01
6.346951723098754883e-01
6.938261985778808594e-01
7.514918446540832520e-01
8.073123693466186523e-01
8.609387278556823730e-01
9.120600223541259766e-01
9.604088664054870605e-01
1.000000000000000000e+00
1.000000000000000000e+00
1.000000000000000000e+00
1.000000000000000000e+00
1.000000000000000000e+00
1.000000000000000000e+00
1.000000000000000000e+00
1.000000000000000000e+00
1.000000000000000000e+00
1.000000000000000000e+00
1.000000000000000000e+00
1.000000000000000000e+00
1.000000000000000000e+00
1.000000000000000000e+00
1.000000000000000000e+00
1.000000000000000000e+00
1.000000000000000000e+00
1.000000000000000000e+00
1.000000000000000000e+00
1.000000000000000000e+00
1.000000000000000000e+00
1.000000000000000000e+00
1.000000000000000000e+00
1.000000000000000000e+00
1.000000000000000000e+00
1.000000000000000000e+00
1.000000000000000000e+00
1.000000000000000000e+00
1.000000000000000000e+00
9.604088664054870605e-01
9.120600223541259766e-01
8.609387278556823730e-01
8.073123693466186523e-01
7.514918446540832520e-01
6.938261985778808594e-01
6.346951723098754883e-01
5.745006799697875977e-01
5.136571526527404785e-01
4.525824785232543945e-01
3.916878998279571533e-01
3.313691616058349609e-01
2.719984948635101318e-01
2.139175832271575928e-01
1.574322432279586792e-01
1.028085947036743164e-01
5.027074739336967468e-02
