5.182382795956677057e-01
2.819190381149542235e-01
2.042361618940084084e-02
-2.345664060215787716e-01
-4.524030840787268137e-01
-6.072019284986461818e-01
-6.810256679987128914e-01
-6.661140558460739713e-01
-5.658649238030980522e-01
-3.944258554318624266e-01
-1.749318029484111525e-01
6.340104339459211313e-02
2.889640329425836041e-01
4.717603228712790586e-01
5.872111471136713945e-01
6.192712391721072462e-01
5.624465413011490167e-01
4.224481540267636670e-01
2.153940601812081856e-01
-3.433883967075442717e-02
-2.973309033740872409e-01
-5.429799612679707677e-01
-7.434944923277988504e-01
-8.774897641684632488e-01
-9.327090626299773257e-01
-9.075087371683848714e-01
-8.109114676157795909e-01
-6.612247246600345685e-01
-4.834148560312945264e-01
-3.055953244019831150e-01
-1.551074298351266534e-01
-5.472694694571173663e-02
-1.951285382161641047e-02
-5.472694694571173663e-02
-1.551074298351237946e-01
-3.055953244019831150e-01
-4.834148560312945264e-01
-6.612247246600345685e-01
-8.109114676157795909e-01
-9.075087371683848714e-01
-9.327090626299773257e-01
-8.774897641684640259e-01
-7.434944923277996276e-01
-5.429799612679707677e-01
-2.973309033740893503e-01
-3.433883967075554433e-02
2.153940601812073530e-01
4.224481540267642776e-01
5.624465413011486836e-01
6.192712391721071352e-01
5.872111471136713945e-01
4.717603228712793917e-01
2.889640329425836041e-01
6.340104339459268212e-02
-1.749318029484099313e-01
-3.944258554318627041e-01
-5.658649238030977191e-01
-6.661140558460736383e-01
-6.810256679987131134e-01
-6.072019284986466259e-01
-4.524030840787282570e-01
-2.345664060215791602e-01
2.042361618939959531e-02
2.819190381149544455e-01
5.182382795956671506e-01
7.004754103173386204e-01
8.059238995121421612e-01
8.207095400857451484e-01
7.413355080369227190e-01
5.749838312650720207e-01
3.385728248568111165e-01
5.671924881277633917e-02
-2.411212919907974594e-01
-5.239761959124608071e-01
-7.627419047291493781e-01
-9.332471643985016385e-01
-1.018663051064498504e+00
-1.011021609748506522e+00
-9.117195573530815222e-01
-7.310050907695806455e-01
-4.865593769053883078e-01
-2.013769371341447290e-01
9.878831615600135174e-02
3.881168604840710135e-01
6.432696357479820159e-01
8.455364694058002950e-01
9.823976871209987305e-01
1.048384418201599777e+00
1.045201948827327199e+00
9.811545961531410454e-01
8.699729379489602454e-01
7.291902525103560739e-01
5.782427178211206886e-01
4.364776386510640371e-01
3.212478337288622865e-01
2.462514785780000881e-01
2.202486250318526906e-01
2.462514785780000881e-01
3.212478337288622865e-01
4.364776386510640371e-01
5.782427178211188012e-01
7.291902525103560739e-01
8.699729379489593573e-01
9.811545961531407123e-01
1.045201948827326976e+00
1.048384418201599999e+00
9.823976871209989525e-01
8.455364694058017383e-01
6.432696357479840144e-01
3.881168604840731784e-01
9.878831615600347504e-02
-2.013769371341425918e-01
-4.865593769053865314e-01
-7.310050907695793132e-01
-9.117195573530790798e-01
-1.011021609748506522e+00
-1.018663051064498948e+00
-9.332471643985025267e-01
-7.627419047291507104e-01
-5.239761959124652480e-01
-2.411212919908021224e-01
5.671924881277687347e-02
3.385728248568090626e-01
5.749838312650705774e-01
7.413355080369217198e-01
8.207095400857447043e-01
8.059238995121422722e-01
7.004754103173397306e-01
