3.789693122034383244e-01
3.522117806035236776e-02
-7.638937531637699507e-01
-1.035440903976203364e+00
-2.457964545438074300e+00
-4.824158663330396557e+00
-1.002131147543413192e+01
-2.045132608923497486e+01
-4.196570259588553853e+01
-8.596699669920802478e+01
-1.761962035245324500e+02
-3.610696165343014741e+02
-7.399580822739044379e+02
-1.516409705965536659e+03
-3.107621207957416118e+03
-6.368526395149072414e+03
-1.305118750119093238e+04
-2.674613567244125079e+04
-5.481154912333606626e+04
-1.123267268685002491e+05
-2.301940708453457046e+05
-4.717426712296690093e+05
-9.667544743059655884e+05
-1.981194982930130558e+06
-4.060114191202999093e+06
-8.320497168346097693e+06
-1.705141034671187028e+07
-3.494389685242991149e+07
-7.161143286127996445e+07
-1.467551640877867937e+08
-3.007491587014309764e+08
-6.163330402840996981e+08
-1.263067262385780096e+09
-2.588436454056289673e+09
-5.304549865406226158e+09
-1.087075142620800781e+10
-2.227771244852906036e+10
-4.565429311011920166e+10
-9.356052530978327942e+10
-1.917360077206492615e+11
-3.929295665552310181e+11
-8.052407375573729248e+11
-1.650200699088393799e+12
-3.381799032587816895e+12
-6.930408345560450195e+12
-1.420266531907427930e+13
-2.910588988524065234e+13
-5.964745397992459375e+13
-1.222370723010039844e+14
-2.505035981879434062e+14
-5.133635117714709375e+14
-1.052049140709793250e+15
-2.155991551968580750e+15
-4.418329327300993500e+15
-9.054596724492424000e+15
-1.855581958017403200e+16
-3.802692165854261600e+16
-7.792955544631219200e+16
-1.597030563397067520e+17
-3.272836096417191040e+17
-6.707107778342589440e+17
-1.374504968322414336e+18
-2.816808631051791872e+18
-5.772558882527599616e+18
