4.177226542549221724e-03
-2.022792856368220513e-03
-5.068386977208997127e-03
4.297786106135388855e-06
9.947708236331065664e-06
-9.078360589305819701e-09
-1.952429618195613866e-08
1.908033123202393313e-11
3.832011563343640981e-11
-3.992640184296507350e-14
-7.521029809569801543e-14
8.322610218562914015e-17
1.476137741955789931e-16
-1.728917607772525801e-19
-2.897180371320684395e-19
3.580667194712639372e-22
5.686214769718902528e-22
-7.395434127318956143e-25
-1.116015070086360047e-24
1.523662938317833570e-27
2.190362190843396727e-27
-3.132124924499676445e-30
-4.298935056357103795e-30
6.425403684456554030e-33
8.437327547449683556e-33
-1.315673725995744604e-35
-1.655953010505292889e-35
2.689357395949695093e-38
3.250051056016063969e-38
-5.488576526320069821e-41
-6.378689064416100696e-41
1.118493803078008216e-43
