-5.904543399810791016e-02
-1.000124216079711914e-01
-1.353155970573425293e-01
-9.118734300136566162e-02
8.218890428543090820e-02
3.824109435081481934e-01
7.447152733802795410e-01
1.056046485900878906e+00
1.190808653831481934e+00
1.057419776916503906e+00
6.396531462669372559e-01
1.696306467056274414e-02
-6.461889147758483887e-01
-1.142120480537414551e+00
-1.282177925109863281e+00
-9.607483148574829102e-01
-1.999353766441345215e-01
8.417397737503051758e-01
1.902906417846679688e+00
2.688349723815917969e+00
2.954705953598022461e+00
2.587467193603515625e+00
1.644901275634765625e+00
3.532511889934539795e-01
-9.483023285865783691e-01
-1.899113893508911133e+00
-2.219411849975585938e+00
-1.793647050857543945e+00
-7.094561457633972168e-01
7.606866955757141113e-01
2.231265068054199219e+00
3.309446334838867188e+00
3.704494476318359375e+00
3.309446334838867188e+00
2.231265068054199219e+00
7.606866955757141113e-01
-7.094561457633972168e-01
-1.793647050857543945e+00
-2.219411849975585938e+00
-1.899113893508911133e+00
-9.483023285865783691e-01
3.532511889934539795e-01
1.644901275634765625e+00
2.587467193603515625e+00
2.954705953598022461e+00
2.688349723815917969e+00
1.902906417846679688e+00
8.417397737503051758e-01
-1.999353766441345215e-01
-9.607483148574829102e-01
-1.282177925109863281e+00
-1.142120480537414551e+00
-6.461889147758483887e-01
1.696306467056274414e-02
6.396531462669372559e-01
1.057419776916503906e+00
1.190808653831481934e+00
1.056046485900878906e+00
7.447152733802795410e-01
3.824109435081481934e-01
8.218890428543090820e-02
-9.118734300136566162e-02
-1.353155970573425293e-01
-1.000124216079711914e-01
-5.904543399810791016e-02
-7.571059465408325195e-02
-1.755695044994354248e-01
-3.362301588058471680e-01
-4.972855448722839355e-01
-5.859514474868774414e-01
-5.482503175735473633e-01
-3.737352490425109863e-01
-1.042672693729400635e-01
1.767499446868896484e-01
3.711544573307037354e-01
3.995209038257598877e-01
2.295972704887390137e-01
-1.103859543800354004e-01
-5.383828878402709961e-01
-9.431521296501159668e-01
-1.218667984008789062e+00
-1.296890020370483398e+00
-1.168097734451293945e+00
-8.823323845863342285e-01
-5.319066643714904785e-01
-2.212612628936767578e-01
-3.447359800338745117e-02
-1.115521788597106934e-02
-1.382372081279754639e-01
-3.594638407230377197e-01
-5.982900261878967285e-01
-7.855018973350524902e-01
-8.816589713096618652e-01
-8.867803215980529785e-01
-8.346306085586547852e-01
-7.746740579605102539e-01
-7.491976618766784668e-01
-7.746740579605102539e-01
-8.346306085586547852e-01
-8.867803215980529785e-01
-8.816589713096618652e-01
-7.855018973350524902e-01
-5.982900261878967285e-01
-3.594638407230377197e-01
-1.382372081279754639e-01
-1.115521788597106934e-02
-3.447359800338745117e-02
-2.212612628936767578e-01
-5.319066643714904785e-01
-8.823323845863342285e-01
-1.168097734451293945e+00
-1.296890020370483398e+00
-1.218667984008789062e+00
-9.431521296501159668e-01
-5.383828878402709961e-01
-1.103859543800354004e-01
2.295972704887390137e-01
3.995209038257598877e-01
3.711544573307037354e-01
1.767499446868896484e-01
-1.042672693729400635e-01
-3.737352490425109863e-01
-5.482503175735473633e-01
-5.859514474868774414e-01
-4.972855448722839355e-01
-3.362301588058471680e-01
-1.755695044994354248e-01
-7.571059465408325195e-02
