0.000000000000000000e+00
8.711910247802734375e-02
1.781059503555297852e-01
2.726974487304687500e-01
3.705926537513732910e-01
4.714539051055908203e-01
5.749096870422363281e-01
6.805559396743774414e-01
7.879586219787597656e-01
8.966568708419799805e-01
1.000000000000000000e+00
1.000000000000000000e+00
1.000000000000000000e+00
1.000000000000000000e+00
1.000000000000000000e+00
1.000000000000000000e+00
1.000000000000000000e+00
1.000000000000000000e+00
1.000000000000000000e+00
1.000000000000000000e+00
1.000000000000000000e+00
1.000000000000000000e+00
1.000000000000000000e+00
1.000000000000000000e+00
1.000000000000000000e+00
1.000000000000000000e+00
1.000000000000000000e+00
1.000000000000000000e+00
1.000000000000000000e+00
1.000000000000000000e+00
1.000000000000000000e+00
1.000000000000000000e+00
1.000000000000000000e+00
1.000000000000000000e+00
1.000000000000000000e+00
1.000000000000000000e+00
1.000000000000000000e+00
1.000000000000000000e+00
1.000000000000000000e+00
1.000000000000000000e+00
1.000000000000000000e+00
1.000000000000000000e+00
1.000000000000000000e+00
1.000000000000000000e+00
1.000000000000000000e+00
1.000000000000000000e+00
1.000000000000000000e+00
1.000000000000000000e+00
1.000000000000000000e+00
1.000000000000000000e+00
1.000000000000000000e+00
1.000000000000000000e+00
1.000000000000000000e+00
1.000000000000000000e+00
1.000000000000000000e+00
8.966568708419799805e-01
7.879586219787597656e-01
6.805559396743774414e-01
5.749096870422363281e-01
4.714539051055908203e-01
3.705926537513732910e-01
2.726974487304687500e-01
1.781059503555297852e-01
8.711910247802734375e-02
0.000000000000000000e+00
-8.302628993988037109e-02
-1.617747545242309570e-01
-2.360999584197998047e-01
-3.058958053588867188e-01
-3.710956573486328125e-01
-4.316712617874145508e-01
-4.876316785812377930e-01
-5.390211343765258789e-01
-5.859181880950927734e-01
-6.284332275390625000e-01
-6.667054891586303711e-01
-7.009012699127197266e-01
-7.312102317810058594e-01
-7.578431367874145508e-01
-7.810277938842773438e-01
-8.010064363479614258e-01
-8.180315494537353516e-01
-8.323628902435302734e-01
-8.442637920379638672e-01
-8.539981842041015625e-01
-8.618257045745849609e-01
-8.680000305175781250e-01
-8.727641105651855469e-01
-8.763487339019775391e-01
-8.789687156677246094e-01
-8.808195590972900391e-01
-8.820762634277343750e-01
-8.828907012939453125e-01
-8.833897113800048828e-01
-8.836734294891357422e-01
-8.838143348693847656e-01
-8.838565349578857422e-01
-8.838143348693847656e-01
-8.836734294891357422e-01
-8.833897113800048828e-01
-8.828907012939453125e-01
-8.820762634277343750e-01
-8.808195590972900391e-01
-8.789687156677246094e-01
-8.763487339019775391e-01
-8.727641105651855469e-01
-8.680000305175781250e-01
-8.618257045745849609e-01
-8.539981842041015625e-01
-8.442637920379638672e-01
-8.323628902435302734e-01
-8.180315494537353516e-01
-8.010064363479614258e-01
-7.810277938842773438e-01
-7.578431367874145508e-01
-7.312102317810058594e-01
-7.009012699127197266e-01
-6.667054891586303711e-01
-6.284332275390625000e-01
-5.859181880950927734e-01
-5.390211343765258789e-01
-4.876316785812377930e-01
-4.316712617874145508e-01
-3.710956573486328125e-01
-3.058958053588867188e-01
-2.360999584197998047e-01
-1.617747545242309570e-01
-8.302628993988037109e-02
