0.000000000000000000e+00
-1.645508503148855215e-03
-3.287052832184102387e-03
-4.920678363034793577e-03
-6.542449548708412568e-03
-8.148459400368292596e-03
-9.734838899611936158e-03
-1.129776631927523374e-02
-1.283347643030793850e-02
-1.433826957254025550e-02
-1.580852056748823647e-02
-1.724068745172626857e-02
-1.863132000978722641e-02
-1.997706808603371201e-02
-2.127468965547643295e-02
-2.252105863409637962e-02
-2.371317240985502950e-02
-2.484815907624974424e-02
-2.592328435098808712e-02
-2.693595816311335558e-02
-2.788374089271240114e-02
-2.876434924817364985e-02
-2.957566176683661119e-02
-3.031572392578125302e-02
-3.098275285044488001e-02
-3.157514160972314798e-02
-3.209146308720781798e-02
-3.253047341923522018e-02
-3.289111499146273737e-02
-3.317251898675439847e-02
-3.337400747823746072e-02
-3.349509506248764951e-02
-3.353549002890847397e-02
-3.349509506248764951e-02
-3.337400747823746766e-02
-3.317251898675439847e-02
-3.289111499146273737e-02
-3.253047341923522018e-02
-3.209146308720781798e-02
-3.157514160972314798e-02
-3.098275285044488001e-02
-3.031572392578125649e-02
-2.957566176683661466e-02
-2.876434924817364985e-02
-2.788374089271240808e-02
-2.693595816311335905e-02
-2.592328435098809059e-02
-2.484815907624974077e-02
-2.371317240985503297e-02
-2.252105863409638656e-02
-2.127468965547643295e-02
-1.997706808603371548e-02
-1.863132000978722641e-02
-1.724068745172627204e-02
-1.580852056748824341e-02
-1.433826957254025376e-02
-1.283347643030794197e-02
-1.129776631927524241e-02
-9.734838899611937893e-03
-8.148459400368299535e-03
-6.542449548708424711e-03
-4.920678363034795312e-03
-3.287052832184109760e-03
-1.645508503148853481e-03
-4.106913052174074565e-18
1.645508503148845458e-03
3.287052832184101953e-03
4.920678363034787506e-03
6.542449548708416038e-03
8.148459400368290861e-03
9.734838899611929219e-03
1.129776631927523547e-02
1.283347643030793503e-02
1.433826957254024682e-02
1.580852056748823647e-02
1.724068745172626510e-02
1.863132000978721947e-02
1.997706808603370854e-02
2.127468965547642601e-02
2.252105863409638309e-02
2.371317240985502950e-02
2.484815907624973730e-02
2.592328435098807324e-02
2.693595816311336252e-02
2.788374089271240114e-02
2.876434924817364638e-02
2.957566176683661119e-02
3.031572392578124608e-02
3.098275285044486960e-02
3.157514160972314798e-02
3.209146308720781798e-02
3.253047341923522018e-02
3.289111499146273043e-02
3.317251898675439153e-02
3.337400747823746766e-02
3.349509506248764951e-02
3.353549002890847397e-02
3.349509506248764951e-02
3.337400747823746766e-02
3.317251898675439153e-02
3.289111499146273737e-02
3.253047341923522018e-02
3.209146308720781798e-02
3.157514160972314798e-02
3.098275285044487654e-02
3.031572392578125302e-02
2.957566176683661466e-02
2.876434924817365332e-02
2.788374089271240808e-02
2.693595816311336946e-02
2.592328435098808018e-02
2.484815907624974424e-02
2.371317240985503644e-02
2.252105863409639003e-02
2.127468965547644683e-02
1.997706808603370854e-02
1.863132000978722641e-02
1.724068745172627551e-02
1.580852056748824688e-02
1.433826957254027111e-02
1.283347643030795932e-02
1.129776631927523201e-02
9.734838899611941362e-03
8.148459400368303004e-03
6.542449548708428181e-03
4.920678363034815261e-03
3.287052832184098917e-03
1.645508503148857818e-03
