-4.299837200960610062e-06
-1.624187082052230835e-01
-3.190250694751739502e-01
-4.644093215465545654e-01
-5.939047932624816895e-01
-7.038711309432983398e-01
-7.918706536293029785e-01
-8.567282557487487793e-01
-8.984713554382324219e-01
-9.181615710258483887e-01
-9.176426529884338379e-01
-8.992344141006469727e-01
-8.654134273529052734e-01
-8.185159564018249512e-01
-7.604998946189880371e-01
-6.927920579910278320e-01
-6.162381172180175781e-01
-5.311551690101623535e-01
-4.374835193157196045e-01
-3.350085020065307617e-01
-2.236284911632537842e-01
-1.036277189850807190e-01
2.408106625080108643e-02
1.577790081501007080e-01
2.948566079139709473e-01
4.318377375602722168e-01
5.645119547843933105e-01
6.881732940673828125e-01
7.979357838630676270e-01
8.890986442565917969e-01
9.575172066688537598e-01
9.999493360519409180e-01
1.014329671859741211e+00
9.999493360519409180e-01
9.575172066688537598e-01
8.890986442565917969e-01
7.979357838630676270e-01
6.881732940673828125e-01
5.645119547843933105e-01
4.318377375602722168e-01
2.948566079139709473e-01
1.577790081501007080e-01
2.408106625080108643e-02
-1.036277189850807190e-01
-2.236284911632537842e-01
-3.350085020065307617e-01
-4.374835193157196045e-01
-5.311551690101623535e-01
-6.162381172180175781e-01
-6.927920579910278320e-01
-7.604998946189880371e-01
-8.185159564018249512e-01
-8.654134273529052734e-01
-8.992344141006469727e-01
-9.176426529884338379e-01
-9.181615710258483887e-01
-8.984713554382324219e-01
-8.567282557487487793e-01
-7.918706536293029785e-01
-7.038711309432983398e-01
-5.939047932624816895e-01
-4.644093215465545654e-01
-3.190250694751739502e-01
-1.624187082052230835e-01
-4.299837200960610062e-06
1.624102741479873657e-01
3.190171420574188232e-01
4.644021689891815186e-01
5.938987135887145996e-01
7.038663625717163086e-01
7.918673157691955566e-01
8.567265868186950684e-01
8.984713554382324219e-01
9.181632399559020996e-01
9.176459908485412598e-01
8.992391824722290039e-01
8.654195070266723633e-01
8.185231089591979980e-01
7.605078816413879395e-01
6.928005218505859375e-01
6.162467002868652344e-01
5.311636328697204590e-01
4.374914467334747314e-01
3.350156545639038086e-01
2.236345708370208740e-01
1.036324948072433472e-01
-2.407777309417724609e-02
-1.577773392200469971e-01
-2.948566079139709473e-01
-4.318394064903259277e-01
-5.645152926445007324e-01
-6.881780624389648438e-01
-7.979418635368347168e-01
-8.891057968139648438e-01
-9.575251936912536621e-01
-9.999577999114990234e-01
-1.014338254928588867e+00
-9.999577999114990234e-01
-9.575251936912536621e-01
-8.891057968139648438e-01
-7.979418635368347168e-01
-6.881780624389648438e-01
-5.645152926445007324e-01
-4.318394064903259277e-01
-2.948566079139709473e-01
-1.577773392200469971e-01
-2.407777309417724609e-02
1.036324948072433472e-01
2.236345708370208740e-01
3.350156545639038086e-01
4.374914467334747314e-01
5.311636328697204590e-01
6.162467002868652344e-01
6.928005218505859375e-01
7.605078816413879395e-01
8.185231089591979980e-01
8.654195070266723633e-01
8.992391824722290039e-01
9.176459908485412598e-01
9.181632399559020996e-01
8.984713554382324219e-01
8.567265868186950684e-01
7.918673157691955566e-01
7.038663625717163086e-01
5.938987135887145996e-01
4.644021689891815186e-01
3.190171420574188232e-01
1.624102741479873657e-01
