-3.697213419719889149e-01
2.231954831535236383e-01
6.931855425630836232e-01
1.017225621966884264e+00
1.194432635251811092e+00
1.243145219349915287e+00
1.195445755676781685e+00
1.090152904578067350e+00
9.654895324795105260e-01
8.526121631731402584e-01
7.709857806226084742e-01
7.262398936459912857e-01
7.107076060170166576e-01
7.064001116823143134e-01
6.897760766704917890e-01
6.373895895464765093e-01
5.313826002601342857e-01
3.638429051210104737e-01
1.392638703504081865e-01
-1.253209214570282504e-01
-4.025529803809818064e-01
-6.589385364723860938e-01
-8.603029013209004816e-01
-9.775861871185052010e-01
-9.919969987762378150e-01
-8.986430281485194849e-01
-7.080044408774279763e-01
-4.449667258663599356e-01
-1.455269915857813900e-01
1.483329261767652729e-01
3.948130363688678868e-01
5.585353744000771670e-01
6.158744536469403785e-01
5.585353744000771670e-01
3.948130363688728273e-01
1.483329261767652729e-01
-1.455269915857813900e-01
-4.449667258663599356e-01
-7.080044408774279763e-01
-8.986430281485194849e-01
-9.919969987762378150e-01
-9.775861871185054230e-01
-8.603029013209008147e-01
-6.589385364723860938e-01
-4.025529803809841933e-01
-1.253209214570293606e-01
1.392638703504074094e-01
3.638429051210110288e-01
5.313826002601339527e-01
6.373895895464759542e-01
6.897760766704917890e-01
7.064001116823144244e-01
7.107076060170166576e-01
7.262398936459910637e-01
7.709857806226082522e-01
8.526121631731404804e-01
9.654895324795103040e-01
1.090152904578066462e+00
1.195445755676781463e+00
1.243145219349915509e+00
1.194432635251811758e+00
1.017225621966884708e+00
6.931855425630853995e-01
2.231954831535229722e-01
-3.697213419719873606e-01
-1.040724785130224594e+00
-1.726931426112653156e+00
-2.354318598586803812e+00
-2.846934133218633090e+00
-3.137186073189482283e+00
-3.175754602335055132e+00
-2.939647275251242586e+00
-2.437119272820223781e+00
-1.708580414638699141e+00
-8.231568488074559875e-01
1.288089918713653248e-01
1.046440657753316072e+00
1.830825149676702956e+00
2.397654265375005256e+00
2.688266943177399337e+00
2.677527223126469291e+00
2.377379072801041104e+00
1.835501132371942123e+00
1.129160811659801977e+00
3.550422532700656109e-01
-3.836008390459689221e-01
-9.907231189967847795e-01
-1.390300752493685676e+00
-1.536400316570372127e+00
-1.419093662582359361e+00
-1.065382135974094258e+00
-5.349900967403762309e-01
8.839095289317108750e-02
7.091830653286543829e-01
1.233630014425188381e+00
1.583201669412509505e+00
1.705802694898474581e+00
1.583201669412509505e+00
1.233630014425188381e+00
7.091830653286543829e-01
8.839095289317884518e-02
-5.349900967403762309e-01
-1.065382135974091371e+00
-1.419093662582358251e+00
-1.536400316570372127e+00
-1.390300752493689007e+00
-9.907231189967866669e-01
-3.836008390459748063e-01
3.550422532700591161e-01
1.129160811659795982e+00
1.835501132371937461e+00
2.377379072801037552e+00
2.677527223126468403e+00
2.688266943177399781e+00
2.397654265375013249e+00
1.830825149676702956e+00
1.046440657753321180e+00
1.288089918713726523e-01
-8.231568488074498813e-01
-1.708580414638685374e+00
-2.437119272820214011e+00
-2.939647275251243475e+00
-3.175754602335054688e+00
-3.137186073189483615e+00
-2.846934133218635754e+00
-2.354318598586813582e+00
-1.726931426112652268e+00
-1.040724785130229479e+00
