-8.833153763987411367e-09
9.805128723382949829e-02
1.958663612604141235e-01
2.932095825672149658e-01
3.898464441299438477e-01
4.855441153049468994e-01
5.800720453262329102e-01
6.732026338577270508e-01
7.647113204002380371e-01
8.543777465820312500e-01
9.419859647750854492e-01
1.027324795722961426e+00
1.110188722610473633e+00
1.190378189086914062e+00
1.267699837684631348e+00
1.341967582702636719e+00
1.413002252578735352e+00
1.480633020401000977e+00
1.544696688652038574e+00
1.605039119720458984e+00
1.661514878273010254e+00
1.713987827301025391e+00
1.762331843376159668e+00
1.806430101394653320e+00
1.846176385879516602e+00
1.881475210189819336e+00
1.912241458892822266e+00
1.938400864601135254e+00
1.959890365600585938e+00
1.976658582687377930e+00
1.988664627075195312e+00
1.995879888534545898e+00
1.998286962509155273e+00
1.995879888534545898e+00
1.988664627075195312e+00
1.976658582687377930e+00
1.959890365600585938e+00
1.938400864601135254e+00
1.912241458892822266e+00
1.881475210189819336e+00
1.846176385879516602e+00
1.806430101394653320e+00
1.762331843376159668e+00
1.713987827301025391e+00
1.661514878273010254e+00
1.605039119720458984e+00
1.544696688652038574e+00
1.480633020401000977e+00
1.413002252578735352e+00
1.341967582702636719e+00
1.267699837684631348e+00
1.190378189086914062e+00
1.110188722610473633e+00
1.027324795722961426e+00
9.419859647750854492e-01
8.543777465820312500e-01
7.647113204002380371e-01
6.732026338577270508e-01
5.800720453262329102e-01
4.855441153049468994e-01
3.898464441299438477e-01
2.932095825672149658e-01
1.958663612604141235e-01
9.805128723382949829e-02
-8.833153763987411367e-09
-9.805130213499069214e-02
-1.958663910627365112e-01
-2.932095825672149658e-01
-3.898464441299438477e-01
-4.855441153049468994e-01
-5.800720453262329102e-01
-6.732026338577270508e-01
-7.647113204002380371e-01
-8.543777465820312500e-01
-9.419859647750854492e-01
-1.027324795722961426e+00
-1.110188722610473633e+00
-1.190378189086914062e+00
-1.267699837684631348e+00
-1.341967582702636719e+00
-1.413002252578735352e+00
-1.480633020401000977e+00
-1.544696688652038574e+00
-1.605039119720458984e+00
-1.661514878273010254e+00
-1.713987827301025391e+00
-1.762331843376159668e+00
-1.806430101394653320e+00
-1.846176385879516602e+00
-1.881475210189819336e+00
-1.912241458892822266e+00
-1.938400864601135254e+00
-1.959890365600585938e+00
-1.976658582687377930e+00
-1.988664627075195312e+00
-1.995879888534545898e+00
-1.998286962509155273e+00
-1.995879888534545898e+00
-1.988664627075195312e+00
-1.976658582687377930e+00
-1.959890365600585938e+00
-1.938400864601135254e+00
-1.912241458892822266e+00
-1.881475210189819336e+00
-1.846176385879516602e+00
-1.806430101394653320e+00
-1.762331843376159668e+00
-1.713987827301025391e+00
-1.661514878273010254e+00
-1.605039119720458984e+00
-1.544696688652038574e+00
-1.480633020401000977e+00
-1.413002252578735352e+00
-1.341967582702636719e+00
-1.267699837684631348e+00
-1.190378189086914062e+00
-1.110188722610473633e+00
-1.027324795722961426e+00
-9.419859647750854492e-01
-8.543777465820312500e-01
-7.647113204002380371e-01
-6.732026338577270508e-01
-5.800720453262329102e-01
-4.855441153049468994e-01
-3.898464441299438477e-01
-2.932095825672149658e-01
-1.958663910627365112e-01
-9.805130213499069214e-02
