9.976948410398643885e-01
8.509219670263269419e-01
6.977518272544021016e-01
5.414188613465313882e-01
3.851122940832695796e-01
2.319096322811439737e-01
8.471364566228517523e-02
-5.380584034735311216e-02
-1.812641260164891133e-01
-2.956067189198103295e-01
-3.951464043784367886e-01
-4.785915750500929766e-01
-5.450652867845496852e-01
-5.941147154127646157e-01
-6.257109028905489811e-01
-6.402388964850788122e-01
-6.384785967666236628e-01
-6.215768344182240890e-01
-5.910113878513272301e-01
-5.485478291397415385e-01
-4.961902410479865355e-01
-4.361269795721440246e-01
-3.706727615920734631e-01
-3.022084336965726314e-01
-2.331198243624385269e-01
-1.657370964854547601e-01
-1.022760005039835274e-01
-4.478238044396759543e-02
4.918792749656884268e-03
4.526869248536359580e-02
7.501317645838241621e-02
9.323371443394448677e-02
9.936999771713095342e-02
9.323371443394448677e-02
7.501317645838297132e-02
4.526869248536359580e-02
4.918792749656884268e-03
-4.478238044396759543e-02
-1.022760005039835274e-01
-1.657370964854547601e-01
-2.331198243624385269e-01
-3.022084336965722429e-01
-3.706727615920731855e-01
-4.361269795721440246e-01
-4.961902410479860914e-01
-5.485478291397413164e-01
-5.910113878513270080e-01
-6.215768344182242000e-01
-6.384785967666236628e-01
-6.402388964850788122e-01
-6.257109028905489811e-01
-5.941147154127646157e-01
-5.450652867845496852e-01
-4.785915750500931987e-01
-3.951464043784372326e-01
-2.956067189198102185e-01
-1.812641260164894463e-01
-5.380584034735388932e-02
8.471364566228506421e-02
2.319096322811433075e-01
3.851122940832684693e-01
5.414188613465312772e-01
6.977518272544014355e-01
8.509219670263270530e-01
9.976948410398640554e-01
1.134859368338709151e+00
1.259297001597877497e+00
1.368050010939429351e+00
1.458387392574395758e+00
1.527866959006272563e+00
1.574392239689045736e+00
1.596262923127131694e+00
1.592217701324734502e+00
1.561468532520622343e+00
1.503725515016381742e+00
1.419211759878742596e+00
1.308667859228706432e+00
1.173345765272163277e+00
1.014992118515144037e+00
8.358212869656447275e-01
6.384785967666239959e-01
4.259944439376594505e-01
2.017301722267353659e-01
-3.068322071965810111e-02
-2.674123313961693782e-01
-5.044932052565043179e-01
-7.379063490458709351e-01
-9.636533799042366066e-01
-1.177833750945804336e+00
-1.376719986294324238e+00
-1.556829884847346968e+00
-1.714994210843448830e+00
-1.848418479407320403e+00
-1.954737564771323655e+00
-2.032062005310662833e+00
-2.079015049798981440e+00
-2.094759679796859508e+00
-2.079015049798981440e+00
-2.032062005310662833e+00
-1.954737564771323655e+00
-1.848418479407321735e+00
-1.714994210843448830e+00
-1.556829884847348078e+00
-1.376719986294325127e+00
-1.177833750945805447e+00
-9.636533799042389381e-01
-7.379063490458719343e-01
-5.044932052565064273e-01
-2.674123313961712101e-01
-3.068322071965993297e-02
2.017301722267337005e-01
4.259944439376578407e-01
6.384785967666226636e-01
8.358212869656436173e-01
1.014992118515141151e+00
1.173345765272163277e+00
1.308667859228705765e+00
1.419211759878741708e+00
1.503725515016381298e+00
1.561468532520621455e+00
1.592217701324734280e+00
1.596262923127131916e+00
1.574392239689046180e+00
1.527866959006273007e+00
1.458387392574396202e+00
1.368050010939431127e+00
1.259297001597877497e+00
1.134859368338709817e+00
