2.185455119903235710e-01
2.647890432751086598e-01
2.783996909269880748e-01
2.645901916337244364e-01
2.319755961803604827e-01
1.909152633222743756e-01
1.516366282745368887e-01
1.224414844931502044e-01
1.082818494422261302e-01
1.099342969727265529e-01
1.239075938156476570e-01
1.431027917996964272e-01
1.581252444388548395e-01
1.590427442937160651e-01
1.373094883035406999e-01
8.754369749550212909e-02
8.862883511597169361e-03
-9.445686619764846748e-02
-2.131315142255181816e-01
-3.338411952453256837e-01
-4.409087131226264167e-01
-5.184573901423570330e-01
-5.527413111252142963e-01
-5.343055940028217377e-01
-4.596494470189251835e-01
-3.321289567144333765e-01
-1.619409611807306193e-01
3.484091581931875181e-02
2.380707875295607623e-01
4.259455698748622621e-01
5.777094582634586528e-01
6.762807930009296919e-01
7.104406776130218759e-01
6.762807930009296919e-01
5.777094582634616504e-01
4.259455698748622621e-01
2.380707875295607623e-01
3.484091581931875181e-02
-1.619409611807306193e-01
-3.321289567144333765e-01
-4.596494470189251835e-01
-5.343055940028215156e-01
-5.527413111252142963e-01
-5.184573901423570330e-01
-4.409087131226273049e-01
-3.338411952453260723e-01
-2.131315142255185147e-01
-9.445686619764807890e-02
8.862883511596864050e-03
8.754369749550169888e-02
1.373094883035406999e-01
1.590427442937159819e-01
1.581252444388548395e-01
1.431027917996964272e-01
1.239075938156477680e-01
1.099342969727264974e-01
1.082818494422261302e-01
1.224414844931500657e-01
1.516366282745367777e-01
1.909152633222741535e-01
2.319755961803601774e-01
2.645901916337244364e-01
2.783996909269880748e-01
2.647890432751086043e-01
2.185455119903237375e-01
1.390304076250118148e-01
3.067033612549941932e-02
-9.732269832083821626e-02
-2.319755961803607047e-01
-3.581827566351599712e-01
-4.607066553270237619e-01
-5.262609353932702350e-01
-5.453728734228733277e-01
-5.137537478728468887e-01
-4.329776208681351823e-01
-3.103702851125827999e-01
-1.581252444388559497e-01
8.224749019169376105e-03
1.717605387489457847e-01
3.162757534046181096e-01
4.282281404690500004e-01
4.982763170977680955e-01
5.222015412780054433e-01
5.011086885582115569e-01
4.409087131226264167e-01
3.511898968294713264e-01
2.436712840727272289e-01
1.304861431027030394e-01
2.255842303827920725e-02
-7.169049418568633480e-02
-1.471290658717560040e-01
-2.021084091322049581e-01
-2.380707875295606790e-01
-2.586780765619751121e-01
-2.686394312109731120e-01
-2.724613421008093561e-01
-2.733496536323747339e-01
-2.724613421008093561e-01
-2.686394312109731120e-01
-2.586780765619751121e-01
-2.380707875295609843e-01
-2.021084091322049581e-01
-1.471290658717563926e-01
-7.169049418568683441e-02
2.255842303827865214e-02
1.304861431027018737e-01
2.436712840727267848e-01
3.511898968294704382e-01
4.409087131226258616e-01
5.011086885582112238e-01
5.222015412780054433e-01
4.982763170977683176e-01
4.282281404690505555e-01
3.162757534046188868e-01
1.717605387489485602e-01
8.224749019169376105e-03
-1.581252444388550060e-01
-3.103702851125817452e-01
-4.329776208681345162e-01
-5.137537478728458895e-01
-5.453728734228732167e-01
-5.262609353932701239e-01
-4.607066553270245390e-01
-3.581827566351608594e-01
-2.319755961803617039e-01
-9.732269832084040895e-02
3.067033612549961361e-02
1.390304076250110932e-01
