8.090446311978663485e-02
5.360690088126800479e-01
-7.456524792056339335e-01
8.736878065434651175e-01
-1.088872313777583534e+00
1.326221495640246717e+00
-1.629024105240189257e+00
1.994718684047106283e+00
-2.445325175835598053e+00
2.996447516147965118e+00
-3.672357777136125545e+00
4.500472364016930626e+00
-5.515444439875313520e+00
6.759265341352333145e+00
-8.283611917627895949e+00
1.015171753301078361e+01
-1.244111999463051887e+01
1.524682335711736592e+01
-1.868526589100990520e+01
2.289914077543696180e+01
-2.806332300457926010e+01
3.439212430001206400e+01
-4.214818804119679641e+01
5.165338840367861195e+01
-6.330218825396084981e+01
7.757800913698928014e+01
-9.507329316367973604e+01
1.165140891533250738e+02
-1.427901834418599094e+02
1.749920257327006254e+02
-2.144559824206212113e+02
2.628197953787875463e+02
