-6.714486713404270724e-01
-6.985376823453200990e-01
-7.239397376459896227e-01
-7.476112150438595227e-01
-7.695241890639882287e-01
-7.896662179696375405e-01
-8.080399851570413405e-01
-8.246627995364943509e-01
-8.395659608527519246e-01
-8.527939971844494815e-01
-8.644037830766035935e-01
-8.744635478904675407e-01
-8.830517849902985716e-01
-8.902560733170683527e-01
-8.961718237158111666e-01
-9.009009630784744482e-01
-9.045505699310987247e-01
-9.072314755275696641e-01
-9.090568448079455743e-01
-9.101407517347366305e-01
-9.105967635340337374e-01
-9.105365482401044375e-01
-9.100685196732520854e-01
-9.092965335741145516e-01
-9.083186480771856530e-01
-9.072259610374604488e-01
-9.061015359333345343e-01
-9.050194271639526722e-01
-9.040438145489249067e-01
-9.032282557325934658e-01
-9.026150640046086693e-01
-9.022348177850384454e-01
-9.021060066979322833e-01
-9.022348177850384454e-01
-9.026150640046082252e-01
-9.032282557325934658e-01
-9.040438145489249067e-01
-9.050194271639526722e-01
-9.061015359333345343e-01
-9.072259610374604488e-01
-9.083186480771856530e-01
-9.092965335741141075e-01
-9.100685196732523075e-01
-9.105365482401044375e-01
-9.105967635340341815e-01
-9.101407517347366305e-01
-9.090568448079460184e-01
-9.072314755275694420e-01
-9.045505699310989467e-01
-9.009009630784741152e-01
-8.961718237158111666e-01
-8.902560733170687968e-01
-8.830517849902985716e-01
-8.744635478904670967e-01
-8.644037830766038155e-01
-8.527939971844494815e-01
-8.395659608527519246e-01
-8.246627995364941288e-01
-8.080399851570413405e-01
-7.896662179696378736e-01
-7.695241890639883398e-01
-7.476112150438598558e-01
-7.239397376459895117e-01
-6.985376823453199879e-01
-6.714486713404268503e-01
-6.427320877069807592e-01
-6.124629889347875666e-01
-5.807318695116503449e-01
-5.476442736710626091e-01
-5.133202608665630162e-01
-4.778937279595257270e-01
-4.415115934955238242e-01
-4.043328507837611330e-01
-3.665274977715125004e-01
-3.282753529087209521e-01
-2.897647673152186076e-01
-2.511912445836538277e-01
-2.127559804653136044e-01
-1.746643354846262319e-01
-1.371242542035997214e-01
-1.003446454031533819e-01
-6.453373785886069858e-02
-2.989742666012168426e-02
3.362374848614332890e-03
3.504936243948142405e-02
6.497443277728590094e-02
9.295722499007277873e-02
1.188275978615711131e-01
1.424270290451938314e-01
1.636099234009742442e-01
1.822448183813969169e-01
1.982154753316493212e-01
2.114218466154710874e-01
2.217809096195988428e-01
2.292273599168816456e-01
2.337141571688352015e-01
2.352129187102817154e-01
2.337141571688352015e-01
2.292273599168816456e-01
2.217809096195988428e-01
2.114218466154714204e-01
1.982154753316493212e-01
1.822448183813967781e-01
1.636099234009743553e-01
1.424270290451944976e-01
1.188275978615714323e-01
9.295722499007276485e-02
6.497443277728609523e-02
3.504936243948196528e-02
3.362374848614874123e-03
-2.989742666012136507e-02
-6.453373785886071246e-02
-1.003446454031530766e-01
-1.371242542035996381e-01
-1.746643354846256213e-01
-2.127559804653136044e-01
-2.511912445836533281e-01
-2.897647673152180525e-01
-3.282753529087211186e-01
-3.665274977715118343e-01
-4.043328507837605779e-01
-4.415115934955240462e-01
-4.778937279595254495e-01
-5.133202608665630162e-01
-5.476442736710622761e-01
-5.807318695116497898e-01
-6.124629889347877887e-01
-6.427320877069806482e-01
