-7.538199424743652344e-03
-9.445205926895141602e-01
-1.215965270996093750e+00
2.939322590827941895e-01
2.123446941375732422e+00
1.533602476119995117e+00
-9.294067621231079102e-01
-1.874890565872192383e+00
-2.324654459953308105e-01
1.439400911331176758e+00
1.078539609909057617e+00
-5.013742446899414062e-01
-1.725678086280822754e+00
-2.139222383499145508e+00
-1.758451223373413086e+00
-6.367975473403930664e-01
5.616922974586486816e-01
1.007264137268066406e+00
7.361498475074768066e-01
3.169049322605133057e-01
8.089756965637207031e-02
4.175036549568176270e-01
1.676629543304443359e+00
3.000049829483032227e+00
2.786303997039794922e+00
1.137008547782897949e+00
-8.399009704589843750e-03
5.634850636124610901e-02
-3.380286693572998047e-02
-5.372722744941711426e-01
4.550017714500427246e-01
3.279495239257812500e+00
4.927310466766357422e+00
3.279495239257812500e+00
4.550017714500427246e-01
-5.372722744941711426e-01
-3.380286693572998047e-02
5.634850636124610901e-02
-8.399009704589843750e-03
1.137008547782897949e+00
2.786303997039794922e+00
3.000049829483032227e+00
1.676629543304443359e+00
4.175036549568176270e-01
8.089756965637207031e-02
3.169049322605133057e-01
7.361498475074768066e-01
1.007264137268066406e+00
5.616922974586486816e-01
-6.367975473403930664e-01
-1.758451223373413086e+00
-2.139222383499145508e+00
-1.725678086280822754e+00
-5.013742446899414062e-01
1.078539609909057617e+00
1.439400911331176758e+00
-2.324654459953308105e-01
-1.874890565872192383e+00
-9.294067621231079102e-01
1.533602476119995117e+00
2.123446941375732422e+00
2.939322590827941895e-01
-1.215965270996093750e+00
-9.445205926895141602e-01
-7.538199424743652344e-03
1.006327748298645020e+00
2.349495172500610352e+00
2.472216844558715820e+00
-3.054938316345214844e-01
-3.443401098251342773e+00
-2.648281574249267578e+00
1.032823801040649414e+00
2.297099828720092773e+00
3.073855340480804443e-01
-2.630664706230163574e-01
1.760972142219543457e+00
1.450857400894165039e+00
-2.928318500518798828e+00
-5.481534481048583984e+00
-2.068581342697143555e+00
2.511496067047119141e+00
2.264762878417968750e+00
-7.278251051902770996e-01
-1.013146281242370605e+00
9.016159176826477051e-01
7.453936338424682617e-01
-1.218650102615356445e+00
-1.001568436622619629e+00
1.671101570129394531e+00
2.954671859741210938e+00
1.369750738143920898e+00
-5.234906673431396484e-01
-1.001011848449707031e+00
-1.484116911888122559e+00
-3.429191112518310547e+00
-5.929360866546630859e+00
-7.053948879241943359e+00
-5.929360866546630859e+00
-3.429191112518310547e+00
-1.484116911888122559e+00
-1.001011848449707031e+00
-5.234906673431396484e-01
1.369750738143920898e+00
2.954671859741210938e+00
1.671101570129394531e+00
-1.001568436622619629e+00
-1.218650102615356445e+00
7.453936338424682617e-01
9.016159176826477051e-01
-1.013146281242370605e+00
-7.278251051902770996e-01
2.264762878417968750e+00
2.511496067047119141e+00
-2.068581342697143555e+00
-5.481534481048583984e+00
-2.928318500518798828e+00
1.450857400894165039e+00
1.760972142219543457e+00
-2.630664706230163574e-01
3.073855340480804443e-01
2.297099828720092773e+00
1.032823801040649414e+00
-2.648281574249267578e+00
-3.443401098251342773e+00
-3.054938316345214844e-01
2.472216844558715820e+00
2.349495172500610352e+00
1.006327748298645020e+00
