3.806169463260108965e-01
2.030218183771789475e-01
-1.409028197497997834e-02
-2.444594041141283369e-01
-4.586942074687602733e-01
-6.283436496910870250e-01
-7.299837311716260713e-01
-7.487204361562651567e-01
-6.805781804222144071e-01
-5.333918379745733462e-01
-3.260295580946390159e-01
-8.601342825081949306e-02
1.541592738229106141e-01
3.614949019509609562e-01
5.071553056865595321e-01
5.706170581838964084e-01
5.427301111714686321e-01
4.272153176945265862e-01
2.403572160539253211e-01
8.904406662358659366e-03
-2.335519713067129577e-01
-4.512283166961901237e-01
-6.111792235356048320e-01
-6.879976348899836669e-01
-6.675120205678641838e-01
-5.489439248975395147e-01
-3.452035527107407131e-01
-8.126360665856353915e-02
2.091751622392461207e-01
4.882686096929905739e-01
7.192254125209303073e-01
8.713860196833974614e-01
9.244691017024579960e-01
8.713860196833974614e-01
7.192254125209348592e-01
4.882686096929905739e-01
2.091751622392461207e-01
-8.126360665856353915e-02
-3.452035527107407131e-01
-5.489439248975395147e-01
-6.675120205678641838e-01
-6.879976348899837779e-01
-6.111792235356052760e-01
-4.512283166961901237e-01
-2.335519713067150116e-01
8.904406662357637614e-03
2.403572160539246272e-01
4.272153176945271413e-01
5.427301111714684101e-01
5.706170581838965195e-01
5.071553056865595321e-01
3.614949019509613448e-01
1.541592738229106141e-01
-8.601342825081888244e-02
-3.260295580946377947e-01
-5.333918379745735683e-01
-6.805781804222140741e-01
-7.487204361562649346e-01
-7.299837311716262933e-01
-6.283436496910875801e-01
-4.586942074687618276e-01
-2.444594041141286700e-01
-1.409028197498099662e-02
2.030218183771791418e-01
3.806169463260105079e-01
4.990447044860552017e-01
5.476741586374201942e-01
5.259305028279921412e-01
4.428625533203661702e-01
3.153617101643473308e-01
1.653449478028276576e-01
1.635401642110968085e-02
-1.099087946968043683e-01
-1.965992297752158502e-01
-2.338813972415476061e-01
-2.199337387645088071e-01
-1.607169596859764071e-01
-6.859995256210638104e-02
3.989228611362121563e-02
1.468233813430375734e-01
2.356398404485014753e-01
2.935843768255209651e-01
3.133765342705446266e-01
2.939392134203452356e-01
2.401096571697779458e-01
1.614369142399596502e-01
7.030883674714051568e-02
-2.025143140720763596e-02
-9.874090755305631184e-02
-1.569297894142866190e-01
-1.909390060451105764e-01
-2.014930232862552073e-01
-1.933435080908527393e-01
-1.740011389352945914e-01
-1.520279470587216353e-01
-1.352124084996493281e-01
-1.289630911145394632e-01
-1.352124084996493281e-01
-1.520279470587216353e-01
-1.740011389352945914e-01
-1.933435080908525172e-01
-2.014930232862552073e-01
-1.909390060451106874e-01
-1.569297894142869243e-01
-9.874090755305664491e-02
-2.025143140720854842e-02
7.030883674714012710e-02
1.614369142399588730e-01
2.401096571697774462e-01
2.939392134203449025e-01
3.133765342705446266e-01
2.935843768255212427e-01
2.356398404485019471e-01
1.468233813430381840e-01
3.989228611362314464e-02
-6.859995256210638104e-02
-1.607169596859759908e-01
-2.199337387645085018e-01
-2.338813972415476616e-01
-1.965992297752168216e-01
-1.099087946968060336e-01
1.635401642110997922e-02
1.653449478028264086e-01
3.153617101643462761e-01
4.428625533203653930e-01
5.259305028279912531e-01
5.476741586374201942e-01
4.990447044860558123e-01
