-1.000000000000000056e-01
-8.739828455982055766e-02
-7.386452763518736031e-02
-5.943897005281072871e-02
-4.417094298011622205e-02
-2.811864041386656285e-02
-1.134880237000168192e-02
6.063689401781036971e-03
2.403630044010640621e-02
4.247941368801142620e-02
6.129697617786698111e-02
8.038721690950045851e-02
9.964342973798832881e-02
1.189548143324790919e-01
1.382073675749501962e-01
1.572848171473178736e-01
1.760695885154502927e-01
1.944437960672034116e-01
2.122902488054710934e-01
2.294934607422151884e-01
2.459406559901291811e-01
2.615227585083403916e-01
2.761353565293785395e-01
2.896796318771286405e-01
3.020632446788414915e-01
3.132011643762221409e-01
3.230164384474704109e-01
3.314408908588264424e-01
3.384157429642388748e-01
3.438921503575396166e-01
3.478316500441044345e-01
3.502065132284775673e-01
3.509999999999999787e-01
3.502065132284775673e-01
3.478316500441045456e-01
3.438921503575396166e-01
3.384157429642388748e-01
3.314408908588264424e-01
3.230164384474704109e-01
3.132011643762221409e-01
3.020632446788414915e-01
2.896796318771286960e-01
2.761353565293785950e-01
2.615227585083403916e-01
2.459406559901292921e-01
2.294934607422152717e-01
2.122902488054711490e-01
1.944437960672033561e-01
1.760695885154503482e-01
1.572848171473179846e-01
1.382073675749501962e-01
1.189548143324791474e-01
9.964342973798832881e-02
8.038721690950051402e-02
6.129697617786707825e-02
4.247941368801139844e-02
2.403630044010644784e-02
6.063689401781149728e-03
-1.134880237000166804e-02
-2.811864041386648999e-02
-4.417094298011610409e-02
-5.943897005281071483e-02
-7.386452763518729092e-02
-8.739828455982057154e-02
-9.999999999999997780e-02
-1.116386607746187726e-01
-1.222925284454587369e-01
-1.319490970936310070e-01
-1.406049635221411631e-01
-1.482656124558044408e-01
-1.549451200905073711e-01
-1.606657800743284403e-01
-1.654576566774159097e-01
-1.693580705207405335e-01
-1.724110227817874375e-01
-1.746665642747000091e-01
-1.761801162110062935e-01
-1.770117497833715581e-01
-1.772254319781758347e-01
-1.768882452132300165e-01
-1.760695885154503482e-01
-1.748403680012912964e-01
-1.732721844022454272e-01
-1.714365252913227500e-01
-1.694039695171112025e-01
-1.672434111431408410e-01
-1.650213099254581040e-01
-1.628009750443995540e-01
-1.606418884415320436e-01
-1.585990737036747089e-01
-1.567225159869613249e-01
-1.550566379891554492e-01
-1.536398364619814827e-01
-1.525040832110977906e-01
-1.516745939634583651e-01
-1.511695678940381815e-01
-1.509999999999999953e-01
-1.511695678940381815e-01
-1.516745939634583651e-01
-1.525040832110977906e-01
-1.536398364619814827e-01
-1.550566379891554492e-01
-1.567225159869613249e-01
-1.585990737036747089e-01
-1.606418884415320436e-01
-1.628009750443995540e-01
-1.650213099254580762e-01
-1.672434111431408132e-01
-1.694039695171112025e-01
-1.714365252913227500e-01
-1.732721844022454272e-01
-1.748403680012912687e-01
-1.760695885154503204e-01
-1.768882452132300165e-01
-1.772254319781758347e-01
-1.770117497833715581e-01
-1.761801162110062935e-01
-1.746665642747000091e-01
-1.724110227817874652e-01
-1.693580705207405890e-01
-1.654576566774159652e-01
-1.606657800743284403e-01
-1.549451200905074266e-01
-1.482656124558044963e-01
-1.406049635221412186e-01
-1.319490970936311736e-01
-1.222925284454587230e-01
-1.116386607746188420e-01
