-2.002173235417865627e+00
-1.560556165139884266e+00
-1.064024276206439135e+00
-5.824172650154650910e-01
-1.870255246158971096e-01
5.932320291894126185e-02
1.116588868593378914e-01
-4.968184478336955257e-02
-4.147671400482002557e-01
-9.437490529029797237e-01
-1.570771423614371942e+00
-2.211758983978149740e+00
-2.775158081709608204e+00
-3.174231427090879798e+00
-3.339228518815149371e+00
-3.227707312017978225e+00
-2.831485207225748812e+00
-2.179126210376805428e+00
-1.333469967061625239e+00
-3.843948786561090514e-01
5.623154279947067957e-01
1.398563172152474054e+00
2.028167511476484108e+00
2.379789197599377459e+00
2.416745934240849714e+00
2.142315880967752939e+00
1.599730802944067998e+00
8.667852850874453452e-01
4.573300117579736507e-02
-7.501998660192011892e-01
-1.411874257613775274e+00
-1.848829998521313689e+00
-2.001420486982257607e+00
-1.848829998521313689e+00
-1.411874257613788375e+00
-7.501998660192011892e-01
4.573300117579736507e-02
8.667852850874453452e-01
1.599730802944067998e+00
2.142315880967752939e+00
2.416745934240849714e+00
2.379789197599378792e+00
2.028167511476485885e+00
1.398563172152474054e+00
5.623154279947146783e-01
-3.843948786561048325e-01
-1.333469967061622352e+00
-2.179126210376808093e+00
-2.831485207225746592e+00
-3.227707312017976449e+00
-3.339228518815149371e+00
-3.174231427090880242e+00
-2.775158081709608204e+00
-2.211758983978150628e+00
-1.570771423614374829e+00
-9.437490529029788355e-01
-4.147671400482018100e-01
-4.968184478337132892e-02
1.116588868593375583e-01
5.932320291894220554e-02
-1.870255246158945284e-01
-5.824172650154643138e-01
-1.064024276206436248e+00
-1.560556165139884932e+00
-2.002173235417865182e+00
-2.329493979812153004e+00
-2.500484380332349765e+00
-2.494396818246175762e+00
-2.312411247766251954e+00
-1.975143644841000024e+00
-1.517647877222955799e+00
-9.828787990806570063e-01
-4.147588924313216907e-01
1.480221710720842632e-01
6.765366983154361691e-01
1.153870742644177882e+00
1.574907821348586090e+00
1.943883241174717558e+00
2.270321051870263673e+00
2.564223934862559950e+00
2.831490193740917150e+00
3.070467734212931177e+00
3.270336175940459000e+00
3.411673482406403224e+00
3.469169486841209071e+00
3.416061200300371858e+00
3.229547969900544491e+00
2.896250698538355817e+00
2.416740571827439510e+00
1.808286009655146298e+00
1.105232636296481052e+00
3.567976998899389796e-01
-3.775308832685341787e-01
-1.034415142727489689e+00
-1.554031032736409745e+00
-1.887332264273071658e+00
-2.002163962389875262e+00
-1.887332264273071658e+00
-1.554031032736409745e+00
-1.034415142727489689e+00
-3.775308832685429494e-01
3.567976998899389796e-01
1.105232636296476612e+00
1.808286009655142745e+00
2.416740571827436845e+00
2.896250698538351820e+00
3.229547969900542714e+00
3.416061200300370970e+00
3.469169486841209959e+00
3.411673482406404556e+00
3.270336175940460333e+00
3.070467734212932065e+00
2.831490193740919370e+00
2.564223934862561727e+00
2.270321051870269446e+00
1.943883241174717558e+00
1.574907821348588532e+00
1.153870742644181435e+00
6.765366983154392777e-01
1.480221710720935890e-01
-4.147588924313125869e-01
-9.828787990806580055e-01
-1.517647877222951802e+00
-1.975143644840997803e+00
-2.312411247766250177e+00
-2.494396818246173986e+00
-2.500484380332349765e+00
-2.329493979812154780e+00
