-9.437038534088060260e-05
9.691999852657318115e-02
1.944092512130737305e-01
2.919135391712188721e-01
3.872812390327453613e-01
4.762037396430969238e-01
5.521479845046997070e-01
6.067291498184204102e-01
6.305027008056640625e-01
6.140983700752258301e-01
5.495562553405761719e-01
4.317009449005126953e-01
2.593624293804168701e-01
3.626674413681030273e-02
-2.285540401935577393e-01
-5.209294557571411133e-01
-8.223289251327514648e-01
-1.111216425895690918e+00
-1.364863157272338867e+00
-1.561456561088562012e+00
-1.682287693023681641e+00
-1.713782548904418945e+00
-1.649149537086486816e+00
-1.489449143409729004e+00
-1.243938803672790527e+00
-9.296264648437500000e-01
-5.700538754463195801e-01
-1.933924555778503418e-01
1.699688732624053955e-01
4.901168346405029297e-01
7.403124570846557617e-01
8.994603753089904785e-01
9.540582299232482910e-01
8.994603753089904785e-01
7.403124570846557617e-01
4.901168346405029297e-01
1.699688732624053955e-01
-1.933924555778503418e-01
-5.700538754463195801e-01
-9.296264648437500000e-01
-1.243938803672790527e+00
-1.489449143409729004e+00
-1.649149537086486816e+00
-1.713782548904418945e+00
-1.682287693023681641e+00
-1.561456561088562012e+00
-1.364863157272338867e+00
-1.111216425895690918e+00
-8.223289251327514648e-01
-5.209294557571411133e-01
-2.285540401935577393e-01
3.626674413681030273e-02
2.593624293804168701e-01
4.317009449005126953e-01
5.495562553405761719e-01
6.140983700752258301e-01
6.305027008056640625e-01
6.067291498184204102e-01
5.521479845046997070e-01
4.762037396430969238e-01
3.872812390327453613e-01
2.919135391712188721e-01
1.944092512130737305e-01
9.691999852657318115e-02
-9.437038534088060260e-05
-9.710061550140380859e-02
-1.945662200450897217e-01
-2.920334637165069580e-01
-3.873536586761474609e-01
-4.762226343154907227e-01
-5.521116256713867188e-01
-6.066408157348632812e-01
-6.303699016571044922e-01
-6.139326095581054688e-01
-5.493718385696411133e-01
-4.315138161182403564e-01
-2.591886520385742188e-01
-3.612130880355834961e-02
2.286584675312042236e-01
5.209839344024658203e-01
8.223289251327514648e-01
1.111161947250366211e+00
1.364758610725402832e+00
1.561311244964599609e+00
1.682113885879516602e+00
1.713595390319824219e+00
1.648965239524841309e+00
1.489283442497253418e+00
1.243806004524230957e+00
9.295381307601928711e-01
5.700175762176513672e-01
1.934113204479217529e-01
-1.698963940143585205e-01
-4.899969100952148438e-01
-7.401554584503173828e-01
-8.992797732353210449e-01
-9.538695216178894043e-01
-8.992797732353210449e-01
-7.401554584503173828e-01
-4.899969100952148438e-01
-1.698963940143585205e-01
1.934113204479217529e-01
5.700175762176513672e-01
9.295381307601928711e-01
1.243806004524230957e+00
1.489283442497253418e+00
1.648965239524841309e+00
1.713595390319824219e+00
1.682113885879516602e+00
1.561311244964599609e+00
1.364758610725402832e+00
1.111161947250366211e+00
8.223289251327514648e-01
5.209839344024658203e-01
2.286584675312042236e-01
-3.612130880355834961e-02
-2.591886520385742188e-01
-4.315138161182403564e-01
-5.493718385696411133e-01
-6.139326095581054688e-01
-6.303699016571044922e-01
-6.066408157348632812e-01
-5.521116256713867188e-01
-4.762226343154907227e-01
-3.873536586761474609e-01
-2.920334637165069580e-01
-1.945662200450897217e-01
-9.710061550140380859e-02
