5.452866586429487225e-03
-4.254055983364529205e-03
4.401360142068538872e-02
3.948942251025969533e-04
7.974684911677787195e-04
1.566110702273045170e-05
1.454021388825649991e-05
4.380375069839921159e-07
2.667449624711195318e-07
1.075246972773826283e-08
4.922628250173475748e-09
2.465281865231783479e-10
9.135965279459285117e-11
5.421898314055383072e-12
1.704624825855313860e-12
1.159798710778823877e-13
3.196430798750560219e-14
2.432720338017285436e-15
6.021427662034022363e-16
5.029521526775393344e-17
1.139101612330856794e-17
1.028492041182248028e-18
2.163145199410736183e-19
2.085365599981550674e-20
4.121967237629754019e-21
4.199990696778624318e-22
7.878826792964131910e-23
8.413596726336230890e-24
1.510109498464495854e-24
1.678138785558987820e-25
2.901399594894706847e-26
3.335291881734976314e-27
