1.874115429729820981e-01
3.244364830299895780e-02
1.216077602204677782e-01
7.986727590669584487e-02
1.341990140947308396e-01
1.240495546369456137e-01
1.638714072632557750e-01
1.730942994119312461e-01
2.096012653327808950e-01
2.331564534154341450e-01
2.732583129570179126e-01
3.100737603490407168e-01
3.589310627452453883e-01
4.104002153368339623e-01
4.728310240756896654e-01
5.422062516100045748e-01
6.235661754268601031e-01
7.158510421885391217e-01
8.227031386409944247e-01
9.448589093600556765e-01
1.085610384699588149e+00
1.247004047263812643e+00
1.432621999669068114e+00
1.645705851658462837e+00
1.890599167424911409e+00
2.171852124225101210e+00
2.495003770973701407e+00
2.866195984879193137e+00
3.292641419161482119e+00
3.782514456440166484e+00
4.345284682620324190e+00
4.991774516855124411e+00
5.734456313612257716e+00
6.587629856208277346e+00
7.567742474760441596e+00
8.693674340910716225e+00
9.987124703769634237e+00
1.147301409077687495e+01
1.317997579021828614e+01
1.514089956902878242e+01
1.739357110413850904e+01
1.998139603542371034e+01
2.295423920239097981e+01
2.636938345132132255e+01
3.029263484844180354e+01
3.479958966390410779e+01
3.997709174790745124e+01
4.592490539547585371e+01
5.275763805204590540e+01
6.060694840550668516e+01
6.962408347808404585e+01
7.998279284853423121e+01
9.188267669485679789e+01
1.055530317897044483e+02
1.212572698263735589e+02
1.392979930197253680e+02
1.600228249188385519e+02
1.838311086878659921e+02
2.111816019915180220e+02
2.426013167080379276e+02
2.786956738349911689e+02
3.201601692365445047e+02
3.677937750348144732e+02
4.225143348620585471e+02
4.853762496308593200e+02
5.575907946001293567e+02
6.405494592273259968e+02
7.358507595352964472e+02
8.453310396387788614e+02
9.710998559382280746e+02
1.115580625793928220e+03
1.281557323931809833e+03
1.472228126366417655e+03
1.691267035496020526e+03
1.942894673813338386e+03
2.231959610343340046e+03
2.564031786873179954e+03
2.945509844187887211e+03
3.383744416362370430e+03
3.887179768845873696e+03
4.465516509538435457e+03
5.129898508110644798e+03
5.893127625282451845e+03
6.769910389641987422e+03
7.777141375176965084e+03
8.934228739870812205e+03
1.026346819810991656e+04
1.179047263291098534e+04
1.354466562609152606e+04
1.555984841613010394e+04
1.787485120832841858e+04
2.053428138725694953e+04
2.358938304865916507e+04
2.709902441298445774e+04
3.113083214684874110e+04
3.576249444946492440e+04
4.108325801298804436e+04
4.719564770144270005e+04
5.421744208442560193e+04
6.228394289179736370e+04
7.155058211908953672e+04
8.219591701948591799e+04
9.442507069235546805e+04
1.084736845644366840e+05
1.246124589233430306e+05
1.431523689941369230e+05
1.644506570666406769e+05
1.889177161347396031e+05
2.170249976873206324e+05
2.493140960246896138e+05
2.864071841445738683e+05
3.290190022849750821e+05
3.779706301290115225e+05
4.342053080459600897e+05
4.988066122252283967e+05
5.730193339167409576e+05
6.582734650961755542e+05
7.562117527306458214e+05
8.687213525831634179e+05
9.979701924875112018e+05
1.146448745771121932e+06
1.317018019750751555e+06
1.512964683982894523e+06
1.738064400525567122e+06
1.996654576511221007e+06
2.293717940887403209e+06
2.634978555750793777e+06
3.027012112300240900e+06
