-9.965591369201346472e-01
-1.035232736761503514e+00
-1.063195682553561561e+00
-1.079452337705249176e+00
-1.083148411898457786e+00
-1.073592726231273442e+00
-1.050276506534912224e+00
-1.012889749253709226e+00
-9.613342577777885811e-01
-8.957330097745623831e-01
-8.164355866124600736e-01
-7.240194729667557283e-01
-6.192871165558769819e-01
-5.032587229779255100e-01
-3.771608470261677559e-01
-2.424109278456028638e-01
-1.005979990376116989e-01
4.654011544737166745e-02
1.971427347644018335e-01
3.492549323767157876e-01
5.008583153983471314e-01
6.499034144402113800e-01
7.943430893258540682e-01
9.321663308975742801e-01
1.061431826414450441e+00
1.180300656065791154e+00
1.287067500934805819e+00
1.380189768128054606e+00
1.458314076252390068e+00
1.520299593234704094e+00
1.565237777663916807e+00
1.592468143193894736e+00
1.601589741691610946e+00
1.592468143193894736e+00
1.565237777663917473e+00
1.520299593234704094e+00
1.458314076252390068e+00
1.380189768128054606e+00
1.287067500934805819e+00
1.180300656065791154e+00
1.061431826414450441e+00
9.321663308975750573e-01
7.943430893258546233e-01
6.499034144402113800e-01
5.008583153983483527e-01
3.492549323767164537e-01
1.971427347644024164e-01
4.654011544737111233e-02
-1.005979990376112687e-01
-2.424109278456020311e-01
-3.771608470261677559e-01
-5.032587229779250659e-01
-6.192871165558769819e-01
-7.240194729667555062e-01
-8.164355866124595185e-01
-8.957330097745624942e-01
-9.613342577777884701e-01
-1.012889749253708782e+00
-1.050276506534912224e+00
-1.073592726231273220e+00
-1.083148411898457786e+00
-1.079452337705249176e+00
-1.063195682553561561e+00
-1.035232736761503514e+00
-9.965591369201347582e-01
-9.482881278155860238e-01
-8.916253825316694526e-01
-8.278429324174587656e-01
-7.582527671767930189e-01
-6.841806618297479048e-01
-6.069407718881751901e-01
-5.278115112131129827e-01
-4.480131893614921479e-01
-3.686878376935426860e-01
-2.908815972206059142e-01
-2.155299774298128634e-01
-1.434462255869008163e-01
-7.531297187376835567e-02
-1.167723883356052046e-02
4.705117430518939575e-02
1.005979990376113659e-01
1.488196380930414398e-01
1.916953510953257611e-01
2.293167624749776479e-01
2.618750267444300839e-01
2.896460359563570175e-01
3.129740945072111424e-01
3.322545165705300674e-01
3.479156207248297883e-01
3.604006044010313881e-01
3.701497774882814840e-01
3.775836199329664633e-01
3.830871028228607367e-01
3.869956768880040698e-01
3.895832874213140951e-01
3.910527213831945237e-01
3.915285321486585701e-01
3.910527213831945237e-01
3.895832874213140951e-01
3.869956768880040698e-01
3.830871028228607922e-01
3.775836199329664633e-01
3.701497774882815395e-01
3.604006044010314991e-01
3.479156207248298438e-01
3.322545165705302894e-01
3.129740945072112535e-01
2.896460359563572395e-01
2.618750267444303059e-01
2.293167624749779532e-01
1.916953510953260942e-01
1.488196380930417173e-01
1.005979990376116989e-01
4.705117430518974270e-02
-1.167723883355942238e-02
-7.531297187376835567e-02
-1.434462255869003999e-01
-2.155299774298123361e-01
-2.908815972206053035e-01
-3.686878376935413537e-01
-4.480131893614909266e-01
-5.278115112131130937e-01
-6.069407718881746350e-01
-6.841806618297474607e-01
-7.582527671767924637e-01
-8.278429324174577664e-01
-8.916253825316697856e-01
-9.482881278155855798e-01
