-1.172245956958576779e-01
-9.977939832303453493e-02
-1.702372618734000753e-01
2.041869910934550683e-02
-2.093846551392409064e-02
5.828772026591683142e-03
-3.170541780303102759e-03
1.160336041639026955e-03
-5.299200113397148880e-04
2.128239532316844281e-04
-9.195879718645960188e-05
3.809567152924781105e-05
-1.616669415466487122e-05
6.766406988988312608e-06
-2.854552757361022168e-06
1.198788646276937384e-06
-5.047539387789467529e-07
2.122106751773953865e-07
-8.929501726325245539e-08
3.755550457328809454e-08
-1.579946861709680604e-08
6.645705717609769553e-09
-2.795632109719799891e-09
1.175968881062117069e-09
-4.946806110952969599e-10
2.080876709837421611e-10
-8.753307144216393183e-11
3.682099219559250973e-11
-1.548888800166442705e-11
6.515446305126653345e-12
-2.740744630473256745e-12
1.152902825523424867e-12
-4.849723628732313777e-13
2.040051766780328812e-13
-8.581544059467556861e-14
3.609854156002615505e-14
-1.518496839299424917e-14
6.387605981492967786e-15
-2.686967113582230469e-15
1.130281397730318041e-15
-4.754565238000150374e-16
2.000023232592417634e-16
-8.413162373778001643e-17
3.539023943240681370e-17
-1.488701860256851962e-17
6.262272490106180222e-18
-2.634245163057574338e-18
1.108103741806932238e-18
-4.661274204414871453e-19
1.960780059519066244e-19
-8.248084693725849645e-20
3.469583484592066879e-20
-1.459491506649378348e-20
6.139398194148558320e-21
-2.582557693186704192e-21
1.086361240583476854e-21
-4.569813670208780258e-22
1.922306890220418787e-22
-8.086246063552887648e-23
3.401505541751450361e-23
-1.430854299959662440e-23
6.018934858647317856e-24
-2.531884401763466695e-24
1.065045356768280613e-24
