-6.945554206218680360e-01
-6.488082424045993335e-01
-6.599218126774901716e-01
-7.160187693776085549e-01
-7.977285246006496910e-01
-8.811033528500071821e-01
-9.411458557620371312e-01
-9.554453622611136510e-01
-9.074108066008966800e-01
-7.886512788481618852e-01
-6.001828490664862237e-01
-3.523122314910280273e-01
-6.323880489239251668e-02
2.434016708322338518e-01
5.416820579974517269e-01
8.067581957123458603e-01
1.017992160244721944e+00
1.161393498934249369e+00
1.231058956818641859e+00
1.229446837908396262e+00
1.166497834693998037e+00
1.057783191653913324e+00
9.219981590344996647e-01
7.782038196263612040e-01
6.432417489469056671e-01
5.297017456316170936e-01
4.447212855137268606e-01
3.897533605567286563e-01
3.612799127462668625e-01
3.522965025292316144e-01
3.542739382372407375e-01
3.592328688827812755e-01
3.615582468286792639e-01
3.592328688827812755e-01
3.542739382372407930e-01
3.522965025292316144e-01
3.612799127462668625e-01
3.897533605567286563e-01
4.447212855137268606e-01
5.297017456316170936e-01
6.432417489469056671e-01
7.782038196263605379e-01
9.219981590344991096e-01
1.057783191653913324e+00
1.166497834693997593e+00
1.229446837908395818e+00
1.231058956818641859e+00
1.161393498934248925e+00
1.017992160244722610e+00
8.067581957123475256e-01
5.416820579974517269e-01
2.434016708322346290e-01
-6.323880489239251668e-02
-3.523122314910271946e-01
-6.001828490664850024e-01
-7.886512788481621072e-01
-9.074108066008966800e-01
-9.554453622611134289e-01
-9.411458557620373533e-01
-8.811033528500076262e-01
-7.977285246006503572e-01
-7.160187693776087769e-01
-6.599218126774902826e-01
-6.488082424045994445e-01
-6.945554206218678139e-01
-7.996624256619070392e-01
-9.566717500459492873e-01
-1.148989087493337946e+00
-1.352994374567003000e+00
-1.541154068927532927e+00
-1.685703026359807843e+00
-1.762384753925538838e+00
-1.753732612565860771e+00
-1.651442284188523679e+00
-1.457517241842525291e+00
-1.184044537503440297e+00
-8.516520913926440839e-01
-4.868825067144565977e-01
-1.188656692007502430e-01
2.242378793686370386e-01
5.185307556827321029e-01
7.469690556439503304e-01
9.009223871385559912e-01
9.805352131582995012e-01
9.938996292425290591e-01
9.552213785523503420e-01
8.823002500438079654e-01
7.937328396020620902e-01
7.062681183624486270e-01
6.327024889310218780e-01
5.805993205384869515e-01
5.519754007490041969e-01
5.439364187698917386e-01
5.500909984172529521e-01
5.624518496326323946e-01
5.734619549568167329e-01
5.777738662749563048e-01
5.734619549568167329e-01
5.624518496326323946e-01
5.500909984172529521e-01
5.439364187698918496e-01
5.519754007490041969e-01
5.805993205384867295e-01
6.327024889310214339e-01
7.062681183624481829e-01
7.937328396020613130e-01
8.823002500438074103e-01
9.552213785523498979e-01
9.938996292425290591e-01
9.805352131582998343e-01
9.009223871385567683e-01
7.469690556439515516e-01
5.185307556827336573e-01
2.242378793686390093e-01
-1.188656692007438592e-01
-4.868825067144565977e-01
-8.516520913926420855e-01
-1.184044537503438077e+00
-1.457517241842523514e+00
-1.651442284188520571e+00
-1.753732612565859883e+00
-1.762384753925539060e+00
-1.685703026359809176e+00
-1.541154068927534482e+00
-1.352994374567004554e+00
-1.148989087493341499e+00
-9.566717500459489543e-01
-7.996624256619079274e-01
