2.116010189056396484e-01
1.592730522155761719e+00
1.339939236640930176e+00
-5.368759632110595703e-01
-6.968512535095214844e-01
1.715460300445556641e+00
2.842041492462158203e+00
3.898021578788757324e-01
-2.215743541717529297e+00
-1.335731863975524902e+00
1.157417416572570801e+00
1.424248933792114258e+00
-4.298997819423675537e-01
-1.738743185997009277e+00
-1.685759782791137695e+00
-8.889182806015014648e-01
7.095680236816406250e-01
2.436199426651000977e+00
2.159230232238769531e+00
-1.615150868892669678e-01
-1.192577123641967773e+00
7.414030432701110840e-01
2.651875972747802734e+00
1.822300434112548828e+00
2.088159322738647461e-01
6.124079227447509766e-01
1.896910190582275391e+00
1.645877718925476074e+00
5.199898481369018555e-01
3.282563090324401855e-01
4.724909365177154541e-01
-2.612479329109191895e-01
-8.819609880447387695e-01
-2.612479329109191895e-01
4.724909365177154541e-01
3.282563090324401855e-01
5.199898481369018555e-01
1.645877718925476074e+00
1.896910190582275391e+00
6.124079227447509766e-01
2.088159322738647461e-01
1.822300434112548828e+00
2.651875972747802734e+00
7.414030432701110840e-01
-1.192577123641967773e+00
-1.615150868892669678e-01
2.159230232238769531e+00
2.436199426651000977e+00
7.095680236816406250e-01
-8.889182806015014648e-01
-1.685759782791137695e+00
-1.738743185997009277e+00
-4.298997819423675537e-01
1.424248933792114258e+00
1.157417416572570801e+00
-1.335731863975524902e+00
-2.215743541717529297e+00
3.898021578788757324e-01
2.842041492462158203e+00
1.715460300445556641e+00
-6.968512535095214844e-01
-5.368759632110595703e-01
1.339939236640930176e+00
1.592730522155761719e+00
2.116010189056396484e-01
-3.092170357704162598e-01
3.038702011108398438e-01
3.168024122714996338e-01
-3.162457048892974854e-01
7.583421654999256134e-03
1.522625684738159180e+00
2.751373052597045898e+00
2.629101276397705078e+00
1.334626078605651855e+00
-2.006120681762695312e-01
-7.902129292488098145e-01
-2.039497494697570801e-01
4.353295266628265381e-02
-1.125259160995483398e+00
-2.067085981369018555e+00
-9.914499521255493164e-01
3.662295341491699219e-01
-5.509254932403564453e-01
-2.055252790451049805e+00
-7.914792299270629883e-01
1.774392127990722656e+00
1.437663078308105469e+00
-9.978800415992736816e-01
-1.048431634902954102e+00
8.080220818519592285e-01
-2.094906568527221680e-02
-2.541771173477172852e+00
-9.493671655654907227e-01
3.243997335433959961e+00
7.528197765350341797e-01
-9.670777320861816406e+00
-1.591096496582031250e+01
-9.670777320861816406e+00
7.528197765350341797e-01
3.243997335433959961e+00
-9.493671655654907227e-01
-2.541771173477172852e+00
-2.094906568527221680e-02
8.080220818519592285e-01
-1.048431634902954102e+00
-9.978800415992736816e-01
1.437663078308105469e+00
1.774392127990722656e+00
-7.914792299270629883e-01
-2.055252790451049805e+00
-5.509254932403564453e-01
3.662295341491699219e-01
-9.914499521255493164e-01
-2.067085981369018555e+00
-1.125259160995483398e+00
4.353295266628265381e-02
-2.039497494697570801e-01
-7.902129292488098145e-01
-2.006120681762695312e-01
1.334626078605651855e+00
2.629101276397705078e+00
2.751373052597045898e+00
1.522625684738159180e+00
7.583421654999256134e-03
-3.162457048892974854e-01
3.168024122714996338e-01
3.038702011108398438e-01
-3.092170357704162598e-01
