2.333890810994913509e-02
1.335749692113091976e-02
8.988798135630347019e-01
-5.070801666942318375e-01
4.979426574331090039e-01
-4.011679729432960917e-01
3.441028151404824653e-01
-2.890903907018061436e-01
2.445257111955018159e-01
-2.063710070120700346e-01
1.742968898333946415e-01
-1.471725183868705933e-01
1.242790302955256998e-01
-1.049440516792345540e-01
8.861790086060863936e-02
-7.483140333723581339e-02
6.318976123634358066e-02
-5.335921233023255272e-02
4.505802462160841959e-02
-3.804826625732018325e-02
3.212902901288784002e-02
-2.713065806441262995e-02
2.290989271852311368e-02
-1.934575943328350339e-02
1.633610478643144834e-02
-1.379466753440359260e-02
1.164860625436574260e-02
-9.836411593846908913e-03
8.306143321432847559e-03
-7.013941641005482300e-03
5.922770103965847160e-03
-5.001354088740481499e-03
4.223284422978468983e-03
-3.566260456848449178e-03
3.011450892789128368e-03
-2.542954052126266459e-03
2.147342108984612134e-03
-1.813276228551189426e-03
1.531181578972327277e-03
-1.292972902235343382e-03
1.091822778482564541e-03
-9.219659418634967678e-04
7.785340393224071979e-04
-6.574160962590121227e-04
5.551406897977101363e-04
-4.687764525735899448e-04
3.958480553236968721e-04
-3.342652602179372982e-04
2.822630114911078066e-04
-2.383508462832294682e-04
2.012701757265896948e-04
-1.699582118910336376e-04
1.435175066793634114e-04
-1.211902296116576055e-04
1.023364472610237128e-04
-8.641578179666132252e-05
7.297192294042395935e-05
-6.161954942620099466e-05
5.203328511142517267e-05
-4.393837320620899749e-05
3.710280132945514804e-05
-3.133065168417493285e-05
2.645648575801239557e-05
-2.234060260602412811e-05
