-6.570658286781014268e-02
-1.186955954824620019e-02
3.348076975492738500e-02
7.493015358498975043e-02
1.185551884324722860e-01
1.704283507965744793e-01
2.350879007139494714e-01
3.142183485109352747e-01
4.057598616332036556e-01
5.036043729089544341e-01
5.979506616984056055e-01
6.762925831801677168e-01
7.249182659956646679e-01
7.307178124921078766e-01
6.830450005132077118e-01
5.753628989585291009e-01
4.064271142986831120e-01
1.808207619894476037e-01
-9.125603867534506919e-02
-3.949348376949484152e-01
-7.122530812021091728e-01
-1.024150495632112357e+00
-1.312621356790568461e+00
-1.562730863896621525e+00
-1.764219817365226817e+00
-1.912477384890953758e+00
-2.008749280825870009e+00
-2.059555824729762286e+00
-2.075405798436951610e+00
-2.068991773939596435e+00
-2.053126225403864691e+00
-2.038714562177420309e+00
-2.033055798003656101e+00
-2.038714562177420309e+00
-2.053126225403864691e+00
-2.068991773939596435e+00
-2.075405798436951610e+00
-2.059555824729762286e+00
-2.008749280825870009e+00
-1.912477384890953758e+00
-1.764219817365226817e+00
-1.562730863896623079e+00
-1.312621356790569793e+00
-1.024150495632112357e+00
-7.122530812021119484e-01
-3.949348376949497474e-01
-9.125603867534613778e-02
1.808207619894485751e-01
4.064271142986825014e-01
5.753628989585282127e-01
6.830450005132077118e-01
7.307178124921076545e-01
7.249182659956646679e-01
6.762925831801679388e-01
5.979506616984061607e-01
5.036043729089543231e-01
4.057598616332039887e-01
3.142183485109356078e-01
2.350879007139495269e-01
1.704283507965746458e-01
1.185551884324726329e-01
7.493015358498987533e-02
3.348076975492757928e-02
-1.186955954824623835e-02
-6.570658286780997615e-02
-1.299016543542231006e-01
-2.028518050375162640e-01
-2.793038885080380562e-01
-3.507948453993934290e-01
-4.066482496999049845e-01
-4.353854070240210650e-01
-4.263491020626081762e-01
-3.713079585856011722e-01
-2.658130392033106193e-01
-1.101145222542191660e-01
9.049090965633549422e-02
3.259316252591850094e-01
5.822164469040475021e-01
8.427612594443992799e-01
1.090014673225764952e+00
1.307176934602673812e+00
1.479802253149286040e+00
1.597099610165579220e+00
1.652796000207743310e+00
1.645490684662662018e+00
1.578499200584639439e+00
1.459251040056855686e+00
1.298355862878641576e+00
1.108483260476294197e+00
9.032074546602295584e-01
6.959517808687842866e-01
4.991328382285459275e-01
3.235579606884702031e-01
1.780807745692117028e-01
6.947661279529469824e-02
2.469539851594915441e-03
-2.016982638077249868e-02
2.469539851594915441e-03
6.947661279529469824e-02
1.780807745692117028e-01
3.235579606884682047e-01
4.991328382285459275e-01
6.959517808687829543e-01
9.032074546602285592e-01
1.108483260476293530e+00
1.298355862878640021e+00
1.459251040056854798e+00
1.578499200584638551e+00
1.645490684662662018e+00
1.652796000207743532e+00
1.597099610165579664e+00
1.479802253149286706e+00
1.307176934602675145e+00
1.090014673225766506e+00
8.427612594444040539e-01
5.822164469040475021e-01
3.259316252591865637e-01
9.049090965633720118e-02
-1.101145222542180141e-01
-2.658130392033083989e-01
-3.713079585855998954e-01
-4.263491020626083428e-01
-4.353854070240212870e-01
-4.066482496999054841e-01
-3.507948453993939841e-01
-2.793038885080392220e-01
-2.028518050375162085e-01
-1.299016543542236002e-01
