-4.416576881993705683e-09
4.902564361691474915e-02
9.793318063020706177e-02
1.466047912836074829e-01
1.949232220649719238e-01
2.427720576524734497e-01
2.900360226631164551e-01
3.366013169288635254e-01
3.823556602001190186e-01
4.271888732910156250e-01
4.709929823875427246e-01
5.136623978614807129e-01
5.550943613052368164e-01
5.951890945434570312e-01
6.338499188423156738e-01
6.709837913513183594e-01
7.065011262893676758e-01
7.403165102005004883e-01
7.723483443260192871e-01
8.025195598602294922e-01
8.307574391365051270e-01
8.569939136505126953e-01
8.811659216880798340e-01
9.032150506973266602e-01
9.230881929397583008e-01
9.407376050949096680e-01
9.561207294464111328e-01
9.692004323005676270e-01
9.799451828002929688e-01
9.883292913436889648e-01
9.943323135375976562e-01
9.979399442672729492e-01
9.991434812545776367e-01
9.979399442672729492e-01
9.943323135375976562e-01
9.883292913436889648e-01
9.799451828002929688e-01
9.692004323005676270e-01
9.561207294464111328e-01
9.407376050949096680e-01
9.230881929397583008e-01
9.032150506973266602e-01
8.811659216880798340e-01
8.569939136505126953e-01
8.307574391365051270e-01
8.025195598602294922e-01
7.723483443260192871e-01
7.403165102005004883e-01
7.065011262893676758e-01
6.709837913513183594e-01
6.338499188423156738e-01
5.951890945434570312e-01
5.550943613052368164e-01
5.136623978614807129e-01
4.709929823875427246e-01
4.271888732910156250e-01
3.823556602001190186e-01
3.366013169288635254e-01
2.900360226631164551e-01
2.427720576524734497e-01
1.949232220649719238e-01
1.466047912836074829e-01
9.793318063020706177e-02
4.902564361691474915e-02
-4.416576881993705683e-09
-4.902565106749534607e-02
-9.793319553136825562e-02
-1.466047912836074829e-01
-1.949232220649719238e-01
-2.427720576524734497e-01
-2.900360226631164551e-01
-3.366013169288635254e-01
-3.823556602001190186e-01
-4.271888732910156250e-01
-4.709929823875427246e-01
-5.136623978614807129e-01
-5.550943613052368164e-01
-5.951890945434570312e-01
-6.338499188423156738e-01
-6.709837913513183594e-01
-7.065011262893676758e-01
-7.403165102005004883e-01
-7.723483443260192871e-01
-8.025195598602294922e-01
-8.307574391365051270e-01
-8.569939136505126953e-01
-8.811659216880798340e-01
-9.032150506973266602e-01
-9.230881929397583008e-01
-9.407376050949096680e-01
-9.561207294464111328e-01
-9.692004323005676270e-01
-9.799451828002929688e-01
-9.883292913436889648e-01
-9.943323135375976562e-01
-9.979399442672729492e-01
-9.991434812545776367e-01
-9.979399442672729492e-01
-9.943323135375976562e-01
-9.883292913436889648e-01
-9.799451828002929688e-01
-9.692004323005676270e-01
-9.561207294464111328e-01
-9.407376050949096680e-01
-9.230881929397583008e-01
-9.032150506973266602e-01
-8.811659216880798340e-01
-8.569939136505126953e-01
-8.307574391365051270e-01
-8.025195598602294922e-01
-7.723483443260192871e-01
-7.403165102005004883e-01
-7.065011262893676758e-01
-6.709837913513183594e-01
-6.338499188423156738e-01
-5.951890945434570312e-01
-5.550943613052368164e-01
-5.136623978614807129e-01
-4.709929823875427246e-01
-4.271888732910156250e-01
-3.823556602001190186e-01
-3.366013169288635254e-01
-2.900360226631164551e-01
-2.427720576524734497e-01
-1.949232220649719238e-01
-1.466047912836074829e-01
-9.793319553136825562e-02
-4.902565106749534607e-02
