-3.292179107666015625e-02
-1.027534961700439453e+00
-1.050684452056884766e+00
-9.880135953426361084e-02
-2.206150293350219727e-01
-1.330669283866882324e+00
-1.262959480285644531e+00
-1.985350996255874634e-01
-4.241690039634704590e-01
-1.635855793952941895e+00
-1.402010440826416016e+00
-1.776838153600692749e-01
-5.823528170585632324e-01
-1.995849251747131348e+00
-1.571875929832458496e+00
-1.213563829660415649e-01
-7.709523439407348633e-01
-2.479531049728393555e+00
-1.744597196578979492e+00
1.489292085170745850e-01
-7.730056047439575195e-01
-2.953672647476196289e+00
-1.844266414642333984e+00
6.032733321189880371e-01
-9.829025268554687500e-01
-4.063282489776611328e+00
-1.889896154403686523e+00
2.202685594558715820e+00
-1.130239367485046387e+00
-7.637983322143554688e+00
-1.333669662475585938e+00
1.848885536193847656e+01
2.993265914916992188e+01
1.848885536193847656e+01
-1.333669662475585938e+00
-7.637983322143554688e+00
-1.130239367485046387e+00
2.202685594558715820e+00
-1.889896154403686523e+00
-4.063282489776611328e+00
-9.829025268554687500e-01
6.032733321189880371e-01
-1.844266414642333984e+00
-2.953672647476196289e+00
-7.730056047439575195e-01
1.489292085170745850e-01
-1.744597196578979492e+00
-2.479531049728393555e+00
-7.709523439407348633e-01
-1.213563829660415649e-01
-1.571875929832458496e+00
-1.995849251747131348e+00
-5.823528170585632324e-01
-1.776838153600692749e-01
-1.402010440826416016e+00
-1.635855793952941895e+00
-4.241690039634704590e-01
-1.985350996255874634e-01
-1.262959480285644531e+00
-1.330669283866882324e+00
-2.206150293350219727e-01
-9.880135953426361084e-02
-1.050684452056884766e+00
-1.027534961700439453e+00
-3.292179107666015625e-02
-9.084028191864490509e-03
-8.694376349449157715e-01
-7.658880352973937988e-01
1.430166959762573242e-01
1.012708917260169983e-01
-6.624963283538818359e-01
-4.814626276493072510e-01
3.395795822143554688e-01
2.081259042024612427e-01
-4.985531866550445557e-01
-2.498574703931808472e-01
5.131297707557678223e-01
3.154294192790985107e-01
-3.457036018371582031e-01
-4.708309471607208252e-02
6.658004522323608398e-01
4.215004444122314453e-01
-1.936361789703369141e-01
1.331252753734588623e-01
7.721652984619140625e-01
4.725130200386047363e-01
-8.598726987838745117e-02
2.903820872306823730e-01
8.682556152343750000e-01
5.044786930084228516e-01
-1.536661386489868164e-02
4.054009020328521729e-01
9.304440617561340332e-01
5.057912468910217285e-01
1.543051004409790039e-02
4.723384678363800049e-01
9.483253359794616699e-01
4.723384678363800049e-01
1.543051004409790039e-02
5.057912468910217285e-01
9.304440617561340332e-01
4.054009020328521729e-01
-1.536661386489868164e-02
5.044786930084228516e-01
8.682556152343750000e-01
2.903820872306823730e-01
-8.598726987838745117e-02
4.725130200386047363e-01
7.721652984619140625e-01
1.331252753734588623e-01
-1.936361789703369141e-01
4.215004444122314453e-01
6.658004522323608398e-01
-4.708309471607208252e-02
-3.457036018371582031e-01
3.154294192790985107e-01
5.131297707557678223e-01
-2.498574703931808472e-01
-4.985531866550445557e-01
2.081259042024612427e-01
3.395795822143554688e-01
-4.814626276493072510e-01
-6.624963283538818359e-01
1.012708917260169983e-01
1.430166959762573242e-01
-7.658880352973937988e-01
-8.694376349449157715e-01
-9.084028191864490509e-03
