5.157913923002507284e-01
3.821431219385783562e-01
2.437897485801122643e-01
1.040207781832828415e-01
-3.383181030105666953e-02
-1.664712166764707180e-01
-2.907143449612488717e-01
-4.035692050153688593e-01
-5.023091531913981278e-01
-5.845419537693383738e-01
-6.482717219444511514e-01
-6.919519479217612901e-01
-7.145279979152836525e-01
-7.154677372755434694e-01
-6.947792174276030686e-01
-6.530147039368413564e-01
-5.912606884907074534e-01
-5.111139123485104463e-01
-4.146438214513908926e-01
-3.043422619761053660e-01
-1.830615976156286517e-01
-5.394277451482092783e-02
7.966483450332030591e-02
2.142897180422554393e-01
3.464283590305264893e-01
4.726367902142596389e-01
5.896210848246017378e-01
6.943243020305055468e-01
7.840074866069826065e-01
8.563224731010588009e-01
9.093744626422402000e-01
9.417726192543448560e-01
9.526672639555371358e-01
9.417726192543448560e-01
9.093744626422411992e-01
8.563224731010588009e-01
7.840074866069826065e-01
6.943243020305055468e-01
5.896210848246017378e-01
4.726367902142596389e-01
3.464283590305264893e-01
2.142897180422562442e-01
7.966483450332088878e-02
-5.394277451482092783e-02
-1.830615976156276803e-01
-3.043422619761048109e-01
-4.146438214513905041e-01
-5.111139123485107794e-01
-5.912606884907072313e-01
-6.530147039368409123e-01
-6.947792174276030686e-01
-7.154677372755433584e-01
-7.145279979152836525e-01
-6.919519479217615121e-01
-6.482717219444513734e-01
-5.845419537693383738e-01
-5.023091531913984609e-01
-4.035692050153694144e-01
-2.907143449612489827e-01
-1.664712166764711898e-01
-3.383181030105759241e-02
1.040207781832827305e-01
2.437897485801116260e-01
3.821431219385784672e-01
5.157913923002503953e-01
6.415624018475580836e-01
7.564716812135162671e-01
8.577866848338807637e-01
9.430835751642269171e-01
1.010295460842428605e+00
1.057751263428115873e+00
1.084204665984871419e+00
1.088852875422700039e+00
1.071345200579938650e+00
1.031781701632348058e+00
9.707023967030870004e-01
8.890677128370849669e-01
7.882310364700202410e-01
6.699043502782802140e-01
5.361180374288760930e-01
3.891759907945109842e-01
2.316071850661440834e-01
6.611485653022261544e-02
-1.044756077098395325e-01
-2.772690375362003579e-01
-4.493521594440472722e-01
-6.178437456769011460e-01
-7.799425023490197395e-01
-9.329720812618267356e-01
-1.074422713687596564e+00
-1.201989071805784182e+00
-1.313604061018919911e+00
-1.407468331240123272e+00
-1.482075365626754460e+00
-1.536232060365376295e+00
-1.569074749250149559e+00
-1.580080653163645543e+00
-1.569074749250149559e+00
-1.536232060365376295e+00
-1.482075365626754460e+00
-1.407468331240124160e+00
-1.313604061018919911e+00
-1.201989071805785070e+00
-1.074422713687597231e+00
-9.329720812618275128e-01
-7.799425023490212938e-01
-6.178437456769019231e-01
-4.493521594440488265e-01
-2.772690375362016901e-01
-1.044756077098409203e-01
6.611485653022136644e-02
2.316071850661429177e-01
3.891759907945100405e-01
5.361180374288752049e-01
6.699043502782779935e-01
7.882310364700202410e-01
8.890677128370845228e-01
9.707023967030864453e-01
1.031781701632347836e+00
1.071345200579938206e+00
1.088852875422700039e+00
1.084204665984871419e+00
1.057751263428116539e+00
1.010295460842429049e+00
9.430835751642273612e-01
8.577866848338825401e-01
7.564716812135161561e-01
6.415624018475589718e-01
