-9.109626423998606892e-02
4.618819029876426729e-02
1.622979126169094566e-01
2.524849649822860087e-01
3.146401403470530656e-01
3.489003855033700474e-01
3.570334216715098652e-01
3.417332721278952268e-01
3.059650593030686094e-01
2.524787586409786289e-01
1.835730875852138455e-01
1.011390083154446035e-01
6.956164529366704041e-03
-9.683560785175510111e-02
-2.072051138432876305e-01
-3.197718509754333138e-01
-4.285482388292119471e-01
-5.259801794444558531e-01
-6.033365950862544791e-01
-6.514396678322765810e-01
-6.616664378451709849e-01
-6.270990338378840123e-01
-5.436639720109471829e-01
-4.110871675929953506e-01
-2.335036451071662578e-01
-1.959855308429216125e-02
2.177857543700746357e-01
4.625710831624449959e-01
6.968144831486793311e-01
9.023852057085887113e-01
1.062756361416409057e+00
1.164697785489222870e+00
1.199662997022383548e+00
1.164697785489222870e+00
1.062756361416412165e+00
9.023852057085887113e-01
6.968144831486793311e-01
4.625710831624449959e-01
2.177857543700746357e-01
-1.959855308429216125e-02
-2.335036451071662578e-01
-4.110871675929945179e-01
-5.436639720109466278e-01
-6.270990338378840123e-01
-6.616664378451710959e-01
-6.514396678322766920e-01
-6.033365950862544791e-01
-5.259801794444557421e-01
-4.285482388292121692e-01
-3.197718509754340355e-01
-2.072051138432876305e-01
-9.683560785175537866e-02
6.956164529366704041e-03
1.011390083154443814e-01
1.835730875852134847e-01
2.524787586409787399e-01
3.059650593030684429e-01
3.417332721278950047e-01
3.570334216715098652e-01
3.489003855033701029e-01
3.146401403470533986e-01
2.524849649822861752e-01
1.622979126169099839e-01
4.618819029876412852e-02
-9.109626423998573586e-02
-2.421049614996799992e-01
-3.970088220359917486e-01
-5.443119086902725723e-01
-6.718888648202204772e-01
-7.682306752144243411e-01
-8.237416587824816228e-01
-8.319131292216583873e-01
-7.902072392596883876e-01
-7.005176169934180797e-01
-5.691271509450124277e-01
-4.061501273727753381e-01
-2.245162289876488360e-01
-3.861738409003628164e-02
1.372142727824071373e-01
2.902050637288872137e-01
4.104257165258392015e-01
4.917048204725109617e-01
5.320619612121842978e-01
5.336195011336570815e-01
5.020238674198096440e-01
4.454737274892437426e-01
3.735039223490448368e-01
2.957031149915249624e-01
2.205457876552182062e-01
1.544954448807208947e-01
1.014895596469916339e-01
6.285519817945571519e-02
3.763687620813011697e-02
2.325533041493374822e-02
1.636705905322806409e-02
1.376700818143025522e-02
1.317465088147042052e-02
1.376700818143025522e-02
1.636705905322806409e-02
2.325533041493374822e-02
3.763687620812988799e-02
6.285519817945571519e-02
1.014895596469913841e-01
1.544954448807205338e-01
2.205457876552177621e-01
2.957031149915241852e-01
3.735039223490445037e-01
4.454737274892430765e-01
5.020238674198093110e-01
5.336195011336569705e-01
5.320619612121845199e-01
4.917048204725112392e-01
4.104257165258398676e-01
2.902050637288880464e-01
1.372142727824100517e-01
-3.861738409003628164e-02
-2.245162289876477812e-01
-4.061501273727739503e-01
-5.691271509450114285e-01
-7.005176169934161923e-01
-7.902072392596872774e-01
-8.319131292216584983e-01
-8.237416587824819558e-01
-7.682306752144250073e-01
-6.718888648202212543e-01
-5.443119086902749038e-01
-3.970088220359915265e-01
-2.421049614996811372e-01
