-9.900000000000000466e-02
-8.627289929739223595e-02
-7.271586138080299300e-02
-5.837571246364694350e-02
-4.329786690754951900e-02
-2.752603501855461349e-02
-1.110293205984363117e-02
5.928072142378548563e-03
2.352053537510240266e-02
4.162202626082677631e-02
6.017104855883651654e-02
7.909418253058204951e-02
9.830381539932576962e-02
1.176967882525190856e-01
1.371542049785944850e-01
1.565425378235016651e-01
1.757160351248570063e-01
1.945203031977427166e-01
2.127968104683259087e-01
2.303879612855295467e-01
2.471423206391502592e-01
2.629195470007529289e-01
2.775946119776478982e-01
2.910609508695795600e-01
3.032322912262837011e-01
3.140430366757256397e-01
3.234472271378995289e-01
3.314162389557245292e-01
3.379355143708657194e-01
3.430007057012793292e-01
3.466136752051205416e-01
3.487788008601538370e-01
3.494999999999999774e-01
3.487788008601538370e-01
3.466136752051205971e-01
3.430007057012793292e-01
3.379355143708657194e-01
3.314162389557245292e-01
3.234472271378995289e-01
3.140430366757256397e-01
3.032322912262837011e-01
2.910609508695796155e-01
2.775946119776479537e-01
2.629195470007529289e-01
2.471423206391503979e-01
2.303879612855296299e-01
2.127968104683259920e-01
1.945203031977426611e-01
1.757160351248570618e-01
1.565425378235018039e-01
1.371542049785944850e-01
1.176967882525191411e-01
9.830381539932576962e-02
7.909418253058210502e-02
6.017104855883661368e-02
4.162202626082674856e-02
2.352053537510244430e-02
5.928072142378658718e-03
-1.110293205984361903e-02
-2.752603501855454063e-02
-4.329786690754940104e-02
-5.837571246364692962e-02
-7.271586138080292361e-02
-8.627289929739224983e-02
-9.899999999999997691e-02
-1.108501653655826757e-01
-1.217782554752380175e-01
-1.317435681144674964e-01
-1.407126727299777003e-01
-1.486621835704572681e-01
-1.555811710446976526e-01
-1.614729562885779401e-01
-1.663561051747849961e-01
-1.702645256222526104e-01
-1.732466657235634533e-01
-1.753638993491259956e-01
-1.766882609373663093e-01
-1.772997446101370056e-01
-1.772834098478593412e-01
-1.767265352439227333e-01
-1.757160351248570618e-01
-1.743363057773217040e-01
-1.726676055990610248e-01
-1.707850049279116544e-01
-1.687578751011097333e-01
-1.666498301822089689e-01
-1.645189948129209545e-01
-1.624184515081537883e-01
-1.603967214266011354e-01
-1.584981525295261762e-01
-1.567631240333582088e-01
-1.552280203667126823e-01
-1.539249747333384932e-01
-1.528814251231648269e-01
-1.521195583490795311e-01
-1.516557361971788698e-01
-1.514999999999999958e-01
-1.516557361971788698e-01
-1.521195583490795311e-01
-1.528814251231648269e-01
-1.539249747333384932e-01
-1.552280203667126823e-01
-1.567631240333582088e-01
-1.584981525295261762e-01
-1.603967214266011354e-01
-1.624184515081537883e-01
-1.645189948129209268e-01
-1.666498301822089412e-01
-1.687578751011097056e-01
-1.707850049279116544e-01
-1.726676055990610248e-01
-1.743363057773216762e-01
-1.757160351248570340e-01
-1.767265352439227333e-01
-1.772834098478593412e-01
-1.772997446101370056e-01
-1.766882609373662816e-01
-1.753638993491259956e-01
-1.732466657235634810e-01
-1.702645256222526660e-01
-1.663561051747850517e-01
-1.614729562885779401e-01
-1.555811710446977081e-01
-1.486621835704573236e-01
-1.407126727299777558e-01
-1.317435681144676629e-01
-1.217782554752380036e-01
-1.108501653655827451e-01
