0.000000000000000000e+00
-4.146714508533477783e-02
-8.283439278602600098e-02
-1.240020766854286194e-01
-1.648710519075393677e-01
-2.053428143262863159e-01
-2.453198581933975220e-01
-2.847059667110443115e-01
-3.234061300754547119e-01
-3.613272011280059814e-01
-3.983778357505798340e-01
-4.344687163829803467e-01
-4.695129096508026123e-01
-5.034260749816894531e-01
-5.361263751983642578e-01
-5.675351023674011230e-01
-5.975766181945800781e-01
-6.261785030364990234e-01
-6.532718539237976074e-01
-6.787914037704467773e-01
-7.026757597923278809e-01
-7.248672246932983398e-01
-7.453125119209289551e-01
-7.639622092247009277e-01
-7.807714343070983887e-01
-7.956997752189636230e-01
-8.087111711502075195e-01
-8.197743296623229980e-01
-8.288625478744506836e-01
-8.359540104866027832e-01
-8.410315513610839844e-01
-8.440829515457153320e-01
-8.451009392738342285e-01
-8.440829515457153320e-01
-8.410315513610839844e-01
-8.359540104866027832e-01
-8.288625478744506836e-01
-8.197743296623229980e-01
-8.087111711502075195e-01
-7.956997752189636230e-01
-7.807714343070983887e-01
-7.639622092247009277e-01
-7.453125119209289551e-01
-7.248672246932983398e-01
-7.026757597923278809e-01
-6.787914037704467773e-01
-6.532718539237976074e-01
-6.261785030364990234e-01
-5.975766181945800781e-01
-5.675351023674011230e-01
-5.361263751983642578e-01
-5.034260749816894531e-01
-4.695129096508026123e-01
-4.344687163829803467e-01
-3.983778357505798340e-01
-3.613272011280059814e-01
-3.234061300754547119e-01
-2.847059667110443115e-01
-2.453198581933975220e-01
-2.053428143262863159e-01
-1.648710519075393677e-01
-1.240020766854286194e-01
-8.283439278602600098e-02
-4.146714508533477783e-02
-1.034950382976219073e-16
4.146714508533477783e-02
8.283439278602600098e-02
1.240020766854286194e-01
1.648710519075393677e-01
2.053428143262863159e-01
2.453198581933975220e-01
2.847059667110443115e-01
3.234061300754547119e-01
3.613272011280059814e-01
3.983778357505798340e-01
4.344687163829803467e-01
4.695129096508026123e-01
5.034260749816894531e-01
5.361263751983642578e-01
5.675351023674011230e-01
5.975766181945800781e-01
6.261785030364990234e-01
6.532718539237976074e-01
6.787914037704467773e-01
7.026757597923278809e-01
7.248672246932983398e-01
7.453125119209289551e-01
7.639622092247009277e-01
7.807714343070983887e-01
7.956997752189636230e-01
8.087111711502075195e-01
8.197743296623229980e-01
8.288625478744506836e-01
8.359540104866027832e-01
8.410315513610839844e-01
8.440829515457153320e-01
8.451009392738342285e-01
8.440829515457153320e-01
8.410315513610839844e-01
8.359540104866027832e-01
8.288625478744506836e-01
8.197743296623229980e-01
8.087111711502075195e-01
7.956997752189636230e-01
7.807714343070983887e-01
7.639622092247009277e-01
7.453125119209289551e-01
7.248672246932983398e-01
7.026757597923278809e-01
6.787914037704467773e-01
6.532718539237976074e-01
6.261785030364990234e-01
5.975766181945800781e-01
5.675351023674011230e-01
5.361263751983642578e-01
5.034260749816894531e-01
4.695129096508026123e-01
4.344687163829803467e-01
3.983778357505798340e-01
3.613272011280059814e-01
3.234061300754547119e-01
2.847059667110443115e-01
2.453198581933975220e-01
2.053428143262863159e-01
1.648710519075393677e-01
1.240020766854286194e-01
8.283439278602600098e-02
4.146714508533477783e-02
