-4.648884958108866962e-06
4.878514332246835367e-02
9.746278755363196877e-02
1.459162451823222961e-01
1.940337883932504170e-01
2.417041610821282216e-01
2.888167459222772959e-01
3.352617393808775548e-01
3.809303362434499074e-01
4.257149249340337893e-01
4.695092946067828676e-01
5.122088546393147590e-01
5.537108667867884915e-01
5.939146898666473051e-01
6.327220364459471558e-01
6.700372406051116059e-01
7.057675354627667152e-01
7.398233387747963352e-01
7.721185445753498966e-01
8.025708185161125607e-01
8.311018942898992234e-01
8.576378683018546223e-01
8.821094895815467796e-01
9.044524418162022128e-01
9.246076143322131680e-01
9.425213588605655390e-01
9.581457289923067666e-01
9.714386993617173394e-01
9.823643617851305354e-01
9.908930958289018376e-01
9.970017115761223847e-01
1.000673562702523389e+00
1.001898628350879061e+00
1.000673562702523389e+00
9.970017115761224957e-01
9.908930958289018376e-01
9.823643617851305354e-01
9.714386993617173394e-01
9.581457289923067666e-01
9.425213588605655390e-01
9.246076143322131680e-01
9.044524418162023238e-01
8.821094895815468906e-01
8.576378683018546223e-01
8.311018942898994455e-01
8.025708185161126718e-01
7.721185445753500076e-01
7.398233387747962242e-01
7.057675354627668263e-01
6.700372406051118279e-01
6.327220364459471558e-01
5.939146898666474161e-01
5.537108667867884915e-01
5.122088546393148700e-01
4.695092946067830897e-01
4.257149249340337338e-01
3.809303362434500184e-01
3.352617393808778323e-01
2.888167459222773514e-01
2.417041610821283881e-01
1.940337883932507779e-01
1.459162451823223516e-01
9.746278755363219082e-02
4.878514332246830509e-02
-4.648884957987097505e-06
-4.879439632108079766e-02
-9.747190666950635018e-02
-1.459251425933873192e-01
-1.940423784125741014e-01
-2.417123609831283160e-01
-2.888244767354246068e-01
-3.352689266542157598e-01
-3.809369107596075055e-01
-4.257208233768260408e-01
-4.695144601709818066e-01
-5.122132375777128654e-01
-5.537144248892931220e-01
-5.939173888667865775e-01
-6.327238503508738621e-01
-6.700381519459303048e-01
-7.057675354627667152e-01
-7.398224274339775253e-01
-7.721167306704226352e-01
-8.025681195159733994e-01
-8.310983361873943709e-01
-8.576334853634562938e-01
-8.821043240173479516e-01
-9.044465433734093507e-01
-9.246010398160552368e-01
-9.425141715872272785e-01
-9.581379981791592337e-01
-9.714304994607171340e-01
-9.823557717658067956e-01
-9.908841984178364815e-01
-9.969925924602480727e-01
-1.000664309703910737e+00
-1.001889330580962856e+00
-1.000664309703910737e+00
-9.969925924602480727e-01
-9.908841984178364815e-01
-9.823557717658069066e-01
-9.714304994607171340e-01
-9.581379981791593448e-01
-9.425141715872273895e-01
-9.246010398160553478e-01
-9.044465433734095727e-01
-8.821043240173480626e-01
-8.576334853634565158e-01
-8.310983361873945929e-01
-8.025681195159736214e-01
-7.721167306704228572e-01
-7.398224274339777473e-01
-7.057675354627669373e-01
-6.700381519459305268e-01
-6.327238503508745282e-01
-5.939173888667865775e-01
-5.537144248892933440e-01
-5.122132375777131985e-01
-4.695144601709820842e-01
-4.257208233768267625e-01
-3.809369107596082271e-01
-3.352689266542156488e-01
-2.888244767354249953e-01
-2.417123609831286490e-01
-1.940423784125744622e-01
-1.459251425933880963e-01
-9.747190666950626692e-02
-4.879439632108116542e-02
