0.000000000000000000e+00
4.906767606735229492e-02
9.801714122295379639e-02
1.467304676771163940e-01
1.950903236865997314e-01
2.429801821708679199e-01
2.902846634387969971e-01
3.368898630142211914e-01
3.826834261417388916e-01
4.275550842285156250e-01
4.713967442512512207e-01
5.000000000000000000e-01
5.000000000000000000e-01
5.000000000000000000e-01
5.000000000000000000e-01
5.000000000000000000e-01
5.000000000000000000e-01
5.000000000000000000e-01
5.000000000000000000e-01
5.000000000000000000e-01
5.000000000000000000e-01
5.000000000000000000e-01
5.000000000000000000e-01
5.000000000000000000e-01
5.000000000000000000e-01
5.000000000000000000e-01
5.000000000000000000e-01
5.000000000000000000e-01
5.000000000000000000e-01
5.000000000000000000e-01
5.000000000000000000e-01
5.000000000000000000e-01
5.000000000000000000e-01
5.000000000000000000e-01
5.000000000000000000e-01
5.000000000000000000e-01
5.000000000000000000e-01
5.000000000000000000e-01
5.000000000000000000e-01
5.000000000000000000e-01
5.000000000000000000e-01
5.000000000000000000e-01
5.000000000000000000e-01
5.000000000000000000e-01
5.000000000000000000e-01
5.000000000000000000e-01
5.000000000000000000e-01
5.000000000000000000e-01
5.000000000000000000e-01
5.000000000000000000e-01
5.000000000000000000e-01
5.000000000000000000e-01
5.000000000000000000e-01
5.000000000000000000e-01
4.713967442512512207e-01
4.275550842285156250e-01
3.826834261417388916e-01
3.368898630142211914e-01
2.902846634387969971e-01
2.429801821708679199e-01
1.950903236865997314e-01
1.467304676771163940e-01
9.801714122295379639e-02
4.906767606735229492e-02
1.224646852585167854e-16
-4.906767606735229492e-02
-9.801714122295379639e-02
-1.467304676771163940e-01
-1.950903236865997314e-01
-2.429801821708679199e-01
-2.902846634387969971e-01
-3.368898630142211914e-01
-3.826834261417388916e-01
-4.275550842285156250e-01
-4.713967442512512207e-01
-5.000000000000000000e-01
-5.000000000000000000e-01
-5.000000000000000000e-01
-5.000000000000000000e-01
-5.000000000000000000e-01
-5.000000000000000000e-01
-5.000000000000000000e-01
-5.000000000000000000e-01
-5.000000000000000000e-01
-5.000000000000000000e-01
-5.000000000000000000e-01
-5.000000000000000000e-01
-5.000000000000000000e-01
-5.000000000000000000e-01
-5.000000000000000000e-01
-5.000000000000000000e-01
-5.000000000000000000e-01
-5.000000000000000000e-01
-5.000000000000000000e-01
-5.000000000000000000e-01
-5.000000000000000000e-01
-5.000000000000000000e-01
-5.000000000000000000e-01
-5.000000000000000000e-01
-5.000000000000000000e-01
-5.000000000000000000e-01
-5.000000000000000000e-01
-5.000000000000000000e-01
-5.000000000000000000e-01
-5.000000000000000000e-01
-5.000000000000000000e-01
-5.000000000000000000e-01
-5.000000000000000000e-01
-5.000000000000000000e-01
-5.000000000000000000e-01
-5.000000000000000000e-01
-5.000000000000000000e-01
-5.000000000000000000e-01
-5.000000000000000000e-01
-5.000000000000000000e-01
-5.000000000000000000e-01
-5.000000000000000000e-01
-5.000000000000000000e-01
-4.713967442512512207e-01
-4.275550842285156250e-01
-3.826834261417388916e-01
-3.368898630142211914e-01
-2.902846634387969971e-01
-2.429801821708679199e-01
-1.950903236865997314e-01
-1.467304676771163940e-01
-9.801714122295379639e-02
-4.906767606735229492e-02
