2.266886916820541869e-03
5.613700055276173995e-01
4.872643223419312331e-02
-3.938325603191790147e-01
1.904312325846387044e-01
1.495511820395832303e-01
-2.086588494738321753e-01
2.014675187517508959e-02
1.247978513174848314e-01
-8.356735917232387123e-02
-3.428550628540533857e-02
7.388057663188025981e-02
-1.931484516041195518e-02
-3.731397572725154987e-02
3.365970060200629971e-02
5.357014397721403774e-03
-2.498838838283868463e-02
1.060440059698704481e-02
1.032309028613910551e-02
-1.274523501576032766e-02
4.551712179833541688e-04
8.060415648270183656e-03
-4.845308211095395931e-03
-2.525971846769152311e-03
4.587277486937139763e-03
-9.400831398159246576e-04
-2.463091700429192229e-03
2.003333056444661815e-03
4.769323354354443475e-04
-1.576450480316238245e-03
5.783127710434727642e-04
7.024302708975287829e-04
