-3.510277206906831649e-01
-1.295716119104686759e-01
1.703568233402510956e-01
5.192163104460613132e-01
8.802359195720173002e-01
1.214157798424588597e+00
1.484356048693424857e+00
1.661624470022101230e+00
1.727967722469127665e+00
1.678868163700571348e+00
1.523714897644301125e+00
1.284341739222365497e+00
9.918892378401410470e-01
6.824435813173216347e-01
3.920774425671288421e-01
1.519994514202158697e-01
-1.550195064694193103e-02
-9.975484464252656891e-02
-1.026768860482525775e-01
-3.791537857231293274e-02
7.168717582466736793e-02
1.979005978668542665e-01
3.116040725367487108e-01
3.872946222461438048e-01
4.069355497477525341e-01
3.625797205002601054e-01
2.573922902330038620e-01
1.049419312949218391e-01
-7.310801707916651793e-02
-2.505361305807042305e-01
-4.007714749466140258e-01
-5.011199343800833983e-01
-5.363550207644077750e-01
-5.011199343800833983e-01
-4.007714749466170234e-01
-2.505361305807042305e-01
-7.310801707916651793e-02
1.049419312949218391e-01
2.573922902330038620e-01
3.625797205002601054e-01
4.069355497477525341e-01
3.872946222461439714e-01
3.116040725367490993e-01
1.979005978668542665e-01
7.168717582466832550e-02
-3.791537857231262049e-02
-1.026768860482522860e-01
-9.975484464252663830e-02
-1.550195064694237512e-02
1.519994514202146207e-01
3.920774425671288421e-01
6.824435813173207466e-01
9.918892378401410470e-01
1.284341739222364831e+00
1.523714897644300015e+00
1.678868163700571792e+00
1.727967722469127665e+00
1.661624470022101896e+00
1.484356048693425301e+00
1.214157798424589929e+00
8.802359195720198537e-01
5.192163104460618683e-01
1.703568233402526777e-01
-1.295716119104688979e-01
-3.510277206906827208e-01
-4.754184259914017163e-01
-4.972958630224863508e-01
-4.247549403124148970e-01
-2.780091461675950337e-01
-8.637682151456617385e-02
1.158730592584616831e-01
2.942179547771693326e-01
4.184636788544583430e-01
4.665878786014617807e-01
4.273442570033071375e-01
3.013170740363224631e-01
1.003442245451214992e-01
-1.545400045721675997e-01
-4.362886520910754240e-01
-7.156544927471334416e-01
-9.650674410512722901e-01
-1.162032375895048597e+00
-1.291601053906915819e+00
-1.347631473246446943e+00
-1.332742781851567138e+00
-1.257072683031614790e+00
-1.136116723995622468e+00
-9.880493673272815469e-01
-8.309787328418164476e-01
-6.805649987987454352e-01
-5.483431234818046951e-01
-4.409507658643397887e-01
-3.602966126836167349e-01
-3.045408349138696846e-01
-2.696251137838546752e-01
-2.510062095752342848e-01
-2.452271909168450281e-01
-2.510062095752342848e-01
-2.696251137838546752e-01
-3.045408349138696846e-01
-3.602966126836158467e-01
-4.409507658643397887e-01
-5.483431234818038069e-01
-6.805649987987445471e-01
-8.309787328418157815e-01
-9.880493673272801036e-01
-1.136116723995621580e+00
-1.257072683031613902e+00
-1.332742781851566916e+00
-1.347631473246446721e+00
-1.291601053906916263e+00
-1.162032375895049263e+00
-9.650674410512737333e-01
-7.156544927471351070e-01
-4.362886520910804200e-01
-1.545400045721675997e-01
1.003442245451201670e-01
3.013170740363210753e-01
4.273442570033065824e-01
4.665878786014617252e-01
4.184636788544597308e-01
2.942179547771689996e-01
1.158730592584633207e-01
-8.637682151456474444e-02
-2.780091461675937015e-01
-4.247549403124129541e-01
-4.972958630224864618e-01
-4.754184259914023269e-01
