7.776852089672791069e-01
7.572878636674348352e-01
7.151671131920090962e-01
6.524367424363302082e-01
5.709288472152557192e-01
4.731252971962246479e-01
3.620649797415533833e-01
2.412303825056771600e-01
1.144178583587918130e-01
-1.440346507548847903e-02
-1.412387409434820995e-01
-2.622148123998742086e-01
-3.737223585906704892e-01
-4.725473702837674761e-01
-5.559869652443039101e-01
-6.219451618247646696e-01
-6.690050053082658987e-01
-6.964743553872491111e-01
-7.044036595730772676e-01
-6.935751171779279689e-01
-6.654637402266033730e-01
-6.221718988532072281e-01
-5.663399578300200021e-01
-5.010365286794494777e-01
-4.296326430593889745e-01
-3.556647677768951521e-01
-2.826920062820324486e-01
-2.141530495544390900e-01
-1.532284426002035183e-01
-1.027135212744044734e-01
-6.490695605241218746e-02
-4.151923085986767431e-02
-3.360460963502964749e-02
-4.151923085986767431e-02
-6.490695605241150745e-02
-1.027135212744044734e-01
-1.532284426002035183e-01
-2.141530495544390900e-01
-2.826920062820324486e-01
-3.556647677768951521e-01
-4.296326430593889745e-01
-5.010365286794490336e-01
-5.663399578300196691e-01
-6.221718988532072281e-01
-6.654637402266030399e-01
-6.935751171779278579e-01
-7.044036595730772676e-01
-6.964743553872491111e-01
-6.690050053082661208e-01
-6.219451618247650027e-01
-5.559869652443039101e-01
-4.725473702837676981e-01
-3.737223585906704892e-01
-2.622148123998745417e-01
-1.412387409434827101e-01
-1.440346507548832464e-02
1.144178583587914938e-01
2.412303825056763829e-01
3.620649797415533278e-01
4.731252971962242038e-01
5.709288472152550531e-01
6.524367424363300971e-01
7.151671131920088742e-01
7.572878636674348352e-01
7.776852089672789958e-01
7.760053578887308179e-01
7.526677303950484177e-01
7.088491852646827684e-01
6.464398404787610186e-01
5.679721541272799712e-01
4.765259553135813841e-01
3.756130334992381914e-01
2.690456756755338352e-01
1.607941536839834207e-01
5.483858539288711392e-02
-4.497919292389630785e-02
-1.350981079858286638e-01
-2.123692678831637926e-01
-2.741713263913844179e-01
-3.185054191474982477e-01
-3.440660821194322372e-01
-3.502854847428491514e-01
-3.373493340980398547e-01
-3.061838932519928558e-01
-2.584146646852072404e-01
-1.962983760382780440e-01
-1.226309285527164977e-01
-4.063488927204343681e-02
4.616910902506243114e-02
1.341020811149777892e-01
2.194721131602293263e-01
2.987198784461904122e-01
3.685586263944963248e-01
4.261032421702438677e-01
4.689833977721600267e-01
4.954364304060638324e-01
5.043763665558680387e-01
4.954364304060638324e-01
4.689833977721600267e-01
4.261032421702438677e-01
3.685586263944971019e-01
2.987198784461904122e-01
2.194721131602297981e-01
1.341020811149782610e-01
4.616910902506287523e-02
-4.063488927204254864e-02
-1.226309285527161508e-01
-1.962983760382774334e-01
-2.584146646852068518e-01
-3.061838932519925227e-01
-3.373493340980396327e-01
-3.502854847428490404e-01
-3.440660821194322927e-01
-3.185054191474984697e-01
-2.741713263913854171e-01
-2.123692678831637926e-01
-1.350981079858291911e-01
-4.497919292389703644e-02
5.483858539288644085e-02
1.607941536839816443e-01
2.690456756755321144e-01
3.756130334992383579e-01
4.765259553135806625e-01
5.679721541272794161e-01
6.464398404787604635e-01
7.088491852646819913e-01
7.526677303950485287e-01
7.760053578887305958e-01
