2.258633673191070557e-01
6.680393218994140625e-01
1.052090287208557129e+00
1.352873206138610840e+00
1.557487964630126953e+00
1.665078759193420410e+00
1.685074806213378906e+00
1.634285569190979004e+00
1.533379077911376953e+00
1.403326749801635742e+00
1.262349605560302734e+00
1.123771309852600098e+00
9.950110912322998047e-01
8.777474164962768555e-01
7.690894007682800293e-01
6.634449958801269531e-01
5.546802878379821777e-01
4.381449520587921143e-01
3.121962249279022217e-01
1.789599657058715820e-01
4.422356933355331421e-02
-8.348640799522399902e-02
-1.944395005702972412e-01
-2.795459926128387451e-01
-3.321529626846313477e-01
-3.494529724121093750e-01
-3.332370519638061523e-01
-2.898485958576202393e-01
-2.293297350406646729e-01
-1.639034152030944824e-01
-1.060481667518615723e-01
-6.648823618888854980e-02
-5.245208740234375000e-02
-6.648823618888854980e-02
-1.060481667518615723e-01
-1.639034152030944824e-01
-2.293297350406646729e-01
-2.898485958576202393e-01
-3.332370519638061523e-01
-3.494529724121093750e-01
-3.321529626846313477e-01
-2.795459926128387451e-01
-1.944395005702972412e-01
-8.348640799522399902e-02
4.422356933355331421e-02
1.789599657058715820e-01
3.121962249279022217e-01
4.381449520587921143e-01
5.546802878379821777e-01
6.634449958801269531e-01
7.690894007682800293e-01
8.777474164962768555e-01
9.950110912322998047e-01
1.123771309852600098e+00
1.262349605560302734e+00
1.403326749801635742e+00
1.533379077911376953e+00
1.634285569190979004e+00
1.685074806213378906e+00
1.665078759193420410e+00
1.557487964630126953e+00
1.352873206138610840e+00
1.052090287208557129e+00
6.680393218994140625e-01
2.258633673191070557e-01
-2.386088967323303223e-01
-6.821321249008178711e-01
-1.058714270591735840e+00
-1.325147390365600586e+00
-1.446696162223815918e+00
-1.402160167694091797e+00
-1.187576770782470703e+00
-8.179638385772705078e-01
-3.267500400543212891e-01
2.371601164340972900e-01
8.144179582595825195e-01
1.341793656349182129e+00
1.759468317031860352e+00
2.018130302429199219e+00
2.084950685501098633e+00
1.947626352310180664e+00
1.615930795669555664e+00
1.120535135269165039e+00
5.092076659202575684e-01
-1.591182053089141846e-01
-8.216532468795776367e-01
-1.419468402862548828e+00
-1.904602885246276855e+00
-2.245620250701904297e+00
-2.430874347686767578e+00
-2.469052314758300781e+00
-2.386970520019531250e+00
-2.224920988082885742e+00
-2.030250549316406250e+00
-1.850088953971862793e+00
-1.724224090576171875e+00
-1.679170727729797363e+00
-1.724224090576171875e+00
-1.850088953971862793e+00
-2.030250549316406250e+00
-2.224920988082885742e+00
-2.386970520019531250e+00
-2.469052314758300781e+00
-2.430874347686767578e+00
-2.245620250701904297e+00
-1.904602885246276855e+00
-1.419468402862548828e+00
-8.216532468795776367e-01
-1.591182053089141846e-01
5.092076659202575684e-01
1.120535135269165039e+00
1.615930795669555664e+00
1.947626352310180664e+00
2.084950685501098633e+00
2.018130302429199219e+00
1.759468317031860352e+00
1.341793656349182129e+00
8.144179582595825195e-01
2.371601164340972900e-01
-3.267500400543212891e-01
-8.179638385772705078e-01
-1.187576770782470703e+00
-1.402160167694091797e+00
-1.446696162223815918e+00
-1.325147390365600586e+00
-1.058714270591735840e+00
-6.821321249008178711e-01
-2.386088967323303223e-01
