6.792451686014504553e-01
3.025824917930290403e-01
-2.478308292583961403e-01
-9.051545397991516140e-01
-1.587614378534967452e+00
-2.209827122335776828e+00
-2.694635446570226023e+00
-2.983780295231834412e+00
-3.045890534433155494e+00
-2.880643061581511066e+00
-2.518489527207750101e+00
-2.015981128583111293e+00
-1.447358841656460893e+00
-8.936201803410015465e-01
-4.306449168726234067e-01
-1.181055201193318693e-01
9.219290233925203637e-03
-5.354643535867889548e-02
-2.807865788580413691e-01
-6.203224870345850350e-01
-1.001299628684920506e+00
-1.344887956267069473e+00
-1.576235573064563411e+00
-1.635924956565860677e+00
-1.489246169328420466e+00
-1.131913700375605458e+00
-5.913680072779908814e-01
7.655520862569012430e-02
7.951291241684256272e-01
1.477343649399475822e+00
2.038091234878794733e+00
2.406170551525657952e+00
2.534370203568269808e+00
2.406170551525657952e+00
2.038091234878805835e+00
1.477343649399475822e+00
7.951291241684256272e-01
7.655520862569012430e-02
-5.913680072779908814e-01
-1.131913700375605458e+00
-1.489246169328420466e+00
-1.635924956565860455e+00
-1.576235573064563855e+00
-1.344887956267069473e+00
-1.001299628684923615e+00
-6.203224870345865893e-01
-2.807865788580422572e-01
-5.354643535867834037e-02
9.219290233925092615e-03
-1.181055201193305371e-01
-4.306449168726234067e-01
-8.936201803410004363e-01
-1.447358841656460893e+00
-2.015981128583109960e+00
-2.518489527207747880e+00
-2.880643061581511066e+00
-3.045890534433154606e+00
-2.983780295231835300e+00
-2.694635446570226467e+00
-2.209827122335779492e+00
-1.587614378534972781e+00
-9.051545397991527242e-01
-2.478308292583990269e-01
3.025824917930296509e-01
6.792451686014497891e-01
8.394821060704367177e-01
7.706490291315908348e-01
4.918495139234503877e-01
5.131180715723028529e-02
-4.801580081451616855e-01
-1.018692459048294863e+00
-1.478503118058915211e+00
-1.783106226439849840e+00
-1.875122508271541255e+00
-1.723378995007159187e+00
-1.326450238860431341e+00
-7.122926976273731281e-01
6.582816952810935374e-02
9.364227302920175022e-01
1.818801971860975586e+00
2.632762274581861739e+00
3.307633397847988821e+00
3.789560850651631174e+00
4.046212769809093501e+00
4.068516518607267152e+00
3.869474525569505552e+00
3.480514113809196619e+00
2.946133132657227982e+00
2.317771028182744608e+00
1.647846286104915903e+00
9.847642746394752455e-01
3.694460829071309349e-01
-1.663919034292032084e-01
-6.003082583961599772e-01
-9.179399002376696926e-01
-1.111110342296951270e+00
-1.175879866365368676e+00
-1.111110342296951270e+00
-9.179399002376696926e-01
-6.003082583961599772e-01
-1.663919034292088150e-01
3.694460829071309349e-01
9.847642746394712487e-01
1.647846286104912128e+00
2.317771028182741944e+00
2.946133132657222209e+00
3.480514113809193955e+00
3.869474525569502443e+00
4.068516518607268040e+00
4.046212769809094389e+00
3.789560850651633395e+00
3.307633397847992374e+00
2.632762274581867068e+00
1.818801971860981137e+00
9.364227302920333784e-01
6.582816952810935374e-02
-7.122926976273691313e-01
-1.326450238860427122e+00
-1.723378995007157410e+00
-1.875122508271540367e+00
-1.783106226439853170e+00
-1.478503118058914323e+00
-1.018692459048299082e+00
-4.801580081451657933e-01
5.131180715722651747e-02
4.918495139234441704e-01
7.706490291315910568e-01
8.394821060704371618e-01
