2.802594366910438062e-01
8.721244939191216683e-02
-8.883951770222024702e-02
-2.229607169915481801e-01
-2.959255730461959333e-01
-2.964017064493976172e-01
-2.221830429125080941e-01
-8.033285015377954197e-02
1.137751295783510086e-01
3.383997638416962328e-01
5.681265988926057497e-01
7.769916377478746083e-01
9.416633133149755475e-01
1.044304581645111973e+00
1.074774935073598447e+00
1.031909998916776816e+00
9.237250986295355570e-01
7.665160219365784178e-01
5.829602837268001991e-01
3.994402778464441472e-01
2.429019177689716036e-01
1.376178981280452296e-01
1.022370121100506651e-01
1.474685530288894209e-01
2.746774608888111202e-01
4.755600899962466044e-01
7.329446125526785094e-01
1.022628831952691497e+00
1.316046892524071366e+00
1.583459219572122878e+00
1.797298372515155895e+00
1.935284570726441888e+00
1.982950695428875587e+00
1.935284570726441888e+00
1.797298372515160114e+00
1.583459219572122878e+00
1.316046892524071366e+00
1.022628831952691497e+00
7.329446125526785094e-01
4.755600899962466044e-01
2.746774608888111202e-01
1.474685530288899205e-01
1.022370121100508455e-01
1.376178981280452296e-01
2.429019177689702436e-01
3.994402778464435921e-01
5.829602837267996440e-01
7.665160219365789729e-01
9.237250986295351129e-01
1.031909998916776372e+00
1.074774935073598447e+00
1.044304581645111973e+00
9.416633133149755475e-01
7.769916377478750524e-01
5.681265988926069710e-01
3.383997638416959552e-01
1.137751295783515360e-01
-8.033285015377851501e-02
-2.221830429125080109e-01
-2.964017064493975617e-01
-2.959255730461962108e-01
-2.229607169915484022e-01
-8.883951770222098254e-02
8.721244939191234724e-02
2.802594366910433066e-01
4.625362110094404788e-01
6.066914324062164798e-01
6.890151273308118274e-01
6.922722693977139130e-01
6.078093075461691308e-01
4.366843292837796486e-01
1.896846576580080990e-01
-1.137751295783502453e-01
-4.477515713459229163e-01
-7.826278852638761663e-01
-1.088399238844645067e+00
-1.338010009666492195e+00
-1.510358991984375399e+00
-1.592626849777594389e+00
-1.581658659318130322e+00
-1.484243972011623169e+00
-1.316264682337933367e+00
-1.100812198430799027e+00
-8.654946881857065177e-01
-6.392486141204895000e-01
-4.490254992248172705e-01
-3.167382984813214009e-01
-2.568203605331187411e-01
-2.746774608888104541e-01
-3.662082824920175894e-01
-5.184433261814065386e-01
-7.112212308559204832e-01
-9.197001961725508323e-01
-1.117404809232855900e+00
-1.279446457811163507e+00
-1.385535910325088160e+00
-1.422431822046787975e+00
-1.385535910325088160e+00
-1.279446457811163507e+00
-1.117404809232855900e+00
-9.197001961725532748e-01
-7.112212308559204832e-01
-5.184433261814077598e-01
-3.662082824920182000e-01
-2.746774608888107871e-01
-2.568203605331184081e-01
-3.167382984813211233e-01
-4.490254992248158272e-01
-6.392486141204877237e-01
-8.654946881857047414e-01
-1.100812198430797251e+00
-1.316264682337931813e+00
-1.484243972011622281e+00
-1.581658659318129878e+00
-1.592626849777595055e+00
-1.510358991984375399e+00
-1.338010009666493527e+00
-1.088399238844647288e+00
-7.826278852638783867e-01
-4.477515713459285229e-01
-1.137751295783553662e-01
1.896846576580087096e-01
4.366843292837779833e-01
6.078093075461682426e-01
6.922722693977135799e-01
6.890151273308126045e-01
6.066914324062163688e-01
4.625362110094417001e-01
