-1.470223417739197347e-01
-1.844135691538290045e-01
-2.193532111905938109e-01
-2.508422498916910159e-01
-2.779407231625955488e-01
-2.997889986765100989e-01
-3.156274618677012977e-01
-3.248141852000357988e-01
-3.268401881158131128e-01
-3.213419478478783398e-01
-3.081108794944450446e-01
-2.870995681634480046e-01
-2.584246052090526380e-01
-2.223659531195426864e-01
-1.793628379125742633e-01
-1.300062423507915843e-01
-7.502814630336723800e-02
-1.528773057238592623e-02
4.824517403368368262e-02
1.145090510781052728e-01
1.823716827364399995e-01
2.506527163858448537e-01
3.181473414205056582e-01
3.836505796296381110e-01
4.459816785372380799e-01
5.040080940768717488e-01
5.566685569330052097e-01
6.029947356590676932e-01
6.421310388848245898e-01
6.733521379304834298e-01
6.960778391198205739e-01
7.098849910037479116e-01
7.145161743722034942e-01
7.098849910037479116e-01
6.960778391198210180e-01
6.733521379304834298e-01
6.421310388848245898e-01
6.029947356590676932e-01
5.566685569330052097e-01
5.040080940768717488e-01
4.459816785372380799e-01
3.836505796296384996e-01
3.181473414205059358e-01
2.506527163858448537e-01
1.823716827364405269e-01
1.145090510781055643e-01
4.824517403368393936e-02
-1.528773057238613092e-02
-7.502814630336704371e-02
-1.300062423507912512e-01
-1.793628379125742633e-01
-2.223659531195425476e-01
-2.584246052090526380e-01
-2.870995681634478935e-01
-3.081108794944449336e-01
-3.213419478478783953e-01
-3.268401881158131128e-01
-3.248141852000357988e-01
-3.156274618677012977e-01
-2.997889986765101544e-01
-2.779407231625957708e-01
-2.508422498916910715e-01
-2.193532111905939497e-01
-1.844135691538290045e-01
-1.470223417739198180e-01
-1.082152088721404504e-01
-6.904148621395311825e-02
-3.054096830284968450e-02
6.278858388988478589e-03
4.046473958708751706e-02
7.113824283855443853e-02
9.751457106181790624e-02
1.189191984072833219e-01
1.348019753611045257e-01
1.447484061375966524e-01
1.484878638579632815e-01
1.458985764402587759e-01
1.370092870574676214e-01
1.219975659120958039e-01
1.011848233403216391e-01
7.502814630336718249e-02
4.410914958285600679e-02
9.120097966795283340e-03
-2.915238501603053395e-02
-6.984565396764612355e-02
-1.120410120803599918e-01
-1.547848680636574048e-01
-1.971106071428639084e-01
-2.380606888287078726e-01
-2.767084799386538285e-01
-3.121793379038582672e-01
-3.436704765696451669e-01
-3.704691741112171588e-01
-3.919689197359425004e-01
-4.076831417152740333e-01
-4.172562129777785955e-01
-4.204714908243640803e-01
-4.172562129777785955e-01
-4.076831417152740333e-01
-3.919689197359425004e-01
-3.704691741112174364e-01
-3.436704765696451669e-01
-3.121793379038584892e-01
-2.767084799386540506e-01
-2.380606888287080669e-01
-1.971106071428643525e-01
-1.547848680636575713e-01
-1.120410120803603804e-01
-6.984565396764645662e-02
-2.915238501603085314e-02
9.120097966795021396e-03
4.410914958285572923e-02
7.502814630336698820e-02
1.011848233403214725e-01
1.219975659120955125e-01
1.370092870574676214e-01
1.458985764402587482e-01
1.484878638579632537e-01
1.447484061375967079e-01
1.348019753611047200e-01
1.189191984072836272e-01
9.751457106181786461e-02
7.113824283855467445e-02
4.046473958708775298e-02
6.278858388988750074e-03
-3.054096830284907735e-02
-6.904148621395318763e-02
-1.082152088721401728e-01
