-7.843153476715087891e-01
-3.932577073574066162e-01
9.053397178649902344e-02
5.495879650115966797e-01
8.667042851448059082e-01
9.512335062026977539e-01
7.604427933692932129e-01
3.109452128410339355e-01
-3.227605223655700684e-01
-1.022762298583984375e+00
-1.652386307716369629e+00
-2.085819959640502930e+00
-2.236210823059082031e+00
-2.075906753540039062e+00
-1.644105434417724609e+00
-1.039883732795715332e+00
-4.018113315105438232e-01
1.216297149658203125e-01
4.044296741485595703e-01
3.711248040199279785e-01
1.425266265869140625e-02
-6.028571128845214844e-01
-1.358808040618896484e+00
-2.099793910980224609e+00
-2.672713279724121094e+00
-2.958521366119384766e+00
-2.898478269577026367e+00
-2.507464170455932617e+00
-1.871307373046875000e+00
-1.128585696220397949e+00
-4.408414065837860107e-01
4.240018129348754883e-02
2.160685062408447266e-01
4.240018129348754883e-02
-4.408414065837860107e-01
-1.128585696220397949e+00
-1.871307373046875000e+00
-2.507464170455932617e+00
-2.898478269577026367e+00
-2.958521366119384766e+00
-2.672713279724121094e+00
-2.099793910980224609e+00
-1.358808040618896484e+00
-6.028571128845214844e-01
1.425266265869140625e-02
3.711248040199279785e-01
4.044296741485595703e-01
1.216297149658203125e-01
-4.018113315105438232e-01
-1.039883732795715332e+00
-1.644105434417724609e+00
-2.075906753540039062e+00
-2.236210823059082031e+00
-2.085819959640502930e+00
-1.652386307716369629e+00
-1.022762298583984375e+00
-3.227605223655700684e-01
3.109452128410339355e-01
7.604427933692932129e-01
9.512335062026977539e-01
8.667042851448059082e-01
5.495879650115966797e-01
9.053397178649902344e-02
-3.932577073574066162e-01
-7.843153476715087891e-01
-9.901511669158935547e-01
-9.620192646980285645e-01
-7.033421993255615234e-01
-2.664175629615783691e-01
2.613317072391510010e-01
7.780439257621765137e-01
1.190137624740600586e+00
1.431947469711303711e+00
1.478110313415527344e+00
1.346361041069030762e+00
1.090691328048706055e+00
7.869857549667358398e-01
5.148306488990783691e-01
3.398378491401672363e-01
3.004374504089355469e-01
4.018110334873199463e-01
6.178168058395385742e-01
8.998376131057739258e-01
1.189951181411743164e+00
1.434972524642944336e+00
1.597985744476318359e+00
1.664832353591918945e+00
1.644445419311523438e+00
1.563527107238769531e+00
1.457438945770263672e+00
1.359991788864135742e+00
1.294899225234985352e+00
1.271018505096435547e+00
1.282339930534362793e+00
1.312325477600097656e+00
1.341007947921752930e+00
1.352562069892883301e+00
1.341007947921752930e+00
1.312325477600097656e+00
1.282339930534362793e+00
1.271018505096435547e+00
1.294899225234985352e+00
1.359991788864135742e+00
1.457438945770263672e+00
1.563527107238769531e+00
1.644445419311523438e+00
1.664832353591918945e+00
1.597985744476318359e+00
1.434972524642944336e+00
1.189951181411743164e+00
8.998376131057739258e-01
6.178168058395385742e-01
4.018110334873199463e-01
3.004374504089355469e-01
3.398378491401672363e-01
5.148306488990783691e-01
7.869857549667358398e-01
1.090691328048706055e+00
1.346361041069030762e+00
1.478110313415527344e+00
1.431947469711303711e+00
1.190137624740600586e+00
7.780439257621765137e-01
2.613317072391510010e-01
-2.664175629615783691e-01
-7.033421993255615234e-01
-9.620192646980285645e-01
-9.901511669158935547e-01
