0.000000000000000000e+00
7.117769039544068199e-02
1.419943179576267644e-01
2.120906514155366518e-01
2.811111133316549493e-01
3.487055838384569562e-01
4.145311766902954331e-01
4.782539786213182431e-01
5.395507431861812364e-01
5.981105304912160969e-01
6.536362844981936648e-01
7.058463398995021842e-01
7.544758509208144837e-01
7.992781348033676236e-01
8.400259231507715141e-01
8.765125147926478011e-01
9.085528243169687101e-01
9.359843209522112906e-01
9.586678530366606887e-01
9.764883538925823725e-01
9.893554255245747830e-01
9.972037971811801293e-01
9.999936564536083816e-01
9.977108512320100875e-01
9.903669614948380495e-01
9.779992405671281697e-01
9.606704261456819882e-01
9.384684220497605533e-01
9.115058523116733591e-01
8.799194898692239697e-01
8.438695627580836689e-01
8.035389413235680678e-01
7.591322105748440352e-01
7.108746323872359163e-01
6.590110028170587109e-01
6.038044103254788242e-01
5.455349012105501494e-01
4.844980590172928703e-01
4.210035051320257238e-01
3.553733281669910204e-01
2.879404501025211727e-01
2.190469374748192088e-01
1.490422661761773571e-01
7.828154866977973803e-02
7.123732611894467194e-03
-6.407021998070988600e-02
-1.349391637815852973e-01
-2.051236021353001759e-01
-2.742675106749273839e-01
-3.420201433256653267e-01
-4.080378115332863320e-01
-4.719856276919197069e-01
-5.335392039272975895e-01
-5.923862976180442885e-01
-6.482283953077851990e-01
-7.007822269733604559e-01
-7.497812029677313195e-01
-7.949767663483949809e-01
-8.361396537313598998e-01
-8.730610582747510007e-01
-9.055536888925822536e-01
-9.334527203256236527e-01
-9.566166292499476143e-01
-9.749279121818223981e-01
