-1.175350478162872636e-01
-1.180832254810551124e-01
-1.173135050450180572e-01
-1.150553105066070697e-01
-1.111577515936212346e-01
-1.054936145538536291e-01
-9.796296286851342849e-02
-8.849626465619457594e-02
-7.705697262466540409e-02
-6.364349317745800205e-02
-4.829049347010859472e-02
-3.106950858318048223e-02
-1.208882525576874395e-02
8.507366496452551524e-03
3.054054738488447274e-02
5.380014684225437743e-02
7.804648859336757449e-02
1.030143532750515678e-01
1.284170944366008482e-01
1.539512323646502201e-01
1.793014397992387376e-01
2.041458249655900836e-01
2.281614106271888653e-01
2.510297032179675258e-01
2.724422436390736557e-01
2.921060310670324234e-01
3.097487131261187354e-01
3.251234399918752072e-01
3.380132863315037928e-01
3.482351533218308037e-01
3.556430731457569938e-01
3.601308501438300058e-01
3.616339859447337268e-01
3.601308501438300058e-01
3.556430731457571048e-01
3.482351533218308037e-01
3.380132863315037928e-01
3.251234399918752072e-01
3.097487131261187354e-01
2.921060310670324234e-01
2.724422436390736557e-01
2.510297032179676369e-01
2.281614106271889764e-01
2.041458249655900836e-01
1.793014397992389319e-01
1.539512323646503311e-01
1.284170944366009315e-01
1.030143532750514845e-01
7.804648859336767164e-02
5.380014684225453009e-02
3.054054738488447274e-02
8.507366496452622648e-03
-1.208882525576874395e-02
-3.106950858318043365e-02
-4.829049347010850451e-02
-6.364349317745801593e-02
-7.705697262466537634e-02
-8.849626465619449267e-02
-9.796296286851342849e-02
-1.054936145538536013e-01
-1.111577515936212068e-01
-1.150553105066070558e-01
-1.173135050450180433e-01
-1.180832254810551263e-01
-1.175350478162872636e-01
-1.158549433898557746e-01
-1.132397846143907427e-01
-1.098927457286312526e-01
-1.060186984667851884e-01
-1.018197013969152215e-01
-9.749067841102557197e-02
-9.321537654076379742e-02
-8.916268605129826219e-02
-8.548339679955320458e-02
-8.230745433642103204e-02
-7.974176742339038337e-02
-7.786860578729480620e-02
-7.674461333933006724e-02
-7.640044803820553176e-02
-7.684104539315571303e-02
-7.804648859336763000e-02
-7.997345472415026690e-02
-8.255719378327976143e-02
-8.571398552177281194e-02
-8.934400875617522220e-02
-9.333454895901917292e-02
-9.756346282065932185e-02
-1.019028132409562915e-01
-1.062225849631099756e-01
-1.103943898700740084e-01
-1.142950718465796933e-01
-1.178101240411063705e-01
-1.208368362710973282e-01
-1.232870970865924121e-01
-1.250897834863482772e-01
-1.261926812729191327e-01
-1.265638903121591996e-01
-1.261926812729191327e-01
-1.250897834863482772e-01
-1.232870970865924121e-01
-1.208368362710973698e-01
-1.178101240411063705e-01
-1.142950718465797350e-01
-1.103943898700740500e-01
-1.062225849631100033e-01
-1.019028132409563470e-01
-9.756346282065934961e-02
-9.333454895901922843e-02
-8.934400875617523607e-02
-8.571398552177283969e-02
-8.255719378327978919e-02
-7.997345472415026690e-02
-7.804648859336764388e-02
-7.684104539315571303e-02
-7.640044803820553176e-02
-7.674461333933006724e-02
-7.786860578729479232e-02
-7.974176742339036950e-02
-8.230745433642100428e-02
-8.548339679955313519e-02
-8.916268605129820668e-02
-9.321537654076381130e-02
-9.749067841102554421e-02
-1.018197013969151937e-01
-1.060186984667851606e-01
-1.098927457286311971e-01
-1.132397846143907705e-01
-1.158549433898557329e-01
