-1.137677073478698730e+00
4.610872268676757812e-02
1.420834541320800781e+00
8.958568572998046875e-01
-1.533879995346069336e+00
-2.905597925186157227e+00
-1.657791137695312500e+00
-2.802026271820068359e-02
-5.527731776237487793e-02
-2.792192697525024414e-01
9.700653553009033203e-01
2.066856384277343750e+00
1.131062269210815430e+00
-1.659849882125854492e-01
4.688134789466857910e-01
1.593590021133422852e+00
6.431164145469665527e-01
-1.153491616249084473e+00
-8.957418203353881836e-01
5.565514564514160156e-01
3.140014410018920898e-02
-2.151196956634521484e+00
-2.754313707351684570e+00
-1.400160193443298340e+00
-7.369768619537353516e-01
-1.128179073333740234e+00
-5.024099349975585938e-01
4.644203782081604004e-01
-1.012960791587829590e+00
-3.190455675125122070e+00
-4.166695475578308105e-01
7.260913848876953125e+00
1.161359405517578125e+01
7.260913848876953125e+00
-4.166695475578308105e-01
-3.190455675125122070e+00
-1.012960791587829590e+00
4.644203782081604004e-01
-5.024099349975585938e-01
-1.128179073333740234e+00
-7.369768619537353516e-01
-1.400160193443298340e+00
-2.754313707351684570e+00
-2.151196956634521484e+00
3.140014410018920898e-02
5.565514564514160156e-01
-8.957418203353881836e-01
-1.153491616249084473e+00
6.431164145469665527e-01
1.593590021133422852e+00
4.688134789466857910e-01
-1.659849882125854492e-01
1.131062269210815430e+00
2.066856384277343750e+00
9.700653553009033203e-01
-2.792192697525024414e-01
-5.527731776237487793e-02
-2.802026271820068359e-02
-1.657791137695312500e+00
-2.905597925186157227e+00
-1.533879995346069336e+00
8.958568572998046875e-01
1.420834541320800781e+00
4.610872268676757812e-02
-1.137677073478698730e+00
-1.420224905014038086e+00
-1.326546192169189453e+00
-6.181396245956420898e-01
8.808715343475341797e-01
1.827749609947204590e+00
1.193013906478881836e+00
2.114861011505126953e-01
2.514360547065734863e-01
3.443223834037780762e-01
-7.355079650878906250e-01
-1.702476501464843750e+00
-8.886173963546752930e-01
5.202924013137817383e-01
4.847317636013031006e-01
-1.665846705436706543e-01
5.810496807098388672e-01
1.854258060455322266e+00
1.273789167404174805e+00
-5.486119985580444336e-01
-9.101492166519165039e-01
1.519332528114318848e-01
1.080448031425476074e-01
-1.188679933547973633e+00
-1.247648000717163086e+00
2.116688489913940430e-01
6.850764751434326172e-01
-1.714738905429840088e-01
2.428692579269409180e-01
2.057795047760009766e+00
1.684548616409301758e+00
-1.845311880111694336e+00
-4.090711593627929688e+00
-1.845311880111694336e+00
1.684548616409301758e+00
2.057795047760009766e+00
2.428692579269409180e-01
-1.714738905429840088e-01
6.850764751434326172e-01
2.116688489913940430e-01
-1.247648000717163086e+00
-1.188679933547973633e+00
1.080448031425476074e-01
1.519332528114318848e-01
-9.101492166519165039e-01
-5.486119985580444336e-01
1.273789167404174805e+00
1.854258060455322266e+00
5.810496807098388672e-01
-1.665846705436706543e-01
4.847317636013031006e-01
5.202924013137817383e-01
-8.886173963546752930e-01
-1.702476501464843750e+00
-7.355079650878906250e-01
3.443223834037780762e-01
2.514360547065734863e-01
2.114861011505126953e-01
1.193013906478881836e+00
1.827749609947204590e+00
8.808715343475341797e-01
-6.181396245956420898e-01
-1.326546192169189453e+00
-1.420224905014038086e+00
