3.963966306264771547e-03
4.492879649355708931e-03
1.946513362357141230e-03
-1.226087125200591240e-05
-3.024332548354916872e-06
2.734280974349826126e-08
4.676786182446477941e-09
-5.544818042172780149e-11
-7.196915785492575214e-12
1.063275971463741477e-13
1.101888961266172194e-14
-1.964558481443002951e-16
-1.678054495425019571e-17
3.534130034285449096e-19
2.540990046086745999e-20
-6.229965196819021013e-22
-3.824201275309580848e-23
1.080703673298797923e-24
5.717180527242946983e-26
-1.850174036103719570e-27
-8.484478410539538662e-29
3.132664414426859415e-30
1.248777592511727587e-31
-5.253931157701387404e-33
-1.820801478653002898e-34
8.738453335275412606e-36
2.626030882436643488e-37
-1.442640335984683522e-38
-3.738608792798020346e-40
2.365714627549678811e-41
5.239169609198851688e-43
-3.855579458568319025e-44
