1.110918244625501844e-01
2.722619446014500899e-01
4.000399735603040186e-01
4.886193562242371335e-01
5.371628946720682363e-01
5.495607680732943479e-01
5.336101100628219962e-01
4.997569126992176258e-01
4.595908155570723741e-01
4.243044160724375735e-01
4.033197198409493867e-01
4.032481961495343881e-01
4.272942854485602959e-01
4.751443564555749566e-01
5.433143540757711110e-01
6.258695560514092593e-01
7.153868985238081013e-01
8.040091894943079964e-01
8.844426024937123154e-01
9.507719713399506167e-01
9.990074139950925192e-01
1.027323482627680029e+00
1.036000356075105655e+00
1.027118057949952368e+00
1.004083464045734786e+00
9.710826210160691252e-01
9.325471840494720110e-01
8.927059242555678287e-01
8.552648075833705343e-01
8.232279732042838694e-01
7.988431348485721673e-01
7.836337318954568198e-01
7.784700544142822976e-01
7.836337318954568198e-01
7.988431348485716121e-01
8.232279732042838694e-01
8.552648075833705343e-01
8.927059242555678287e-01
9.325471840494720110e-01
9.710826210160691252e-01
1.004083464045734786e+00
1.027118057949952146e+00
1.036000356075105877e+00
1.027323482627680029e+00
9.990074139950929633e-01
9.507719713399507278e-01
8.844426024937125375e-01
8.040091894943077744e-01
7.153868985238084344e-01
6.258695560514100364e-01
5.433143540757711110e-01
4.751443564555750676e-01
4.272942854485602959e-01
4.032481961495346101e-01
4.033197198409493867e-01
4.243044160724377956e-01
4.595908155570722631e-01
4.997569126992174038e-01
5.336101100628218852e-01
5.495607680732942368e-01
5.371628946720684583e-01
4.886193562242371891e-01
4.000399735603044626e-01
2.722619446014499234e-01
1.110918244625506285e-01
-7.309892581116400612e-02
-2.664064370571072593e-01
-4.529484560388811754e-01
-6.167560886344068960e-01
-7.437645741840384073e-01
-8.236406912574508743e-01
-8.511964368129771863e-01
-8.271860087752239687e-01
-7.583603552185438357e-01
-6.567506784531834674e-01
-5.382562060964732886e-01
-4.207078354500398687e-01
-3.216542040862770957e-01
-2.561593210640608076e-01
-2.349044365789456079e-01
-2.628500538884132043e-01
-3.386413014604665039e-01
-4.548408513474249126e-01
-5.989616410010617509e-01
-7.551623057261177552e-01
-9.063767831945203080e-01
-1.036588999664372901e+00
-1.132942664988155546e+00
-1.187398253950251670e+00
-1.197711466044343975e+00
-1.167601370432152841e+00
-1.106089054162197494e+00
-1.026103171888529397e+00
-9.425511095666744277e-01
-8.701290857309532667e-01
-8.211808428657014769e-01
-8.039074263648352536e-01
-8.211808428657014769e-01
-8.701290857309532667e-01
-9.425511095666744277e-01
-1.026103171888528731e+00
-1.106089054162197494e+00
-1.167601370432152397e+00
-1.197711466044343975e+00
-1.187398253950251892e+00
-1.132942664988156656e+00
-1.036588999664373123e+00
-9.063767831945215292e-01
-7.551623057261188654e-01
-5.989616410010630831e-01
-4.548408513474258563e-01
-3.386413014604674476e-01
-2.628500538884135374e-01
-2.349044365789456079e-01
-2.561593210640601970e-01
-3.216542040862770957e-01
-4.207078354500390915e-01
-5.382562060964722894e-01
-6.567506784531828012e-01
-7.583603552185422814e-01
-8.271860087752233026e-01
-8.511964368129772973e-01
-8.236406912574513184e-01
-7.437645741840392954e-01
-6.167560886344080062e-01
-4.529484560388841174e-01
-2.664064370571069262e-01
-7.309892581116543553e-02
