5.593625151469588247e-02
-6.314587733745195830e-02
-1.799042099115380211e-01
-2.915336921872627718e-01
-3.953480288720934710e-01
-4.888383679423271566e-01
-5.697280794194091724e-01
-6.360224430003256213e-01
-6.860521699395023543e-01
-7.185098185989007291e-01
-7.324783174366292782e-01
-7.274509805462548995e-01
-7.033425854755112061e-01
-6.604912769437104592e-01
-5.996512590409934784e-01
-5.219764382192898511e-01
-4.289953755482382447e-01
-3.225780950606413344e-01
-2.048954714722794612e-01
-7.837208130898798419e-02
5.436645697057559262e-02
1.905505089694978504e-01
3.273265771179904027e-01
4.618192732862786976e-01
5.911937650890127793e-01
7.127173396838919484e-01
8.238187482319173638e-01
9.221440425353985004e-01
1.005607691652299351e+00
1.072437868846601416e+00
1.121214925849674859e+00
1.150902219331664700e+00
1.160868620507639282e+00
1.150902219331664700e+00
1.121214925849675748e+00
1.072437868846601416e+00
1.005607691652299351e+00
9.221440425353985004e-01
8.238187482319173638e-01
7.127173396838919484e-01
5.911937650890127793e-01
4.618192732862794747e-01
3.273265771179910133e-01
1.905505089694978504e-01
5.436645697057663346e-02
-7.837208130898740133e-02
-2.048954714722789616e-01
-3.225780950606417785e-01
-4.289953755482379116e-01
-5.219764382192894070e-01
-5.996512590409934784e-01
-6.604912769437102371e-01
-7.033425854755112061e-01
-7.274509805462548995e-01
-7.324783174366291671e-01
-7.185098185989008401e-01
-6.860521699395024653e-01
-6.360224430003258433e-01
-5.697280794194092834e-01
-4.888383679423274897e-01
-3.953480288720941926e-01
-2.915336921872628828e-01
-1.799042099115385207e-01
-6.314587733745184728e-02
5.593625151469558410e-02
1.744796836868910406e-01
2.896271141646312164e-01
3.985890027954110959e-01
4.987047446717556842e-01
5.875011072598234074e-01
6.627466661405725379e-01
7.225010572858998614e-01
7.651579754598978322e-01
7.894809832033239383e-01
7.946313500131545471e-01
7.801873134148668010e-01
7.461543389220729461e-01
6.929661503792464705e-01
6.214765016817482834e-01
5.329418610477407725e-01
4.289953755482382447e-01
3.116126722321911902e-01
1.830702288315265436e-01
4.589720787345107078e-02
-9.717821041713711749e-02
-2.432868418381090303e-01
-3.894796096945157271e-01
-5.327904378907004634e-01
-6.702995706094067030e-01
-7.991959539694662995e-01
-9.168373349530803962e-01
-1.020806781852894973e+00
-1.108964407451960454e+00
-1.179493179454749185e+00
-1.230937830102768915e+00
-1.262236025681104490e+00
-1.272741123537030949e+00
-1.262236025681104490e+00
-1.230937830102768915e+00
-1.179493179454749185e+00
-1.108964407451961343e+00
-1.020806781852894973e+00
-9.168373349530810623e-01
-7.991959539694669656e-01
-6.702995706094073691e-01
-5.327904378907019067e-01
-3.894796096945163932e-01
-2.432868418381103348e-01
-9.717821041713825547e-02
4.589720787344994668e-02
1.830702288315255721e-01
3.116126722321902465e-01
4.289953755482375231e-01
5.329418610477401064e-01
6.214765016817468402e-01
6.929661503792464705e-01
7.461543389220727240e-01
7.801873134148665789e-01
7.946313500131545471e-01
7.894809832033241603e-01
7.651579754598982763e-01
7.225010572858997504e-01
6.627466661405730930e-01
5.875011072598239625e-01
4.987047446717564059e-01
3.985890027954128723e-01
2.896271141646310499e-01
1.744796836868919010e-01
