0.000000000000000000e+00
-3.016678280737763451e-01
-6.616519797504141209e-01
-1.031476953956693698e+00
-1.358285428338956713e+00
-1.593428106325484261e+00
-1.700814637167474386e+00
-1.663665527850217041e+00
-1.488497106982733076e+00
-1.205554159273162673e+00
-8.654252301064740971e-01
-5.321584338773065470e-01
-2.737536726567902368e-01
-1.513544027890818544e-01
-2.087266257288562243e-01
-4.636482375807933209e-01
-9.026249576646462325e-01
-1.479922394359634019e+00
-2.121313430115498111e+00
-2.732267907788947792e+00
-3.209653770321824862e+00
-3.455471937608767696e+00
-3.390794069897679730e+00
-2.967969484014048920e+00
-2.179336340857735976e+00
-1.061095479934149655e+00
3.083713613475770887e-01
1.815717744816847778e+00
3.324608412141346836e+00
4.691018113602916983e+00
5.779940247517275864e+00
6.481370308523247914e+00
6.723495543134214714e+00
6.481370308523247914e+00
5.779940247517297180e+00
4.691018113602916983e+00
3.324608412141346836e+00
1.815717744816847778e+00
3.083713613475770887e-01
-1.061095479934149655e+00
-2.179336340857735976e+00
-2.967969484014045367e+00
-3.390794069897677954e+00
-3.455471937608767696e+00
-3.209653770321828858e+00
-2.732267907788950012e+00
-2.121313430115499443e+00
-1.479922394359632021e+00
-9.026249576646484529e-01
-4.636482375807957634e-01
-2.087266257288562243e-01
-1.513544027890819654e-01
-2.737536726567902368e-01
-5.321584338773056588e-01
-8.654252301064719877e-01
-1.205554159273163117e+00
-1.488497106982732410e+00
-1.663665527850216375e+00
-1.700814637167474830e+00
-1.593428106325484928e+00
-1.358285428338959155e+00
-1.031476953956694143e+00
-6.616519797504158973e-01
-3.016678280737762341e-01
-5.551115123125782702e-16
2.067473290939985109e-01
2.991148217345312998e-01
2.771158035002553310e-01
1.593730609592987901e-01
-2.067510172132160096e-02
-2.207906410482737558e-01
-3.971403262135786427e-01
-5.115028930172664801e-01
-5.373295894122485095e-01
-4.637251022295441616e-01
-2.967729171996802418e-01
-5.806768942391254268e-02
2.192335951307193276e-01
4.961409450863240589e-01
7.343718156467106128e-01
9.026249576646470096e-01
9.815758247259427360e-01
9.668081054590711432e-01
8.692439956974892246e-01
7.130480076563364689e-01
5.313886271469854261e-01
3.607835480271486817e-01
2.349738145898011554e-01
1.793363408577356433e-01
2.067444920173145961e-01
3.155405215823467446e-01
4.899326658480044339e-01
7.027310799844974643e-01
9.199552155240678930e-01
1.106542165289930990e+00
1.232209442114603259e+00
1.276504456865784842e+00
1.232209442114603259e+00
1.106542165289930990e+00
9.199552155240678930e-01
7.027310799845001288e-01
4.899326658480044339e-01
3.155405215823476328e-01
2.067444920173148182e-01
1.793363408577356433e-01
2.349738145898000452e-01
3.607835480271481265e-01
5.313886271469838718e-01
7.130480076563349146e-01
8.692439956974882254e-01
9.668081054590706991e-01
9.815758247259429581e-01
9.026249576646477868e-01
7.343718156467119451e-01
4.961409450863286108e-01
2.192335951307193276e-01
-5.806768942391114796e-02
-2.967729171996785764e-01
-4.637251022295433844e-01
-5.373295894122479543e-01
-5.115028930172675903e-01
-3.971403262135784207e-01
-2.207906410482753656e-01
-2.067510172132304425e-02
1.593730609592976799e-01
2.771158035002541098e-01
2.991148217345314109e-01
2.067473290939996211e-01
