0.000000000000000000e+00
-1.556133496739420252e-02
-3.197788780548305176e-02
-4.920043574818500076e-02
-6.717146863113343525e-02
-8.582548171560577810e-02
-1.050893473987316584e-01
-1.248827628544920687e-01
-1.451187699126897934e-01
-1.657043427798419177e-01
-1.865410385435347651e-01
-2.075257047867039573e-01
-2.285512380763560225e-01
-2.495073865880504949e-01
-2.702815896877058810e-01
-2.907598469204157876e-01
-3.108276085554672052e-01
-3.303706796106288257e-01
-3.492761291292330039e-01
-3.674331964121112515e-01
-3.847341859137752840e-01
-4.010753425983518694e-01
-4.163576997149450731e-01
-4.304878911927111362e-01
-4.433789211708308864e-01
-4.549508835646726146e-01
-4.651316250232294669e-01
-4.738573451499353828e-01
-4.810731284344492709e-01
-4.867334029713591415e-01
-4.908023217170934815e-01
-4.932540627521423415e-01
-4.940730457652316998e-01
-4.932540627521423415e-01
-4.908023217170937036e-01
-4.867334029713591415e-01
-4.810731284344492709e-01
-4.738573451499353828e-01
-4.651316250232294669e-01
-4.549508835646726146e-01
-4.433789211708308864e-01
-4.304878911927113583e-01
-4.163576997149452952e-01
-4.010753425983518694e-01
-3.847341859137759501e-01
-3.674331964121114735e-01
-3.492761291292332260e-01
-3.303706796106288257e-01
-3.108276085554670942e-01
-2.907598469204154545e-01
-2.702815896877058810e-01
-2.495073865880503838e-01
-2.285512380763560225e-01
-2.075257047867038462e-01
-1.865410385435349871e-01
-1.657043427798421398e-01
-1.451187699126900155e-01
-1.248827628544918467e-01
-1.050893473987316584e-01
-8.582548171560577810e-02
-6.717146863113387933e-02
-4.920043574818500076e-02
-3.197788780548294074e-02
-1.556133496739420252e-02
-1.110223024625156540e-16
1.466539347534578930e-02
2.840275024363014822e-02
4.118864966152158136e-02
5.300830891526542299e-02
6.385546435687106115e-02
7.373217269023213394e-02
8.264853454614928818e-02
9.062234372659561110e-02
9.767866610684805551e-02
1.038493528525247234e-01
1.091724932306580298e-01
1.136918128637980363e-01
1.174560237882302793e-01
1.205181331269067346e-01
1.229347175702553141e-01
1.247651711700396016e-01
1.260709341899334257e-01
1.269147109191761658e-01
1.273596844410762596e-01
1.274687363554777297e-01
1.273036793835423675e-01
1.269245106350999075e-01
1.263886930948496801e-01
1.257504725860696393e-01
1.250602371021591885e-01
1.243639249608733399e-01
1.237024877378146703e-01
1.231114133794619647e-01
1.226203142871673535e-01
1.222525845080902895e-01
1.220251294733351033e-01
1.219481709943761594e-01
1.220251294733351033e-01
1.222525845080902895e-01
1.226203142871673535e-01
1.231114133794617427e-01
1.237024877378146703e-01
1.243639249608736730e-01
1.250602371021590775e-01
1.257504725860697503e-01
1.263886930948496801e-01
1.269245106351001295e-01
1.273036793835424785e-01
1.274687363554775077e-01
1.273596844410761486e-01
1.269147109191764988e-01
1.260709341899336478e-01
1.247651711700396016e-01
1.229347175702556472e-01
1.205181331269067346e-01
1.174560237882302793e-01
1.136918128637983694e-01
1.091724932306581408e-01
1.038493528525242793e-01
9.767866610684827755e-02
9.062234372659550008e-02
8.264853454614928818e-02
7.373217269023213394e-02
6.385546435687139422e-02
5.300830891526520094e-02
4.118864966152158136e-02
2.840275024363014822e-02
1.466539347534601134e-02
