6.987870577114457804e-01
5.929289345134686195e-01
4.642430714326667429e-01
3.163551314292868399e-01
1.536896562116810971e-01
-1.866507479171549896e-02
-1.951199697004592504e-01
-3.697702927599456069e-01
-5.365966140894762315e-01
-6.896743914508132178e-01
-8.233846102343153062e-01
-9.326177639067382286e-01
-1.012963601691349469e+00
-1.060879500125236907e+00
-1.073831016385119907e+00
-1.050399129554439259e+00
-9.903498375009266441e-01
-8.946631096849808618e-01
-7.655196512851861756e-01
-6.062454579082767747e-01
-4.212156763963753048e-01
-2.157207786771061786e-01
4.200553524903523524e-03
2.319561971920595100e-01
4.606163351646152537e-01
6.831427075801151938e-01
8.926233629113781154e-01
1.082504663670934786e+00
1.246812361562180449e+00
1.380353915228588857e+00
1.478894868354049263e+00
1.539303013587673075e+00
1.559655205661464095e+00
1.539303013587673075e+00
1.478894868354051262e+00
1.380353915228588857e+00
1.246812361562180449e+00
1.082504663670934786e+00
8.926233629113781154e-01
6.831427075801151938e-01
4.606163351646152537e-01
2.319561971920608423e-01
4.200553524904475887e-03
-2.157207786771061786e-01
-4.212156763963738060e-01
-6.062454579082758865e-01
-7.655196512851855095e-01
-8.946631096849814169e-01
-9.903498375009263111e-01
-1.050399129554438815e+00
-1.073831016385119907e+00
-1.060879500125236685e+00
-1.012963601691349469e+00
-9.326177639067383396e-01
-8.233846102343158613e-01
-6.896743914508131068e-01
-5.365966140894766756e-01
-3.697702927599465506e-01
-1.951199697004594724e-01
-1.866507479171621020e-02
1.536896562116799037e-01
3.163551314292866734e-01
4.642430714326661323e-01
5.929289345134687306e-01
6.987870577114455584e-01
7.790935912279807196e-01
8.320940756537035243e-01
8.570338868618071482e-01
8.541511992301468181e-01
8.246335392731601877e-01
7.705403645619650632e-01
6.946953553905695911e-01
6.005532020074498822e-01
4.920465677522591896e-01
3.734195754023367231e-01
2.490545768543180605e-01
1.232991113428708180e-01
2.998315941945422255e-04
-1.161502119805478128e-01
-2.227451741429980203e-01
-3.167760038852597271e-01
-3.962121563501000976e-01
-4.597527428957292606e-01
-5.068457066967027025e-01
-5.376749258718330760e-01
-5.531164508402069968e-01
-5.546663257224691002e-01
-5.443435761167721987e-01
-5.245729230825890710e-01
-4.980525675874715175e-01
-4.676129507433394172e-01
-4.360727115826456002e-01
-4.060981243873209579e-01
-3.800721003836610712e-01
-3.599783928938362632e-01
-3.473059695966037586e-01
-3.429776383119828020e-01
-3.473059695966037586e-01
-3.599783928938362632e-01
-3.800721003836610712e-01
-4.060981243873206803e-01
-4.360727115826456002e-01
-4.676129507433391952e-01
-4.980525675874712954e-01
-5.245729230825889600e-01
-5.443435761167719766e-01
-5.546663257224691002e-01
-5.531164508402071078e-01
-5.376749258718332980e-01
-5.068457066967029245e-01
-4.597527428957297047e-01
-3.962121563501005417e-01
-3.167760038852602822e-01
-2.227451741429986032e-01
-1.161502119805497280e-01
2.998315941945422255e-04
1.232991113428701241e-01
2.490545768543171445e-01
3.734195754023359459e-01
4.920465677522572467e-01
6.005532020074482169e-01
6.946953553905699241e-01
7.705403645619646191e-01
8.246335392731599656e-01
8.541511992301465961e-01
8.570338868618073702e-01
8.320940756537035243e-01
7.790935912279811637e-01
