-1.416557180177158703e-01
-3.097852258718142293e-03
1.703389103384577441e-01
3.495639317898786569e-01
5.032127812746233220e-01
6.019020495388311964e-01
6.223430254112464199e-01
5.507521165240345518e-01
3.850788493048962202e-01
1.357238195567381234e-01
-1.753807893010601027e-01
-5.172337956783810142e-01
-8.534640587601058925e-01
-1.146786394108846308e+00
-1.363626210382161030e+00
-1.478296576325356826e+00
-1.476168612756489029e+00
-1.355411393939948583e+00
-1.127072522739467786e+00
-8.134981289405829319e-01
-4.453192818356104810e-01
-5.742844528840192198e-02
3.154933022293990308e-01
6.432795762141451101e-01
9.038232744746576008e-01
1.085385932589598035e+00
1.187375235652300853e+00
1.219515357138955869e+00
1.199565687155323301e+00
1.149950829236918715e+00
1.093818679344826128e+00
1.051121835943489069e+00
1.035309310613742095e+00
1.051121835943489069e+00
1.093818679344825018e+00
1.149950829236918715e+00
1.199565687155323301e+00
1.219515357138955869e+00
1.187375235652300853e+00
1.085385932589598035e+00
9.038232744746576008e-01
6.432795762141467755e-01
3.154933022294004741e-01
-5.742844528840192198e-02
-4.453192818356075944e-01
-8.134981289405814886e-01
-1.127072522739466898e+00
-1.355411393939949249e+00
-1.476168612756489029e+00
-1.478296576325357270e+00
-1.363626210382161030e+00
-1.146786394108846974e+00
-8.534640587601058925e-01
-5.172337956783819024e-01
-1.753807893010618513e-01
1.357238195567384842e-01
3.850788493048956651e-01
5.507521165240338856e-01
6.223430254112464199e-01
6.019020495388314185e-01
5.032127812746243212e-01
3.495639317898789344e-01
1.703389103384586600e-01
-3.097852258718342220e-03
-1.416557180177156761e-01
-2.223471491557117707e-01
-2.311974069476742943e-01
-1.648780620734956182e-01
-3.088939392123473543e-02
1.536838501622195263e-01
3.646297884355889085e-01
5.739131984653380592e-01
7.533617649427377660e-01
8.782402791293795197e-01
9.302559921645562335e-01
8.996358987000986351e-01
7.860577635890032555e-01
5.983794175390636516e-01
3.532714554952693375e-01
7.299473289088687089e-02
-2.173415661750487393e-01
-4.926635183602442458e-01
-7.305926088827390252e-01
-9.135788541346904212e-01
-1.030301068883106463e+00
-1.076245341205668282e+00
-1.053490091098087333e+00
-9.698264532266124283e-01
-8.374127405796695234e-01
-6.711938382692317351e-01
-4.873096291498522081e-01
-3.016764276471756157e-01
-1.288624286188924661e-01
1.869411497127343447e-02
1.311428694293999830e-01
2.014252902222158359e-01
2.253201869995171691e-01
2.014252902222158359e-01
1.311428694293999830e-01
1.869411497127343447e-02
-1.288624286188904955e-01
-3.016764276471756157e-01
-4.873096291498509869e-01
-6.711938382692307359e-01
-8.374127405796688572e-01
-9.698264532266114291e-01
-1.053490091098086889e+00
-1.076245341205668282e+00
-1.030301068883107352e+00
-9.135788541346915315e-01
-7.305926088827406906e-01
-4.926635183602458556e-01
-2.173415661750505712e-01
7.299473289088503902e-02
3.532714554952646746e-01
5.983794175390636516e-01
7.860577635890024784e-01
8.996358987000980800e-01
9.302559921645562335e-01
8.782402791293808519e-01
7.533617649427403196e-01
5.739131984653378371e-01
3.646297884355907404e-01
1.536838501622208308e-01
-3.088939392123352806e-02
-1.648780620734938696e-01
-2.311974069476743221e-01
-2.223471491557121038e-01
