0.000000000000000000e+00
-4.146730154752731323e-02
-8.283468335866928101e-02
-1.240024715662002563e-01
-1.648714989423751831e-01
-2.053432613611221313e-01
-2.453202754259109497e-01
-2.847062647342681885e-01
-3.234063088893890381e-01
-3.613272309303283691e-01
-3.983776867389678955e-01
-4.344684183597564697e-01
-4.695125222206115723e-01
-5.034255981445312500e-01
-5.361258983612060547e-01
-5.675346851348876953e-01
-5.975762605667114258e-01
-6.261783242225646973e-01
-6.532717943191528320e-01
-6.787915229797363281e-01
-7.026760578155517578e-01
-7.248676419258117676e-01
-7.453129887580871582e-01
-7.639626860618591309e-01
-7.807719111442565918e-01
-7.957001328468322754e-01
-8.087114095687866211e-01
-8.197743892669677734e-01
-8.288624286651611328e-01
-8.359537720680236816e-01
-8.410311937332153320e-01
-8.440824747085571289e-01
-8.451004624366760254e-01
-8.440824747085571289e-01
-8.410311937332153320e-01
-8.359537720680236816e-01
-8.288624286651611328e-01
-8.197743892669677734e-01
-8.087114095687866211e-01
-7.957001328468322754e-01
-7.807719111442565918e-01
-7.639626860618591309e-01
-7.453129887580871582e-01
-7.248676419258117676e-01
-7.026760578155517578e-01
-6.787915229797363281e-01
-6.532717943191528320e-01
-6.261783242225646973e-01
-5.975762605667114258e-01
-5.675346851348876953e-01
-5.361258983612060547e-01
-5.034255981445312500e-01
-4.695125222206115723e-01
-4.344684183597564697e-01
-3.983776867389678955e-01
-3.613272309303283691e-01
-3.234063088893890381e-01
-2.847062647342681885e-01
-2.453202754259109497e-01
-2.053432613611221313e-01
-1.648714989423751831e-01
-1.240024715662002563e-01
-8.283468335866928101e-02
-4.146730154752731323e-02
-1.034954353443159327e-16
4.146730154752731323e-02
8.283468335866928101e-02
1.240024715662002563e-01
1.648714989423751831e-01
2.053432613611221313e-01
2.453202754259109497e-01
2.847062647342681885e-01
3.234063088893890381e-01
3.613272309303283691e-01
3.983776867389678955e-01
4.344684183597564697e-01
4.695125222206115723e-01
5.034255981445312500e-01
5.361258983612060547e-01
5.675346851348876953e-01
5.975762605667114258e-01
6.261783242225646973e-01
6.532717943191528320e-01
6.787915229797363281e-01
7.026760578155517578e-01
7.248676419258117676e-01
7.453129887580871582e-01
7.639626860618591309e-01
7.807719111442565918e-01
7.957001328468322754e-01
8.087114095687866211e-01
8.197743892669677734e-01
8.288624286651611328e-01
8.359537720680236816e-01
8.410311937332153320e-01
8.440824747085571289e-01
8.451004624366760254e-01
8.440824747085571289e-01
8.410311937332153320e-01
8.359537720680236816e-01
8.288624286651611328e-01
8.197743892669677734e-01
8.087114095687866211e-01
7.957001328468322754e-01
7.807719111442565918e-01
7.639626860618591309e-01
7.453129887580871582e-01
7.248676419258117676e-01
7.026760578155517578e-01
6.787915229797363281e-01
6.532717943191528320e-01
6.261783242225646973e-01
5.975762605667114258e-01
5.675346851348876953e-01
5.361258983612060547e-01
5.034255981445312500e-01
4.695125222206115723e-01
4.344684183597564697e-01
3.983776867389678955e-01
3.613272309303283691e-01
3.234063088893890381e-01
2.847062647342681885e-01
2.453202754259109497e-01
2.053432613611221313e-01
1.648714989423751831e-01
1.240024715662002563e-01
8.283468335866928101e-02
4.146730154752731323e-02
