-2.864418033874255864e-01
-3.830002916224622411e-01
-5.007125020077932698e-01
-6.235389264500432738e-01
-7.322150326679699450e-01
-8.075054021430080331e-01
-8.336413337211716623e-01
-8.013715918009025607e-01
-7.100989836098858810e-01
-5.687043604521297979e-01
-3.948560956602394922e-01
-2.128378177548378714e-01
-5.016433595385140498e-02
6.654166776783350390e-02
1.158038816748665489e-01
8.502319975811037378e-02
-2.691607194911715961e-02
-2.086190512888392024e-01
-4.369659386531736245e-01
-6.796813018361028691e-01
-8.993909940741854347e-01
-1.058639970905465688e+00
-1.125184833293934261e+00
-1.076812055980743033e+00
-9.049779225186043163e-01
-6.167147497372621467e-01
-2.344802677974767158e-01
2.060893541101213866e-01
6.602677287974291209e-01
1.079649449327763966e+00
1.418172619182327621e+00
1.637946033037309679e+00
1.714092156056020722e+00
1.637946033037309679e+00
1.418172619182334282e+00
1.079649449327763966e+00
6.602677287974291209e-01
2.060893541101213866e-01
-2.344802677974767158e-01
-6.167147497372621467e-01
-9.049779225186043163e-01
-1.076812055980742366e+00
-1.125184833293934039e+00
-1.058639970905465688e+00
-8.993909940741873221e-01
-6.796813018361037573e-01
-4.369659386531741796e-01
-2.086190512888386195e-01
-2.691607194911765921e-02
8.502319975810994357e-02
1.158038816748665489e-01
6.654166776783376758e-02
-5.016433595385140498e-02
-2.128378177548373718e-01
-3.948560956602385486e-01
-5.687043604521300200e-01
-7.100989836098856589e-01
-8.013715918009021166e-01
-8.336413337211716623e-01
-8.075054021430082551e-01
-7.322150326679706112e-01
-6.235389264500433848e-01
-5.007125020077938249e-01
-3.830002916224621856e-01
-2.864418033874256975e-01
-2.213034801686180331e-01
-1.906303149896554361e-01
-1.901020152986549472e-01
-2.091810777789749887e-01
-2.333285499680469444e-01
-2.468910540256047947e-01
-2.361567149281236233e-01
-1.920541703933647537e-01
-1.120309193437752510e-01
-7.844538564501963044e-04
1.302903199697821590e-01
2.648614344148844668e-01
3.843512028733710451e-01
4.711246041161105680e-01
5.116524770630127561e-01
4.991222748896061989e-01
4.350486719801762714e-01
3.295884386824173284e-01
2.004652675028927300e-01
7.062940582445904891e-02
-3.502019322361273751e-02
-9.336883052511442405e-02
-8.670988824254087513e-02
-5.699658990008071857e-03
1.488258555918963999e-01
3.654770564323249205e-01
6.234716835898463927e-01
8.951928714382042518e-01
1.149795232438158843e+00
1.357349024442565666e+00
1.492926866134894226e+00
1.540040515861575310e+00
1.492926866134894226e+00
1.357349024442565666e+00
1.149795232438158843e+00
8.951928714382073604e-01
6.234716835898463927e-01
3.654770564323262527e-01
1.488258555918973713e-01
-5.699658990007461234e-03
-8.670988824254062532e-02
-9.336883052511441017e-02
-3.502019322361333425e-02
7.062940582445792481e-02
2.004652675028916753e-01
3.295884386824164403e-01
4.350486719801756608e-01
4.991222748896059769e-01
5.116524770630127561e-01
4.711246041161117337e-01
3.843512028733710451e-01
2.648614344148852440e-01
1.302903199697832692e-01
-7.844538564493409773e-04
-1.120309193437735440e-01
-1.920541703933638100e-01
-2.361567149281235956e-01
-2.468910540256047947e-01
-2.333285499680470831e-01
-2.091810777789751552e-01
-1.901020152986551137e-01
-1.906303149896554638e-01
-2.213034801686176445e-01
