-1.088881615928778167e-17
9.823016077280044556e-02
1.955168247222900391e-01
2.909608483314514160e-01
3.837488293647766113e-01
4.731900095939636230e-01
5.587453246116638184e-01
6.400481462478637695e-01
7.169141173362731934e-01
7.893409729003906250e-01
8.574975132942199707e-01
9.217020869255065918e-01
9.823933839797973633e-01
1.040093421936035156e+00
1.095366358757019043e+00
1.148775458335876465e+00
1.200839281082153320e+00
1.251993179321289062e+00
1.302553057670593262e+00
1.352690696716308594e+00
1.402414083480834961e+00
1.451561331748962402e+00
1.499803304672241211e+00
1.546657443046569824e+00
1.591511487960815430e+00
1.633655309677124023e+00
1.672318935394287109e+00
1.706714034080505371e+00
1.736079216003417969e+00
1.759722232818603516e+00
1.777058243751525879e+00
1.787644505500793457e+00
1.791204452514648438e+00
1.787644505500793457e+00
1.777058243751525879e+00
1.759722232818603516e+00
1.736079216003417969e+00
1.706714034080505371e+00
1.672318935394287109e+00
1.633655309677124023e+00
1.591511487960815430e+00
1.546657443046569824e+00
1.499803304672241211e+00
1.451561331748962402e+00
1.402414083480834961e+00
1.352690696716308594e+00
1.302553057670593262e+00
1.251993179321289062e+00
1.200839281082153320e+00
1.148775458335876465e+00
1.095366358757019043e+00
1.040093421936035156e+00
9.823933839797973633e-01
9.217020869255065918e-01
8.574975132942199707e-01
7.893409729003906250e-01
7.169141173362731934e-01
6.400481462478637695e-01
5.587453246116638184e-01
4.731900095939636230e-01
3.837488293647766113e-01
2.909608483314514160e-01
1.955168247222900391e-01
9.823016077280044556e-02
2.345747897835437747e-16
-9.823016077280044556e-02
-1.955168247222900391e-01
-2.909608483314514160e-01
-3.837488293647766113e-01
-4.731900095939636230e-01
-5.587453246116638184e-01
-6.400481462478637695e-01
-7.169141173362731934e-01
-7.893409729003906250e-01
-8.574975132942199707e-01
-9.217020869255065918e-01
-9.823933839797973633e-01
-1.040093421936035156e+00
-1.095366358757019043e+00
-1.148775458335876465e+00
-1.200839281082153320e+00
-1.251993179321289062e+00
-1.302553057670593262e+00
-1.352690696716308594e+00
-1.402414083480834961e+00
-1.451561331748962402e+00
-1.499803304672241211e+00
-1.546657443046569824e+00
-1.591511487960815430e+00
-1.633655309677124023e+00
-1.672318935394287109e+00
-1.706714034080505371e+00
-1.736079216003417969e+00
-1.759722232818603516e+00
-1.777058243751525879e+00
-1.787644505500793457e+00
-1.791204452514648438e+00
-1.787644505500793457e+00
-1.777058243751525879e+00
-1.759722232818603516e+00
-1.736079216003417969e+00
-1.706714034080505371e+00
-1.672318935394287109e+00
-1.633655309677124023e+00
-1.591511487960815430e+00
-1.546657443046569824e+00
-1.499803304672241211e+00
-1.451561331748962402e+00
-1.402414083480834961e+00
-1.352690696716308594e+00
-1.302553057670593262e+00
-1.251993179321289062e+00
-1.200839281082153320e+00
-1.148775458335876465e+00
-1.095366358757019043e+00
-1.040093421936035156e+00
-9.823933839797973633e-01
-9.217020869255065918e-01
-8.574975132942199707e-01
-7.893409729003906250e-01
-7.169141173362731934e-01
-6.400481462478637695e-01
-5.587453246116638184e-01
-4.731900095939636230e-01
-3.837488293647766113e-01
-2.909608483314514160e-01
-1.955168247222900391e-01
-9.823016077280044556e-02
