-1.000001127357923680e+00
-1.034647352480414506e+00
-1.058576204834175583e+00
-1.070818372267127172e+00
-1.070545365223261713e+00
-1.057090877696493347e+00
-1.029969699063708832e+00
-9.888937289711743350e-01
-9.337847002579338085e-01
-8.647832767143786015e-01
-7.822542620467839436e-01
-6.867877323291746716e-01
-5.791959849089690637e-01
-4.605062805189175656e-01
-3.319494404866630832e-01
-1.949444456391375702e-01
-5.107926598699857185e-02
9.791177120179761495e-02
2.501736944402787044e-01
4.037592359754763605e-01
5.566593113649094260e-01
7.068350801311006348e-01
8.522510005677694789e-01
9.909082670714068897e-01
1.120878005917912201e+00
1.240333605505165915e+00
1.347581569785414990e+00
1.441090308698951050e+00
1.519516316415271184e+00
1.581727236362287181e+00
1.626821370415399759e+00
1.654143257048518612e+00
1.663295018350043675e+00
1.654143257048518612e+00
1.626821370415400647e+00
1.581727236362287181e+00
1.519516316415271184e+00
1.441090308698951050e+00
1.347581569785414990e+00
1.240333605505165915e+00
1.120878005917912201e+00
9.909082670714076668e-01
8.522510005677700340e-01
7.068350801311006348e-01
5.566593113649106472e-01
4.037592359754770266e-01
2.501736944402792595e-01
9.791177120179711535e-02
-5.107926598699812082e-02
-1.949444456391367098e-01
-3.319494404866630832e-01
-4.605062805189171771e-01
-5.791959849089690637e-01
-6.867877323291743386e-01
-7.822542620467833885e-01
-8.647832767143787125e-01
-9.337847002579336975e-01
-9.888937289711738909e-01
-1.029969699063708832e+00
-1.057090877696493125e+00
-1.070545365223261713e+00
-1.070818372267127172e+00
-1.058576204834175583e+00
-1.034647352480414506e+00
-1.000001127357923902e+00
-9.557243447227538047e-01
-9.029965673643998159e-01
-8.430644568258305327e-01
-7.772157828851347094e-01
-7.067536394820675971e-01
-6.329714002690935981e-01
-5.571289206732189525e-01
-4.804304564400267430e-01
-4.040047219895042119e-01
-3.288874566454293991e-01
-2.560068041885139589e-01
-1.861717426636106121e-01
-1.200637284994693355e-01
-5.823164341883459855e-02
-1.090056020783443380e-03
5.107926598699823878e-02
9.812273045812300309e-02
1.400073894652183182e-01
1.768107730429101521e-01
2.087084162076696392e-01
2.359594563865877459e-01
2.588907181244431421e-01
2.778797316324752020e-01
2.933371507800477951e-01
3.056890441392276503e-01
3.153595295473872184e-01
3.227542084796097277e-01
3.282448316931251830e-01
3.321555927306708567e-01
3.347514017831751953e-01
3.362284401546494217e-01
3.367072363658037970e-01
3.362284401546494217e-01
3.347514017831751953e-01
3.321555927306708567e-01
3.282448316931252386e-01
3.227542084796097277e-01
3.153595295473872739e-01
3.056890441392276503e-01
2.933371507800479061e-01
2.778797316324753686e-01
2.588907181244432532e-01
2.359594563865879957e-01
2.087084162076698612e-01
1.768107730429103741e-01
1.400073894652186235e-01
9.812273045812326677e-02
5.107926598699855103e-02
-1.090056020783092315e-03
-5.823164341883355077e-02
-1.200637284994693355e-01
-1.861717426636102235e-01
-2.560068041885134593e-01
-3.288874566454288995e-01
-4.040047219895029351e-01
-4.804304564400255217e-01
-5.571289206732191746e-01
-6.329714002690930430e-01
-7.067536394820671530e-01
-7.772157828851341543e-01
-8.430644568258295335e-01
-9.029965673644001489e-01
-9.557243447227533606e-01
