2.299990057945251465e-01
1.236448049545288086e+00
3.590253591537475586e-01
8.514059782028198242e-01
1.581683397293090820e+00
-3.980507701635360718e-02
-1.453539013862609863e+00
1.124539136886596680e+00
4.866839885711669922e+00
4.061442375183105469e+00
-3.550586104393005371e-01
-2.558145523071289062e+00
-1.623821258544921875e+00
-1.882932662963867188e+00
-4.188550472259521484e+00
-4.493125915527343750e+00
-1.645645618438720703e+00
3.617521524429321289e-01
-6.819931268692016602e-01
-1.963381171226501465e+00
-1.067569851875305176e+00
3.647749423980712891e-01
3.545910120010375977e-01
-1.672046184539794922e-01
1.238234639167785645e-01
3.810516595840454102e-01
-5.074195265769958496e-01
-1.734655141830444336e+00
-1.914525508880615234e+00
-1.075292825698852539e+00
-1.894636750221252441e-01
2.343051582574844360e-01
3.266449570655822754e-01
2.343051582574844360e-01
-1.894636750221252441e-01
-1.075292825698852539e+00
-1.914525508880615234e+00
-1.734655141830444336e+00
-5.074195265769958496e-01
3.810516595840454102e-01
1.238234639167785645e-01
-1.672046184539794922e-01
3.545910120010375977e-01
3.647749423980712891e-01
-1.067569851875305176e+00
-1.963381171226501465e+00
-6.819931268692016602e-01
3.617521524429321289e-01
-1.645645618438720703e+00
-4.493125915527343750e+00
-4.188550472259521484e+00
-1.882932662963867188e+00
-1.623821258544921875e+00
-2.558145523071289062e+00
-3.550586104393005371e-01
4.061442375183105469e+00
4.866839885711669922e+00
1.124539136886596680e+00
-1.453539013862609863e+00
-3.980507701635360718e-02
1.581683397293090820e+00
8.514059782028198242e-01
3.590253591537475586e-01
1.236448049545288086e+00
2.299990057945251465e-01
-3.176727771759033203e+00
-4.040186882019042969e+00
-4.613578319549560547e-01
2.061973810195922852e+00
-5.845185518264770508e-01
-4.285161018371582031e+00
-3.614669322967529297e+00
-2.363175153732299805e-02
2.014714956283569336e+00
2.194389104843139648e+00
2.635867357254028320e+00
2.941491603851318359e+00
1.648740053176879883e+00
-4.528272747993469238e-01
-1.937377333641052246e+00
-2.756623983383178711e+00
-2.504395484924316406e+00
-3.432556986808776855e-01
1.892562985420227051e+00
1.078065872192382812e+00
-1.580445170402526855e+00
-1.646370768547058105e+00
1.005040168762207031e+00
2.182555437088012695e+00
1.664271473884582520e+00
3.542213201522827148e+00
6.850393772125244141e+00
5.228765964508056641e+00
-1.089828252792358398e+00
-3.077655553817749023e+00
2.536540269851684570e+00
6.689144611358642578e+00
2.536540269851684570e+00
-3.077655553817749023e+00
-1.089828252792358398e+00
5.228765964508056641e+00
6.850393772125244141e+00
3.542213201522827148e+00
1.664271473884582520e+00
2.182555437088012695e+00
1.005040168762207031e+00
-1.646370768547058105e+00
-1.580445170402526855e+00
1.078065872192382812e+00
1.892562985420227051e+00
-3.432556986808776855e-01
-2.504395484924316406e+00
-2.756623983383178711e+00
-1.937377333641052246e+00
-4.528272747993469238e-01
1.648740053176879883e+00
2.941491603851318359e+00
2.635867357254028320e+00
2.194389104843139648e+00
2.014714956283569336e+00
-2.363175153732299805e-02
-3.614669322967529297e+00
-4.285161018371582031e+00
-5.845185518264770508e-01
2.061973810195922852e+00
-4.613578319549560547e-01
-4.040186882019042969e+00
-3.176727771759033203e+00
