7.340020583223462458e-02
1.151039069110512680e-01
1.255535275624156677e-01
1.058392575240814926e-01
6.087447826477465629e-02
-1.734597101552788146e-03
-7.313461461838152711e-02
-1.447433994327952389e-01
-2.095945561361008680e-01
-2.632968790915563573e-01
-3.044647044036226102e-01
-3.345648403039108709e-01
-3.572229578159025198e-01
-3.771219895988605630e-01
-3.986930590763322901e-01
-4.248350142941849650e-01
-4.558960820185895546e-01
-4.891107238305973381e-01
-5.186126061699867229e-01
-5.360518016718924805e-01
-5.317453082020436872e-01
-4.962001676907837333e-01
-4.217820521018762481e-01
-3.042698376253604731e-01
-1.440439462292893436e-01
5.329739146381528431e-02
2.770207817623955848e-01
5.120659092363476494e-01
7.404996283027188708e-01
9.434393627587602804e-01
1.103196721852220064e+00
1.205355023103901635e+00
1.240498391038629133e+00
1.205355023103901635e+00
1.103196721852223394e+00
9.434393627587602804e-01
7.404996283027188708e-01
5.120659092363476494e-01
2.770207817623955848e-01
5.329739146381528431e-02
-1.440439462292893436e-01
-3.042698376253596404e-01
-4.217820521018757485e-01
-4.962001676907837333e-01
-5.317453082020437982e-01
-5.360518016718923695e-01
-5.186126061699867229e-01
-4.891107238305973381e-01
-4.558960820185896656e-01
-4.248350142941851315e-01
-3.986930590763322901e-01
-3.771219895988605630e-01
-3.572229578159025198e-01
-3.345648403039109819e-01
-3.044647044036227213e-01
-2.632968790915563018e-01
-2.095945561361010068e-01
-1.447433994327956275e-01
-7.313461461838161037e-02
-1.734597101553074158e-03
6.087447826477426077e-02
1.058392575240815203e-01
1.255535275624156677e-01
1.151039069110512264e-01
7.340020583223476336e-02
3.789800011530937950e-03
-8.597025191877136208e-02
-1.844139769785007599e-01
-2.776683167563026022e-01
-3.511905172508424933e-01
-3.917050723744740504e-01
-3.890678446713001781e-01
-3.377886358421288149e-01
-2.379870201217887671e-01
-9.563354892028420873e-02
7.797175300116193641e-02
2.674240096737880990e-01
4.549819935770890722e-01
6.226443393332828924e-01
7.542544423405035392e-01
8.373524535377374622e-01
8.645307641694034428e-01
8.341220999690446281e-01
7.501458647946237512e-01
6.215442563441568868e-01
4.608391878925716667e-01
2.824195313697743237e-01
1.007142684535824173e-01
-7.148560483077516514e-02
-2.243256157448437482e-01
-3.516418688255477099e-01
-4.510948619849133312e-01
-5.237057898111906473e-01
-5.729105762033783744e-01
-6.033192234398575549e-01
-6.194092616413584551e-01
-6.243860596648025396e-01
-6.194092616413584551e-01
-6.033192234398575549e-01
-5.729105762033783744e-01
-5.237057898111913135e-01
-4.510948619849133312e-01
-3.516418688255483760e-01
-2.243256157448445531e-01
-7.148560483077599781e-02
1.007142684535805716e-01
2.824195313697734910e-01
4.608391878925702234e-01
6.215442563441558876e-01
7.501458647946228631e-01
8.341220999690442950e-01
8.645307641694032208e-01
8.373524535377377953e-01
7.542544423405042053e-01
6.226443393332856679e-01
4.549819935770890722e-01
2.674240096737892647e-01
7.797175300116335195e-02
-9.563354892028314014e-02
-2.379870201217866299e-01
-3.377886358421275936e-01
-3.890678446713002336e-01
-3.917050723744743279e-01
-3.511905172508429929e-01
-2.776683167563032684e-01
-1.844139769785022864e-01
-8.597025191877120942e-02
3.789800011530337735e-03
