2.608833786379770125e-20
4.776674804687500000e+03
9.449948242187500000e+03
1.391865917968750000e+04
1.808607421875000000e+04
2.186197851562500000e+04
2.516463671875000000e+04
2.792255859375000000e+04
3.007604101562500000e+04
3.157846679687500000e+04
3.239731640625000000e+04
3.251485937500000000e+04
3.192855468750000000e+04
3.065109375000000000e+04
2.871012890625000000e+04
2.614767382812500000e+04
2.301920703125000000e+04
1.939243750000000000e+04
1.534588574218750000e+04
1.096713867187500000e+04
6.350987792968750000e+03
1.597353881835937500e+03
-3.190861328125000000e+03
-7.909997558593750000e+03
-1.245789648437500000e+04
-1.673613671875000000e+04
-2.065208789062500000e+04
-2.412097851562500000e+04
-2.706771484375000000e+04
-2.942853320312500000e+04
-3.115230273437500000e+04
-3.220172460937500000e+04
-3.255407226562500000e+04
-3.220172460937500000e+04
-3.115230273437500000e+04
-2.942853320312500000e+04
-2.706771484375000000e+04
-2.412097851562500000e+04
-2.065208789062500000e+04
-1.673613671875000000e+04
-1.245789648437500000e+04
-7.909997558593750000e+03
-3.190861328125000000e+03
1.597353881835937500e+03
6.350987792968750000e+03
1.096713867187500000e+04
1.534588574218750000e+04
1.939243750000000000e+04
2.301920703125000000e+04
2.614767382812500000e+04
2.871012890625000000e+04
3.065109375000000000e+04
3.192855468750000000e+04
3.251485937500000000e+04
3.239731640625000000e+04
3.157846679687500000e+04
3.007604101562500000e+04
2.792255859375000000e+04
2.516463671875000000e+04
2.186197851562500000e+04
1.808607421875000000e+04
1.391865917968750000e+04
9.449948242187500000e+03
4.776674804687500000e+03
1.196017243576541489e-11
-4.776674804687500000e+03
-9.449948242187500000e+03
-1.391865917968750000e+04
-1.808607421875000000e+04
-2.186197851562500000e+04
-2.516463671875000000e+04
-2.792255859375000000e+04
-3.007604101562500000e+04
-3.157846679687500000e+04
-3.239731640625000000e+04
-3.251485937500000000e+04
-3.192855468750000000e+04
-3.065109375000000000e+04
-2.871012890625000000e+04
-2.614767382812500000e+04
-2.301920703125000000e+04
-1.939243750000000000e+04
-1.534588574218750000e+04
-1.096713867187500000e+04
-6.350987792968750000e+03
-1.597353881835937500e+03
3.190861328125000000e+03
7.909997558593750000e+03
1.245789648437500000e+04
1.673613671875000000e+04
2.065208789062500000e+04
2.412097851562500000e+04
2.706771484375000000e+04
2.942853320312500000e+04
3.115230273437500000e+04
3.220172460937500000e+04
3.255407226562500000e+04
3.220172460937500000e+04
3.115230273437500000e+04
2.942853320312500000e+04
2.706771484375000000e+04
2.412097851562500000e+04
2.065208789062500000e+04
1.673613671875000000e+04
1.245789648437500000e+04
7.909997558593750000e+03
3.190861328125000000e+03
-1.597353881835937500e+03
-6.350987792968750000e+03
-1.096713867187500000e+04
-1.534588574218750000e+04
-1.939243750000000000e+04
-2.301920703125000000e+04
-2.614767382812500000e+04
-2.871012890625000000e+04
-3.065109375000000000e+04
-3.192855468750000000e+04
-3.251485937500000000e+04
-3.239731640625000000e+04
-3.157846679687500000e+04
-3.007604101562500000e+04
-2.792255859375000000e+04
-2.516463671875000000e+04
-2.186197851562500000e+04
-1.808607421875000000e+04
-1.391865917968750000e+04
-9.449948242187500000e+03
-4.776674804687500000e+03
