-1.145330786705017090e+00
6.842010021209716797e-01
1.192761182785034180e+00
9.418648481369018555e-01
1.056713223457336426e+00
9.321350455284118652e-01
9.835001826286315918e-01
8.979347348213195801e-01
9.233915209770202637e-01
8.569520711898803711e-01
8.683621287345886230e-01
8.133779764175415039e-01
8.159888982772827148e-01
7.687026858329772949e-01
7.652912139892578125e-01
7.235857844352722168e-01
7.157958149909973145e-01
6.783623099327087402e-01
6.672452688217163086e-01
6.332195997238159180e-01
6.194862723350524902e-01
5.882696509361267090e-01
5.724212527275085449e-01
5.435825586318969727e-01
5.259846448898315430e-01
4.992047250270843506e-01
4.801295995712280273e-01
4.551665782928466797e-01
4.348219335079193115e-01
4.114891588687896729e-01
3.900348246097564697e-01
3.681870400905609131e-01
3.457475006580352783e-01
3.252702057361602783e-01
3.019430637359619141e-01
2.827455103397369385e-01
2.586068212985992432e-01
2.406178265810012817e-01
2.157261520624160767e-01
1.988902837038040161e-01
1.732903271913528442e-01
1.575648784637451172e-01
1.312891989946365356e-01
1.166426688432693481e-01
8.971340954303741455e-02
7.612439990043640137e-02
4.855442792177200317e-02
3.601032495498657227e-02
7.803970016539096832e-03
-3.699543885886669159e-03
-3.254605084657669067e-02
-4.300526529550552368e-02
-7.250361889600753784e-02
-8.190683275461196899e-02
-1.120767593383789062e-01
-1.204038187861442566e-01
-1.512733995914459229e-01
-1.584959775209426880e-01
-1.901023089885711670e-01
-1.961823552846908569e-01
-2.285724580287933350e-01
-2.334613502025604248e-01
-2.666934430599212646e-01
-2.703304588794708252e-01
-3.044759035110473633e-01
-3.067861199378967285e-01
-3.419317901134490967e-01
-3.428232073783874512e-01
-3.790741264820098877e-01
-3.784345984458923340e-01
-4.159188568592071533e-01
-4.136104285717010498e-01
-4.524847865104675293e-01
-4.483372271060943604e-01
-4.887949228286743164e-01
-4.825962781906127930e-01
-5.248783230781555176e-01
-5.163617730140686035e-01
-5.607726573944091797e-01
-5.495972037315368652e-01
-5.965284705162048340e-01
-5.822503566741943359e-01
-6.322158575057983398e-01
-6.142442822456359863e-01
-6.679359674453735352e-01
-6.454622745513916016e-01
-7.038421630859375000e-01
-6.757190227508544922e-01
-7.401785254478454590e-01
-7.047038078308105469e-01
-7.773648500442504883e-01
-7.318565249443054199e-01
-8.161872029304504395e-01
-7.560580968856811523e-01
-8.583178520202636719e-01
-7.747148275375366211e-01
-9.080443382263183594e-01
-7.801934480667114258e-01
-9.805377125740051270e-01
-7.369331121444702148e-01
-1.188255548477172852e+00
1.822429895401000977e-01
1.318687319755554199e+00
8.859344720840454102e-01
1.107109546661376953e+00
9.060907959938049316e-01
1.017890810966491699e+00
8.816782832145690918e-01
9.510173201560974121e-01
8.454643487930297852e-01
8.922562599182128906e-01
8.046864271163940430e-01
8.375084400177001953e-01
7.618353962898254395e-01
7.851583957672119141e-01
7.179932594299316406e-01
7.344405651092529297e-01
6.737039685249328613e-01
6.849445104598999023e-01
6.292694807052612305e-01
6.364290714263916016e-01
5.848699212074279785e-01
5.887427330017089844e-01
5.406188964843750000e-01
5.417850017547607422e-01
4.965910017490386963e-01
4.954853355884552002e-01
4.528364539146423340e-01
4.497930109500885010e-01
4.093903303146362305e-01
4.046694636344909668e-01
3.662773370742797852e-01
3.600850999355316162e-01
3.235150873661041260e-01
3.160163462162017822e-01
2.811161279678344727e-01
2.724435627460479736e-01
2.390897721052169800e-01
2.293502092361450195e-01
1.974425464868545532e-01
1.867224425077438354e-01
1.561791449785232544e-01
1.445477604866027832e-01
1.153027862310409546e-01
1.028149127960205078e-01
7.481586933135986328e-02
6.151384860277175903e-02
3.471994027495384216e-02
2.063511312007904053e-02
-4.983962047845125198e-03
-1.983026787638664246e-02
-4.429513961076736450e-02
-5.989092215895652771e-02
-8.321305364370346069e-02
-9.955532848834991455e-02
-1.217369064688682556e-01
-1.388316005468368530e-01
-1.598663628101348877e-01
-1.777285784482955933e-01
-1.976005285978317261e-01
-2.162550538778305054e-01
-2.349380850791931152e-01
-2.544203102588653564e-01
-2.718770802021026611e-01
-2.922342419624328613e-01
-3.084146678447723389e-01
-3.297080695629119873e-01
-3.445472121238708496e-01
-3.668536245822906494e-01
-3.802683949470520020e-01
-4.036845266819000244e-01
-4.155707955360412598e-01
-4.402175247669219971e-01
-4.504436254501342773e-01
-4.764724671840667725e-01
-4.848720133304595947e-01
-5.124740600585937500e-01
-5.188351869583129883e-01
-5.482539534568786621e-01
-5.523037910461425781e-01
-5.838540792465209961e-01
-5.852357745170593262e-01
-6.193322539329528809e-01
-6.175698637962341309e-01
-6.547720432281494141e-01
-6.492118239402770996e-01
-6.902954578399658203e-01
-6.800137162208557129e-01
-7.261009216308593750e-01
-7.097287774085998535e-01
-7.625191807746887207e-01
-7.379161119461059570e-01
-8.001697659492492676e-01
-7.637060880661010742e-01
-8.403390645980834961e-01
-7.851233482360839844e-01
-8.862510323524475098e-01
-7.965487837791442871e-01
-9.487591385841369629e-01
-7.736568450927734375e-01
-1.098277330398559570e+00
-3.402580022811889648e-01
1.336195945739746094e+00
8.958189487457275391e-01
1.110043525695800781e+00
9.154204130172729492e-01
1.022657394409179688e+00
8.891435861587524414e-01
9.572316408157348633e-01
8.516144752502441406e-01
8.994443416595458984e-01
8.098998665809631348e-01
8.453745841979980469e-01
7.663459181785583496e-01
7.935181260108947754e-01
7.219502329826354980e-01
7.431737780570983887e-01
6.772069931030273438e-01
6.939698457717895508e-01
6.323876976966857910e-01
6.456897258758544922e-01
5.876525640487670898e-01
5.981980562210083008e-01
5.431019663810729980e-01
5.514050722122192383e-01
4.988009631633758545e-01
5.052484273910522461e-01
4.547933042049407959e-01
4.596829712390899658e-01
4.111089408397674561e-01
4.146747291088104248e-01
3.677687048912048340e-01
3.701974451541900635e-01
3.247872292995452881e-01
3.262301087379455566e-01
2.821746170520782471e-01
2.827554941177368164e-01
2.399379760026931763e-01
2.397591024637222290e-01
1.980820596218109131e-01
1.972285956144332886e-01
1.566099673509597778e-01
1.551530808210372925e-01
1.155234053730964661e-01
1.135228350758552551e-01
7.482332736253738403e-02
7.232915610074996948e-02
3.450983017683029175e-02
3.156399726867675781e-02
-5.417501553893089294e-03
-8.780142292380332947e-03
-4.495949298143386841e-02
-4.871032759547233582e-02
-8.411724120378494263e-02
-8.823330700397491455e-02
-1.228918731212615967e-01
