6.339325557724715399e-01
1.407142828447913718e+00
1.250449902477757336e+00
2.395556294941362463e+00
3.395157489586813515e+00
5.326876776602772701e+00
8.057436171680791404e+00
1.234578884750736627e+01
1.883013820566288388e+01
2.876681708290914230e+01
4.392186184643608016e+01
6.707458915178099801e+01
1.024245338147369182e+02
1.564087561994397788e+02
2.388439246849380311e+02
3.647276831045929271e+02
5.569584065207758385e+02
8.505052010752226579e+02
1.298766632161450161e+03
1.983285755244644633e+03
3.028582825525828412e+03
4.624807073313912952e+03
7.062326391415121179e+03
1.078454804880367010e+04
1.646857850205223440e+04
2.514839534100453238e+04
3.840293733464864636e+04
5.864332797181775095e+04
8.955148106579987507e+04
1.367498748526834825e+05
2.088243326592615340e+05
3.188858633879680419e+05
4.869556750103792874e+05
7.436072170321460580e+05
1.135527773057583254e+06
1.734011308458531043e+06
