-1.457811080526978942e-01
4.447081464834047870e-01
5.510650679709078181e-01
-2.949334115478426943e-01
-1.543218450863965800e-03
6.015096897319702207e-02
-2.207601047328299967e-02
-3.933978994715864666e-03
5.923555082565375163e-03
-1.410038541453114726e-03
-6.717532392306568541e-04
5.348495349958420084e-04
-6.337273938301279865e-05
-8.445282884115396481e-05
4.423401447629252359e-05
5.959150442751624913e-07
-9.157072867481483918e-06
3.287819113164912525e-06
6.260284437290680102e-07
-8.971430730494232363e-07
2.074521007291308471e-07
1.040109185305423533e-07
-8.061744240815921221e-08
8.994987621156833099e-09
1.293686866881586312e-08
-6.631994661982440954e-09
-1.448706471048473963e-10
1.393583715753409921e-09
-4.894175446265654605e-10
-9.934657523941607244e-11
1.358384718567974483e-10
-3.049003989883890009e-11
