3.040367701880742901e-01
3.236849437187813705e-01
3.394894193389441650e-01
3.505838675887039679e-01
3.561716833463822729e-01
3.555451995503333129e-01
3.481032917321582043e-01
3.333669783696745492e-01
3.109926624638875703e-01
2.807827079593587793e-01
2.426930996457425938e-01
1.968379958349192882e-01
1.434910481142368244e-01
8.308343044680413514e-02
1.619858937299527291e-02
-5.643620342346791774e-02
-1.339613468762997639e-01
-2.153992401957140201e-01
-2.996711712030170061e-01
-3.856164329597782658e-01
-4.720132899795262960e-01
-5.576013748523673819e-01
-6.411050644080580341e-01
-7.212573622835153353e-01
-7.968238024378233586e-01
-8.666258860505138273e-01
-9.295635724079358564e-01
-9.846363626688802162e-01
-1.030962543428580291e+00
-1.067796194185640868e+00
-1.094541608378981845e+00
-1.110764830641639556e+00
-1.116202072196475825e+00
-1.110764830641639556e+00
-1.094541608378982067e+00
-1.067796194185640868e+00
-1.030962543428580291e+00
-9.846363626688802162e-01
-9.295635724079358564e-01
-8.666258860505138273e-01
-7.968238024378233586e-01
-7.212573622835158904e-01
-6.411050644080584782e-01
-5.576013748523673819e-01
-4.720132899795269621e-01
-3.856164329597786544e-01
-2.996711712030172836e-01
-2.153992401957137148e-01
-1.339613468763000415e-01
-5.643620342346842428e-02
1.619858937299527291e-02
8.308343044680392697e-02
1.434910481142368244e-01
1.968379958349191494e-01
2.426930996457423717e-01
2.807827079593588349e-01
3.109926624638875703e-01
3.333669783696743272e-01
3.481032917321582043e-01
3.555451995503333129e-01
3.561716833463822729e-01
3.505838675887040234e-01
3.394894193389442205e-01
3.236849437187813150e-01
3.040367701880743456e-01
2.814605563570513058e-01
2.569001584646617431e-01
2.313062302887205768e-01
2.056150148688168922e-01
1.807277859949801557e-01
1.574913791358342752e-01
1.366802247543766613e-01
1.189802613961990219e-01
1.049750623328812860e-01
9.513445887408882029e-02
8.980588684862882143e-02
8.920862144729975463e-02
9.343100096826442713e-02
1.024306734284746584e-01
1.160378329612097720e-01
1.339613468762998749e-01
1.557976106579721243e-01
1.810419084015466307e-01
2.091020015447100922e-01
2.393136204179897031e-01
2.709574921688192584e-01
3.032775058882268837e-01
3.354995919912749924e-01
3.668508785777365722e-01
3.965786829264625890e-01
4.239689015399432104e-01
4.483633771235668308e-01
4.691758452133807378e-01
4.859060963082161289e-01
4.981520305753761035e-01
5.056193305658069903e-01
5.081285318203271339e-01
5.056193305658069903e-01
4.981520305753761035e-01
4.859060963082161289e-01
4.691758452133810153e-01
4.483633771235668308e-01
4.239689015399433769e-01
3.965786829264627000e-01
3.668508785777367387e-01
3.354995919912753255e-01
3.032775058882269947e-01
2.709574921688195359e-01
2.393136204179899529e-01
2.091020015447103420e-01
1.810419084015468250e-01
1.557976106579722908e-01
1.339613468763000415e-01
1.160378329612098969e-01
1.024306734284748804e-01
9.343100096826442713e-02
8.920862144729978238e-02
8.980588684862879367e-02
9.513445887408872315e-02
1.049750623328811194e-01
1.189802613961987443e-01
1.366802247543766335e-01
1.574913791358340809e-01
1.807277859949800169e-01
2.056150148688166701e-01
2.313062302887201604e-01
2.569001584646618541e-01
2.814605563570511393e-01
