-6.153349898807712881e-01
-5.868455743002706226e-01
-5.397208171095403406e-01
-4.749369127282940251e-01
-3.941051885912096320e-01
-2.994118155945617588e-01
-1.935359289577391895e-01
-7.954931621784513962e-02
3.919846915764299555e-02
1.592051569562568658e-01
2.769461773364710888e-01
3.890054521511748797e-01
4.922015598467672781e-01
5.837044584814007342e-01
6.611383214197360525e-01
7.226665807651027063e-01
7.670559636857383623e-01
7.937171198391502758e-01
8.027203427399580704e-01
7.947858492846094913e-01
7.712490627062943416e-01
7.340023072079955302e-01
6.854152303446553463e-01
6.282370869674188674e-01
5.654847147544614927e-01
5.003205792739722213e-01
4.359256451134852495e-01
3.753720243504783394e-01
3.215003571005993210e-01
2.768066909993157632e-01
2.433432545574758243e-01
2.226369777762075564e-01
2.156289231393553885e-01
2.226369777762075564e-01
2.433432545574751305e-01
2.768066909993157632e-01
3.215003571005993210e-01
3.753720243504783394e-01
4.359256451134852495e-01
5.003205792739722213e-01
5.654847147544614927e-01
6.282370869674185343e-01
6.854152303446551242e-01
7.340023072079955302e-01
7.712490627062940085e-01
7.947858492846093803e-01
8.027203427399580704e-01
7.937171198391502758e-01
7.670559636857384733e-01
7.226665807651030393e-01
6.611383214197360525e-01
5.837044584814009562e-01
4.922015598467672781e-01
3.890054521511751573e-01
2.769461773364716994e-01
1.592051569562567270e-01
3.919846915764328005e-02
-7.954931621784441798e-02
-1.935359289577390784e-01
-2.994118155945613702e-01
-3.941051885912090214e-01
-4.749369127282939695e-01
-5.397208171095401186e-01
-5.868455743002706226e-01
-6.153349898807711771e-01
-6.248843692595182908e-01
-6.158715423863735383e-01
-5.893420959872233134e-01
-5.469693499277348270e-01
-4.909905814161263371e-01
-4.241219108324212339e-01
-3.494550810593768375e-01
-2.703400568423172667e-01
-1.902579152041354860e-01
-1.126888713266331193e-01
-4.098047218178297452e-02
2.177901472411019473e-02
7.287718772540856260e-02
1.100796254778360073e-01
1.317136358204605284e-01
1.367304479436879383e-01
1.247434818844794097e-01
9.604124529496571583e-02
5.157437907223638707e-02
-7.082636462324702620e-03
-7.779363255956663059e-02
-1.579443640999393383e-01
-2.445443645623681661e-01
-3.343431270697861946e-01
-4.239561461539221310e-01
-5.099959775778788451e-01
-5.892032819576110692e-01
-6.585728193965015853e-01
-7.154695568474537248e-01
-7.577304299940575971e-01
-7.837478525256118544e-01
-7.925317666366655800e-01
-7.837478525256118544e-01
-7.577304299940575971e-01
-7.154695568474537248e-01
-6.585728193965023625e-01
-5.892032819576110692e-01
-5.099959775778792892e-01
-4.239561461539225751e-01
-3.343431270697866386e-01
-2.445443645623691376e-01
-1.579443640999397547e-01
-7.779363255956722734e-02
-7.082636462325154515e-03
5.157437907223598461e-02
9.604124529496546603e-02
1.247434818844792154e-01
1.367304479436879383e-01
1.317136358204606394e-01
1.100796254778365624e-01
7.287718772540856260e-02
2.177901472411059719e-02
-4.098047218178248186e-02
-1.126888713266326197e-01
-1.902579152041341537e-01
-2.703400568423159900e-01
-3.494550810593770040e-01
-4.241219108324207343e-01
-4.909905814161259485e-01
-5.469693499277344939e-01
-5.893420959872227582e-01
-6.158715423863735383e-01
-6.248843692595182908e-01
