2.285978337650032000e-01
3.147358757976477794e-01
3.665032533832405237e-01
3.840686877624996942e-01
3.690738731381526527e-01
3.245315428488528275e-01
2.546709070749350046e-01
1.647371382295292619e-01
6.075330402039251509e-02
-5.074546467879431644e-02
-1.629947854009521080e-01
-2.692894559722492920e-01
-3.632660195463753849e-01
-4.391682957624464256e-01
-4.920854648073690329e-01
-5.181534473709400457e-01
-5.147118353419968262e-01
-4.804104352140179945e-01
-4.152615168851453431e-01
-3.206360347187444670e-01
-1.992043199013733834e-01
-5.482394580383707916e-02
1.076204448908617273e-01
2.824186724668548698e-01
4.632696134798570120e-01
6.435392704443757550e-01
8.165318299445114558e-01
9.757627354287594645e-01
1.115222750918019257e+00
1.229622378718690179e+00
1.314606802040245936e+00
1.366932719764364146e+00
1.384599977917460922e+00
1.366932719764364146e+00
1.314606802040247713e+00
1.229622378718690179e+00
1.115222750918019257e+00
9.757627354287594645e-01
8.165318299445114558e-01
6.435392704443757550e-01
4.632696134798570120e-01
2.824186724668559245e-01
1.076204448908624350e-01
-5.482394580383707916e-02
-1.992043199013723009e-01
-3.206360347187439674e-01
-4.152615168851450100e-01
-4.804104352140182166e-01
-5.147118353419967152e-01
-5.181534473709400457e-01
-4.920854648073690329e-01
-4.391682957624465367e-01
-3.632660195463753849e-01
-2.692894559722495140e-01
-1.629947854009526631e-01
-5.074546467879419154e-02
6.075330402039225142e-02
1.647371382295286790e-01
2.546709070749348935e-01
3.245315428488526055e-01
3.690738731381524307e-01
3.840686877624997497e-01
3.665032533832407458e-01
3.147358757976476684e-01
2.285978337650034220e-01
1.094380036265875655e-01
-3.989231486705233781e-02
-2.151145579281761311e-01
-4.106559018637555014e-01
-6.198357106431414687e-01
-8.350989181016496010e-01
-1.048287963808610446e+00
-1.250943337941532896e+00
-1.434621596933689958e+00
-1.591218935877285023e+00
-1.713288077524712349e+00
-1.794336376005333911e+00
-1.829093633132964802e+00
-1.813739165850347668e+00
-1.746079107471679048e+00
-1.625666719960581208e+00
-1.453860573006364065e+00
-1.233817730597398299e+00
-9.704214915020757948e-01
-6.701456660683537958e-01
-3.408597461384266780e-01
8.418452179728440343e-03
3.678141059648363242e-01
7.269204204412793580e-01
1.075145838315496816e+00
1.402071005289849515e+00
1.697802657804753812e+00
1.953311659329017402e+00
2.160742946563218414e+00
2.313686137583823577e+00
2.407396963874402385e+00
2.438961465157688302e+00
2.407396963874402385e+00
2.313686137583823577e+00
2.160742946563218414e+00
1.953311659329020289e+00
1.697802657804753812e+00
1.402071005289851513e+00
1.075145838315498592e+00
7.269204204412811343e-01
3.678141059648400435e-01
8.418452179729939144e-03
-3.408597461384236249e-01
-6.701456660683514643e-01
-9.704214915020735743e-01
-1.233817730597396523e+00
-1.453860573006362511e+00
-1.625666719960580320e+00
-1.746079107471678382e+00
-1.813739165850347002e+00
-1.829093633132964802e+00
-1.794336376005334577e+00
-1.713288077524713016e+00
-1.591218935877285912e+00
-1.434621596933693066e+00
-1.250943337941536004e+00
-1.048287963808609780e+00
-8.350989181016513774e-01
-6.198357106431429120e-01
-4.106559018637568337e-01
-2.151145579281791564e-01
-3.989231486705187985e-02
1.094380036265865525e-01
