4.177226542469929249e-03
1.304398063440674388e-03
1.443671506969456970e-03
-1.204847803222778396e-05
-2.851995357519196005e-06
4.302801726921131234e-08
5.508966831373334465e-09
-1.232135070830417171e-10
-1.038010474324035080e-11
3.176981460652262179e-13
1.900141091409507270e-14
-7.686139811815562120e-16
-3.356523525272802513e-17
1.778745077630939257e-18
5.655010733556759549e-20
-3.978840139216338292e-21
-8.887985940369160019e-23
8.655246517165232922e-24
1.240534544478507559e-25
-1.837673671930476582e-26
-1.321476622215290912e-28
3.816270903540930334e-29
1.973777592524695636e-32
-7.759348779285826038e-32
4.651993352016557183e-34
1.544746964595739944e-34
-1.950179967267075045e-36
-3.008630725379572104e-37
5.917717771712347114e-39
5.721756493069755395e-40
-1.573796630559205158e-41
-1.058955878888891568e-42
