1.950458506081869658e-01
6.310518711905163669e-02
7.259813248716368017e-01
1.025644057767805262e-01
1.364131953869212981e-02
1.807219691736450772e-03
2.393595427515823079e-04
3.170171815859012539e-05
4.198695041850629702e-06
5.560909517769925942e-07
7.365077527009284660e-08
9.754585429861602788e-09
1.291933948517912705e-09
1.711085867596895398e-10
2.266226419429749845e-11
3.001475426440289906e-12
3.975266839308939063e-13
5.264992778052202909e-14
6.973154274534367888e-15
9.235507546972518011e-16
1.223185323199835454e-16
1.620032604902096105e-17
2.145632056866249517e-18
2.841755721163594442e-19
3.763728059954793011e-20
4.984822869817521716e-21
6.602086720302065139e-22
8.744051734777985031e-23
1.158095068720571041e-23
1.533824626014700959e-24
2.031454970245438928e-25
2.690535297283292107e-26
3.563446048254116152e-27
4.719561847651487223e-28
6.250765055000799010e-29
8.278748119862415558e-30
1.096468509519379536e-30
1.452204095306658180e-31
1.923353672372982951e-32
2.547361876327356123e-33
3.373821789603576680e-34
4.468416354104656436e-35
5.918138526213038936e-36
7.838205046240577549e-37
1.038121329448239587e-37
1.374926897545597632e-38
1.821004847862167149e-39
2.411807247248606496e-40
3.194288145201675279e-41
4.230635249237309793e-42
5.603212295977513831e-43
7.421104913134170588e-44
9.828790205090086794e-45
1.301761907781403285e-45
1.724102386144223249e-46
2.283465985707243792e-47
3.024308155818408923e-48
4.005507364068256623e-49
5.305044465372391309e-50
7.026200234217982574e-51
9.305763609251756450e-52
1.232490300084830391e-52
1.632356465935776610e-53
2.161954241505136773e-54
2.863373435827678511e-55
3.792359373571008120e-56
5.022743257431483247e-57
6.652309906568260972e-58
8.810569209873634891e-59
1.166904893070720594e-59
1.545492688425200474e-60
2.046908590545258070e-61
2.711002652699224683e-62
3.590553782855762489e-63
4.755464349967994919e-64
6.298315678154256105e-65
8.341725951946351314e-66
1.104809530248366637e-66
1.463251256585354811e-67
1.937984947882635503e-68
2.566740087402465672e-69
3.399487020514153553e-70
4.502408350328668738e-71
5.963158803307724752e-72
7.897831592923074001e-73
1.046018493345748120e-73
1.385386198158158397e-74
1.834857538615923386e-75
2.430154271416623392e-76
3.218587633424244351e-77
4.262818404525680548e-78
5.645836876167372007e-79
7.477558508814334342e-80
9.903559468529723652e-81
1.311664629987050374e-81
1.737217923541670630e-82
2.300836696270622805e-83
3.047314577616681291e-84
4.035977933595555368e-85
5.345400832627540386e-86
7.079649723456225205e-87
9.376554121236318186e-88
1.241866061497066285e-88
1.644774076657159893e-89
2.178400591753190413e-90
2.885155600090234689e-91
3.821208490414858103e-92
5.060952111824376149e-93
6.702915149076006421e-94
8.877592694611875378e-95
1.175781735239335134e-95
1.557249511752761015e-96
2.062479769138945517e-97
2.731625706736970253e-98
3.617867730562725948e-99
4.791639968669922130e-100
6.346228026911283443e-101
8.405182867011987934e-102
1.113214002527669572e-102
1.474382455481568473e-103
1.952727525970755958e-104
2.586265711794844470e-105
3.425347491161378372e-106
4.536658929396296498e-107
6.008521557237097295e-108
7.957911728794460836e-109
1.053975732299856750e-109
1.395925064433082815e-110
1.848815609122702756e-111
2.448640864489332005e-112
3.243071971948679407e-113
4.295246382499845079e-114
5.688785708721841049e-115
7.534441556510414616e-116
9.978897514356484615e-117
1.321642683869325515e-117
1.750433233042334650e-118
2.318339548756574581e-119
3.070496013142621473e-120
4.066680297880156055e-121
5.386064197569263614e-122
7.133505811966422152e-123
9.447883148575175091e-124
1.251313145906369814e-124
1.657286150235918431e-125
2.194972052159121942e-126
2.907103464947069145e-127
3.850277067352195794e-128
5.099451627411597549e-129
6.753905354191512598e-130
8.945126038293329923e-131
1.184726105042253625e-131
1.569095771216636333e-132
2.078169400312252398e-133
2.752405643822180510e-134
3.645389460072846684e-135
4.828090781399636581e-136
6.394504852979503498e-137
8.469122509524298070e-138
1.121682409043924440e-138
1.485598331283617228e-139
1.967582253334814510e-140
2.605939870902438068e-141
3.451404686766827883e-142
4.571170058390804891e-143
6.054229393280149509e-144
8.018448904384137208e-145
1.061993503311644422e-145
1.406544101639771791e-146
1.862879861024042807e-147
2.467268088190907240e-148
3.267742566962373248e-149
4.327921045567225322e-150
5.732061260283293102e-151
7.591757323136252992e-152
1.005480866939382089e-152
1.331696642488985508e-153
1.763749073629415183e-154
2.335975548390968936e-155
3.093853793755145072e-156
4.097616220223835675e-157
5.427036895580693447e-158
7.187771592817750373e-159
9.519754787845378576e-160
1.260832095878799451e-160
1.669893405266927918e-161
2.211669574456987819e-162
2.929218290910528713e-163
3.879566773852938823e-164
5.138244015301837085e-165
6.805283450390211477e-166
9.013173119500901267e-167
1.193738516173569741e-167
1.581032147172587703e-168
2.093978385153915495e-169
2.773343657390639312e-170
3.673120552017320849e-171
4.864818881604486082e-172
6.443148928999247452e-173
8.533548551672326117e-174
1.130215236155646682e-174
1.496899528142994759e-175
1.982549983113254684e-176
2.625763694653857756e-177
3.477660103850413361e-178
4.605943719359399986e-179
6.100284936534678458e-180
8.079446596470267773e-181
1.070072266858676234e-181
1.417243919652015594e-182
1.877051102059708790e-183
2.486037012322247090e-184
3.292600835349833745e-185
4.360844270302905419e-186
5.775666016258285733e-187
7.649509100457691203e-188
1.013129729338010692e-188
1.341827083266162179e-189
1.777166210059832273e-190
2.353745708046608334e-191
3.117389260941051017e-192
4.128787477342118186e-193
5.468321279810632611e-194
7.242450182608907502e-195
9.592173166787347299e-196
1.270423458107806202e-196
1.682596565811537456e-197
2.228494117620845906e-198
2.951501348081890918e-199
3.909079292086945758e-200
5.177331503424066737e-201
6.857052388424950413e-202
9.081737846322540292e-203
1.202819486235136730e-203
1.593059325151958053e-204
2.109907631607404222e-205
2.794440949956793366e-206
3.701062599051467055e-207
4.901826378657023517e-208
6.492163048702786154e-209
8.598464693580067455e-210
1.138812973921161768e-210
1.508286695111361810e-211
1.997631574934484019e-212
2.645738321573268931e-213
3.504115250316322236e-214
4.640981909427047161e-215
6.146690832068033089e-216
8.140908308279436547e-217
1.078212486921444276e-217
1.428025132983012992e-218
1.891330146114071803e-219
2.504948714822393730e-220
3.317648204774034225e-221
4.394017947557371969e-222
5.819602480960253585e-223
7.707700205281543193e-224
1.020836777921891876e-224
1.352034588013512954e-225
1.790685412908131553e-226
2.371651048301375203e-227
3.141103766392037321e-228
4.160195859466278400e-229
5.509919721308651804e-230
7.297544721647039184e-231
9.665142444541871277e-232
1.280087783445625259e-232
1.695396361439146014e-233
2.245446647919822808e-234
2.973953916224295050e-235
3.938816317020605190e-236
5.216716336655461369e-237
6.909215141495416229e-238
9.150824156575630295e-239
1.211969536766286078e-239
1.605177995901036280e-240
2.125958054523059547e-241
2.815698733182811716e-242
3.729217205946194346e-243
4.939115397976141485e-244
6.541550027074768247e-245
8.663874663518967455e-246
1.147476116126749986e-246
1.519760486177822723e-247
2.012827894966248036e-248
2.665864898845781135e-249
3.530771645539619335e-250
4.676286640911176146e-251
6.193449745069035368e-252
8.202837569687872806e-253
1.086414631010020907e-253
1.438888360820670991e-254
1.905717813262863303e-255
2.524004281830463005e-256
3.342886113758431564e-257
4.427443982565147863e-258
5.863873177753391363e-259
7.766333979646166823e-260
1.028602455323144194e-260
1.362319742969647829e-261
1.804307458610757056e-262
2.389692597496872509e-263
3.164998672082362983e-264
4.191843170446206292e-265
5.551834609161326965e-266
7.353058374128180962e-267
9.738666811889074998e-268
1.289825626934923568e-268
1.708293527269118507e-269
2.262528138973628857e-270
2.996577284836271261e-271
3.968779556514228018e-272
5.256400776950391950e-273
6.961774705418973135e-274
9.220436018033264539e-275
1.221189193273795707e-275
1.617388855420745656e-276
2.142130575710657892e-277
2.837118227948200627e-278
3.757585989680194218e-279
4.976688081149177590e-280
6.591312700513933942e-281
8.729782218122102098e-282
1.156205160315011540e-282
1.531321560306492966e-283
2.028139815965381741e-284
2.686144582383342297e-285
3.557630820453524027e-286
4.711859941437269385e-287
6.240564361001061978e-288
8.265237937424180430e-289
1.094679170190907225e-289
1.449834227063164707e-290
1.920214929820269603e-291
2.543204807748011813e-292
3.368316011769573528e-293
4.461124295054193634e-294
5.908480649197545599e-295
7.825413791013362424e-296
1.036427207541061752e-296
1.372683138832790707e-297
1.818033129510632705e-298
2.407871391797465390e-299
3.189075350347049233e-300
4.223731227853969614e-301
5.594068350629402272e-302
7.408994328318917925e-303
9.812750491489030257e-304
1.299637547840668804e-304
1.721288804012993352e-305
2.279739571808458469e-306
3.019372753225774676e-307
3.998970731420090624e-308
5.296387103470276115e-309
7.014734098802634013e-310
9.290577428651977039e-311
1.230478985262386097e-311
1.629692605003651604e-312
2.158426123975471425e-313
2.858700664372006428e-314
3.786170580998767724e-315
5.014546594295946821e-316
6.641454223135602132e-317
8.796191598207342686e-318
1.165001852237200939e-318
1.542967011962212957e-319
2.043455511199395707e-320
2.707479739210031062e-321
3.557272650056975118e-322
4.446590812571218898e-323
4.940656458412465442e-324
-0.000000000000000000e+00
-0.000000000000000000e+00
0.000000000000000000e+00
0.000000000000000000e+00
0.000000000000000000e+00
0.000000000000000000e+00
0.000000000000000000e+00
0.000000000000000000e+00
0.000000000000000000e+00
0.000000000000000000e+00
0.000000000000000000e+00
0.000000000000000000e+00
0.000000000000000000e+00
0.000000000000000000e+00
0.000000000000000000e+00
0.000000000000000000e+00
0.000000000000000000e+00
0.000000000000000000e+00
0.000000000000000000e+00
0.000000000000000000e+00
0.000000000000000000e+00
0.000000000000000000e+00
0.000000000000000000e+00
0.000000000000000000e+00
0.000000000000000000e+00
0.000000000000000000e+00
0.000000000000000000e+00
0.000000000000000000e+00
0.000000000000000000e+00
0.000000000000000000e+00
0.000000000000000000e+00
0.000000000000000000e+00
0.000000000000000000e+00
0.000000000000000000e+00
0.000000000000000000e+00
0.000000000000000000e+00
0.000000000000000000e+00
0.000000000000000000e+00
0.000000000000000000e+00
0.000000000000000000e+00
0.000000000000000000e+00
0.000000000000000000e+00
0.000000000000000000e+00
0.000000000000000000e+00
0.000000000000000000e+00
0.000000000000000000e+00
0.000000000000000000e+00
0.000000000000000000e+00
0.000000000000000000e+00
0.000000000000000000e+00
0.000000000000000000e+00
0.000000000000000000e+00
0.000000000000000000e+00
0.000000000000000000e+00
0.000000000000000000e+00
0.000000000000000000e+00
0.000000000000000000e+00
0.000000000000000000e+00
0.000000000000000000e+00
0.000000000000000000e+00
0.000000000000000000e+00
0.000000000000000000e+00
0.000000000000000000e+00
0.000000000000000000e+00
0.000000000000000000e+00
0.000000000000000000e+00
0.000000000000000000e+00
0.000000000000000000e+00
0.000000000000000000e+00
0.000000000000000000e+00
0.000000000000000000e+00
0.000000000000000000e+00
0.000000000000000000e+00
0.000000000000000000e+00
0.000000000000000000e+00
0.000000000000000000e+00
0.000000000000000000e+00
0.000000000000000000e+00
0.000000000000000000e+00
0.000000000000000000e+00
0.000000000000000000e+00
0.000000000000000000e+00
0.000000000000000000e+00
0.000000000000000000e+00
0.000000000000000000e+00
0.000000000000000000e+00
0.000000000000000000e+00
0.000000000000000000e+00
0.000000000000000000e+00
0.000000000000000000e+00
0.000000000000000000e+00
0.000000000000000000e+00
0.000000000000000000e+00
0.000000000000000000e+00
0.000000000000000000e+00
0.000000000000000000e+00
0.000000000000000000e+00
0.000000000000000000e+00
0.000000000000000000e+00
0.000000000000000000e+00
0.000000000000000000e+00
0.000000000000000000e+00
0.000000000000000000e+00
0.000000000000000000e+00
0.000000000000000000e+00
0.000000000000000000e+00
0.000000000000000000e+00
0.000000000000000000e+00
0.000000000000000000e+00
0.000000000000000000e+00
0.000000000000000000e+00
0.000000000000000000e+00
0.000000000000000000e+00
0.000000000000000000e+00
0.000000000000000000e+00
0.000000000000000000e+00
0.000000000000000000e+00
0.000000000000000000e+00
0.000000000000000000e+00
0.000000000000000000e+00
0.000000000000000000e+00
0.000000000000000000e+00
0.000000000000000000e+00
0.000000000000000000e+00
0.000000000000000000e+00
0.000000000000000000e+00
0.000000000000000000e+00
0.000000000000000000e+00
0.000000000000000000e+00
0.000000000000000000e+00
0.000000000000000000e+00
0.000000000000000000e+00
0.000000000000000000e+00
0.000000000000000000e+00
0.000000000000000000e+00
0.000000000000000000e+00
0.000000000000000000e+00
0.000000000000000000e+00
0.000000000000000000e+00
0.000000000000000000e+00
0.000000000000000000e+00
0.000000000000000000e+00
0.000000000000000000e+00
0.000000000000000000e+00
0.000000000000000000e+00
0.000000000000000000e+00
0.000000000000000000e+00
0.000000000000000000e+00
0.000000000000000000e+00
0.000000000000000000e+00
0.000000000000000000e+00
0.000000000000000000e+00
0.000000000000000000e+00
0.000000000000000000e+00
0.000000000000000000e+00
0.000000000000000000e+00
0.000000000000000000e+00
0.000000000000000000e+00
0.000000000000000000e+00
0.000000000000000000e+00
0.000000000000000000e+00
0.000000000000000000e+00
0.000000000000000000e+00
0.000000000000000000e+00
0.000000000000000000e+00
0.000000000000000000e+00
0.000000000000000000e+00
0.000000000000000000e+00
0.000000000000000000e+00
0.000000000000000000e+00
0.000000000000000000e+00
0.000000000000000000e+00
0.000000000000000000e+00
0.000000000000000000e+00
0.000000000000000000e+00
0.000000000000000000e+00
0.000000000000000000e+00
0.000000000000000000e+00
0.000000000000000000e+00
0.000000000000000000e+00
0.000000000000000000e+00
0.000000000000000000e+00
0.000000000000000000e+00
0.000000000000000000e+00
0.000000000000000000e+00
0.000000000000000000e+00
0.000000000000000000e+00
0.000000000000000000e+00
0.000000000000000000e+00
0.000000000000000000e+00
0.000000000000000000e+00
0.000000000000000000e+00
0.000000000000000000e+00
0.000000000000000000e+00
0.000000000000000000e+00
0.000000000000000000e+00
0.000000000000000000e+00
0.000000000000000000e+00
0.000000000000000000e+00
0.000000000000000000e+00
0.000000000000000000e+00
0.000000000000000000e+00
0.000000000000000000e+00
0.000000000000000000e+00
0.000000000000000000e+00
0.000000000000000000e+00
0.000000000000000000e+00
0.000000000000000000e+00
0.000000000000000000e+00
0.000000000000000000e+00
0.000000000000000000e+00
0.000000000000000000e+00
0.000000000000000000e+00
0.000000000000000000e+00
0.000000000000000000e+00
0.000000000000000000e+00
0.000000000000000000e+00
0.000000000000000000e+00
0.000000000000000000e+00
0.000000000000000000e+00
0.000000000000000000e+00
0.000000000000000000e+00
0.000000000000000000e+00
0.000000000000000000e+00
0.000000000000000000e+00
0.000000000000000000e+00
0.000000000000000000e+00
0.000000000000000000e+00
0.000000000000000000e+00
0.000000000000000000e+00
0.000000000000000000e+00
0.000000000000000000e+00
0.000000000000000000e+00
0.000000000000000000e+00
0.000000000000000000e+00
0.000000000000000000e+00
0.000000000000000000e+00
0.000000000000000000e+00
0.000000000000000000e+00
0.000000000000000000e+00
0.000000000000000000e+00
0.000000000000000000e+00
0.000000000000000000e+00
0.000000000000000000e+00
0.000000000000000000e+00
0.000000000000000000e+00
0.000000000000000000e+00
0.000000000000000000e+00
0.000000000000000000e+00
0.000000000000000000e+00
0.000000000000000000e+00
0.000000000000000000e+00
0.000000000000000000e+00
0.000000000000000000e+00
0.000000000000000000e+00
0.000000000000000000e+00
0.000000000000000000e+00
0.000000000000000000e+00
0.000000000000000000e+00
0.000000000000000000e+00
0.000000000000000000e+00
0.000000000000000000e+00
0.000000000000000000e+00
0.000000000000000000e+00
0.000000000000000000e+00
0.000000000000000000e+00
0.000000000000000000e+00
0.000000000000000000e+00
0.000000000000000000e+00
0.000000000000000000e+00
0.000000000000000000e+00
0.000000000000000000e+00
0.000000000000000000e+00
0.000000000000000000e+00
0.000000000000000000e+00
0.000000000000000000e+00
0.000000000000000000e+00
0.000000000000000000e+00
0.000000000000000000e+00
0.000000000000000000e+00
0.000000000000000000e+00
0.000000000000000000e+00
0.000000000000000000e+00
0.000000000000000000e+00
0.000000000000000000e+00
0.000000000000000000e+00
0.000000000000000000e+00
0.000000000000000000e+00
0.000000000000000000e+00
0.000000000000000000e+00
0.000000000000000000e+00
0.000000000000000000e+00
0.000000000000000000e+00
0.000000000000000000e+00
0.000000000000000000e+00
0.000000000000000000e+00
0.000000000000000000e+00
0.000000000000000000e+00
0.000000000000000000e+00
0.000000000000000000e+00
0.000000000000000000e+00
0.000000000000000000e+00
0.000000000000000000e+00
0.000000000000000000e+00
0.000000000000000000e+00
0.000000000000000000e+00
0.000000000000000000e+00
0.000000000000000000e+00
0.000000000000000000e+00
0.000000000000000000e+00
0.000000000000000000e+00
0.000000000000000000e+00
0.000000000000000000e+00
0.000000000000000000e+00
0.000000000000000000e+00
0.000000000000000000e+00
0.000000000000000000e+00
0.000000000000000000e+00
0.000000000000000000e+00
0.000000000000000000e+00
0.000000000000000000e+00
0.000000000000000000e+00
0.000000000000000000e+00
0.000000000000000000e+00
0.000000000000000000e+00
0.000000000000000000e+00
0.000000000000000000e+00
0.000000000000000000e+00
0.000000000000000000e+00
0.000000000000000000e+00
0.000000000000000000e+00
0.000000000000000000e+00
0.000000000000000000e+00
0.000000000000000000e+00
0.000000000000000000e+00
0.000000000000000000e+00
0.000000000000000000e+00
0.000000000000000000e+00
0.000000000000000000e+00
0.000000000000000000e+00
0.000000000000000000e+00
0.000000000000000000e+00
0.000000000000000000e+00
0.000000000000000000e+00
0.000000000000000000e+00
0.000000000000000000e+00
0.000000000000000000e+00
0.000000000000000000e+00
0.000000000000000000e+00
0.000000000000000000e+00
0.000000000000000000e+00
0.000000000000000000e+00
0.000000000000000000e+00
0.000000000000000000e+00
0.000000000000000000e+00
0.000000000000000000e+00
0.000000000000000000e+00
0.000000000000000000e+00
0.000000000000000000e+00
0.000000000000000000e+00
0.000000000000000000e+00
0.000000000000000000e+00
0.000000000000000000e+00
0.000000000000000000e+00
0.000000000000000000e+00
0.000000000000000000e+00
0.000000000000000000e+00
0.000000000000000000e+00
0.000000000000000000e+00
0.000000000000000000e+00
0.000000000000000000e+00
0.000000000000000000e+00
0.000000000000000000e+00
0.000000000000000000e+00
0.000000000000000000e+00
0.000000000000000000e+00
0.000000000000000000e+00
0.000000000000000000e+00
0.000000000000000000e+00
0.000000000000000000e+00
0.000000000000000000e+00
0.000000000000000000e+00
0.000000000000000000e+00
0.000000000000000000e+00
0.000000000000000000e+00
0.000000000000000000e+00
0.000000000000000000e+00
0.000000000000000000e+00
0.000000000000000000e+00
0.000000000000000000e+00
0.000000000000000000e+00
0.000000000000000000e+00
0.000000000000000000e+00
0.000000000000000000e+00
0.000000000000000000e+00
0.000000000000000000e+00
0.000000000000000000e+00
0.000000000000000000e+00
0.000000000000000000e+00
0.000000000000000000e+00
0.000000000000000000e+00
0.000000000000000000e+00
0.000000000000000000e+00
0.000000000000000000e+00
0.000000000000000000e+00
0.000000000000000000e+00
0.000000000000000000e+00
0.000000000000000000e+00
0.000000000000000000e+00
0.000000000000000000e+00
0.000000000000000000e+00
0.000000000000000000e+00
0.000000000000000000e+00
0.000000000000000000e+00
0.000000000000000000e+00
0.000000000000000000e+00
0.000000000000000000e+00
0.000000000000000000e+00
0.000000000000000000e+00
0.000000000000000000e+00
0.000000000000000000e+00
0.000000000000000000e+00
0.000000000000000000e+00
0.000000000000000000e+00
0.000000000000000000e+00
0.000000000000000000e+00
0.000000000000000000e+00
0.000000000000000000e+00
0.000000000000000000e+00
0.000000000000000000e+00
0.000000000000000000e+00
0.000000000000000000e+00
0.000000000000000000e+00
0.000000000000000000e+00
0.000000000000000000e+00
0.000000000000000000e+00
0.000000000000000000e+00
0.000000000000000000e+00
0.000000000000000000e+00
0.000000000000000000e+00
0.000000000000000000e+00
0.000000000000000000e+00
0.000000000000000000e+00
0.000000000000000000e+00
0.000000000000000000e+00
0.000000000000000000e+00
0.000000000000000000e+00
0.000000000000000000e+00
0.000000000000000000e+00
0.000000000000000000e+00
0.000000000000000000e+00
0.000000000000000000e+00
0.000000000000000000e+00
0.000000000000000000e+00
0.000000000000000000e+00
0.000000000000000000e+00
0.000000000000000000e+00
0.000000000000000000e+00
0.000000000000000000e+00
0.000000000000000000e+00
0.000000000000000000e+00
0.000000000000000000e+00
0.000000000000000000e+00
0.000000000000000000e+00
0.000000000000000000e+00
0.000000000000000000e+00
0.000000000000000000e+00
0.000000000000000000e+00
0.000000000000000000e+00
0.000000000000000000e+00
0.000000000000000000e+00
0.000000000000000000e+00
0.000000000000000000e+00
0.000000000000000000e+00
0.000000000000000000e+00
0.000000000000000000e+00
0.000000000000000000e+00
0.000000000000000000e+00
0.000000000000000000e+00
0.000000000000000000e+00
0.000000000000000000e+00
0.000000000000000000e+00
0.000000000000000000e+00
0.000000000000000000e+00
0.000000000000000000e+00
0.000000000000000000e+00
0.000000000000000000e+00
0.000000000000000000e+00
0.000000000000000000e+00
0.000000000000000000e+00
0.000000000000000000e+00
0.000000000000000000e+00
0.000000000000000000e+00
0.000000000000000000e+00
0.000000000000000000e+00
0.000000000000000000e+00
0.000000000000000000e+00
0.000000000000000000e+00
0.000000000000000000e+00
0.000000000000000000e+00
0.000000000000000000e+00
0.000000000000000000e+00
0.000000000000000000e+00
0.000000000000000000e+00
0.000000000000000000e+00
0.000000000000000000e+00
0.000000000000000000e+00
0.000000000000000000e+00
0.000000000000000000e+00
0.000000000000000000e+00
0.000000000000000000e+00
0.000000000000000000e+00
0.000000000000000000e+00
0.000000000000000000e+00
0.000000000000000000e+00
0.000000000000000000e+00
0.000000000000000000e+00
0.000000000000000000e+00
0.000000000000000000e+00
0.000000000000000000e+00
0.000000000000000000e+00
0.000000000000000000e+00
0.000000000000000000e+00
0.000000000000000000e+00
0.000000000000000000e+00
0.000000000000000000e+00
0.000000000000000000e+00
0.000000000000000000e+00
0.000000000000000000e+00
0.000000000000000000e+00
0.000000000000000000e+00
0.000000000000000000e+00
0.000000000000000000e+00
0.000000000000000000e+00
0.000000000000000000e+00
0.000000000000000000e+00
0.000000000000000000e+00
0.000000000000000000e+00
0.000000000000000000e+00
0.000000000000000000e+00
0.000000000000000000e+00
0.000000000000000000e+00
0.000000000000000000e+00
0.000000000000000000e+00
0.000000000000000000e+00
0.000000000000000000e+00
0.000000000000000000e+00
0.000000000000000000e+00
0.000000000000000000e+00
0.000000000000000000e+00
0.000000000000000000e+00
0.000000000000000000e+00
0.000000000000000000e+00
0.000000000000000000e+00
0.000000000000000000e+00
0.000000000000000000e+00
0.000000000000000000e+00
0.000000000000000000e+00
0.000000000000000000e+00
0.000000000000000000e+00
0.000000000000000000e+00
0.000000000000000000e+00
0.000000000000000000e+00
0.000000000000000000e+00
0.000000000000000000e+00
0.000000000000000000e+00
0.000000000000000000e+00
0.000000000000000000e+00
0.000000000000000000e+00
0.000000000000000000e+00
0.000000000000000000e+00
0.000000000000000000e+00
0.000000000000000000e+00
0.000000000000000000e+00
0.000000000000000000e+00
0.000000000000000000e+00
0.000000000000000000e+00
0.000000000000000000e+00
0.000000000000000000e+00
0.000000000000000000e+00
0.000000000000000000e+00
0.000000000000000000e+00
0.000000000000000000e+00
0.000000000000000000e+00
0.000000000000000000e+00
0.000000000000000000e+00
0.000000000000000000e+00
0.000000000000000000e+00
0.000000000000000000e+00
0.000000000000000000e+00
0.000000000000000000e+00
0.000000000000000000e+00
0.000000000000000000e+00
0.000000000000000000e+00
0.000000000000000000e+00
0.000000000000000000e+00
0.000000000000000000e+00
0.000000000000000000e+00
0.000000000000000000e+00
0.000000000000000000e+00
0.000000000000000000e+00
0.000000000000000000e+00
0.000000000000000000e+00
0.000000000000000000e+00
0.000000000000000000e+00
0.000000000000000000e+00
0.000000000000000000e+00
0.000000000000000000e+00
0.000000000000000000e+00
0.000000000000000000e+00
0.000000000000000000e+00
0.000000000000000000e+00
0.000000000000000000e+00
0.000000000000000000e+00
0.000000000000000000e+00
0.000000000000000000e+00
0.000000000000000000e+00
0.000000000000000000e+00
0.000000000000000000e+00
0.000000000000000000e+00
0.000000000000000000e+00
0.000000000000000000e+00
0.000000000000000000e+00
0.000000000000000000e+00
0.000000000000000000e+00
0.000000000000000000e+00
0.000000000000000000e+00
0.000000000000000000e+00
0.000000000000000000e+00
0.000000000000000000e+00
0.000000000000000000e+00
0.000000000000000000e+00
0.000000000000000000e+00
0.000000000000000000e+00
0.000000000000000000e+00
0.000000000000000000e+00
0.000000000000000000e+00
0.000000000000000000e+00
0.000000000000000000e+00
0.000000000000000000e+00
0.000000000000000000e+00
0.000000000000000000e+00
0.000000000000000000e+00
0.000000000000000000e+00
0.000000000000000000e+00
0.000000000000000000e+00
0.000000000000000000e+00
0.000000000000000000e+00
0.000000000000000000e+00
0.000000000000000000e+00
0.000000000000000000e+00
0.000000000000000000e+00
0.000000000000000000e+00
