-2.999223403650062153e-02
-3.122393008133090772e-02
-3.270726004188607983e-02
-3.497242772987154552e-02
-3.852657074630336242e-02
-4.384150467689709729e-02
-5.134227376216499161e-02
-6.139675803448858826e-02
-7.430656371608140853e-02
-9.029939556974703185e-02
-1.095230774998203066e-01
-1.320413517175892393e-01
-1.578315479952872025e-01
-1.867841737774510458e-01
-2.187044340824214339e-01
-2.533156481175499186e-01
-2.902644882603060972e-01
-3.291279274187522974e-01
-3.694217436379623187e-01
-4.106103969688795763e-01
-4.521180637961496607e-01
-4.933405886774151483e-01
-5.336580938227145632e-01
-5.724479720699432450e-01
-6.090979808992159628e-01
-6.430191528545033952e-01
-6.736582417510164067e-01
-7.005094341533446567e-01
-7.231250715918875471e-01
-7.411251504958574765e-01
-7.542053933924350861e-01
-7.621437159760783286e-01
-7.648049495149819021e-01
-7.621437159760783286e-01
-7.542053933924353082e-01
-7.411251504958574765e-01
-7.231250715918875471e-01
-7.005094341533446567e-01
-6.736582417510164067e-01
-6.430191528545033952e-01
-6.090979808992159628e-01
-5.724479720699434671e-01
-5.336580938227147852e-01
-4.933405886774151483e-01
-4.521180637961499937e-01
-4.106103969688797983e-01
-3.694217436379624853e-01
-3.291279274187521309e-01
-2.902644882603062082e-01
-2.533156481175500851e-01
-2.187044340824214339e-01
-1.867841737774511846e-01
-1.578315479952872025e-01
-1.320413517175893503e-01
-1.095230774998204731e-01
-9.029939556974703185e-02
-7.430656371608142241e-02
-6.139675803448869235e-02
-5.134227376216502631e-02
-4.384150467689712505e-02
-3.852657074630341794e-02
-3.497242772987155940e-02
-3.270726004188608677e-02
-3.122393008133090772e-02
-2.999223403650062500e-02
-2.847169638247596876e-02
-2.612462329693106960e-02
-2.242912928662424074e-02
-1.689185157491922620e-02
-9.060073247307709118e-03
1.467011349332223574e-03
1.502813717465535659e-02
3.189113957579422370e-02
5.224565187010624806e-02
7.619749259494616733e-02
1.037648692077331458e-01
1.348764858645168097e-01
1.693716018225991660e-01
2.070020448900932175e-01
2.474361420928445632e-01
2.902644882603060972e-01
3.350074334434574030e-01
3.811241328302898412e-01
4.280229689237317059e-01
4.750731259269199702e-01
5.216170711872709642e-01
5.669836787275887025e-01
6.105017157695834529e-01
6.515134050395026133e-01
6.893877737143366824e-01
7.235335041638487619e-01
7.534110120775494579e-01
7.785434939131098409e-01
7.985267075123531066e-01
8.130372767312523674e-01
8.218393424398852121e-01
8.247894175879831868e-01
8.218393424398852121e-01
8.130372767312523674e-01
7.985267075123531066e-01
7.785434939131101739e-01
7.534110120775494579e-01
7.235335041638490949e-01
6.893877737143369044e-01
6.515134050395029464e-01
6.105017157695838970e-01
5.669836787275889245e-01
5.216170711872714083e-01
4.750731259269203033e-01
4.280229689237320945e-01
3.811241328302901188e-01
3.350074334434577361e-01
2.902644882603063747e-01
2.474361420928448685e-01
2.070020448900939114e-01
1.693716018225991660e-01
1.348764858645169484e-01
1.037648692077333956e-01
7.619749259494630611e-02
5.224565187010664358e-02
3.189113957579449432e-02
1.502813717465529414e-02
1.467011349332296216e-03
-9.060073247307650138e-03
-1.689185157491916375e-02
-2.242912928662416788e-02
-2.612462329693108695e-02
-2.847169638247595141e-02
