3.526951650896626919e-03
8.872009954896682704e-03
1.174992082169784915e-02
-1.648245863798823328e-04
-8.090058879050151749e-05
1.861828127245797075e-06
5.506658200620772162e-07
-1.785805746018620592e-08
-3.702916077694357893e-09
1.574949444152738011e-10
2.457319112563376744e-11
-1.318366500269162839e-12
-1.606851412041362804e-13
1.064259425387077723e-14
1.033064290974119844e-15
-8.360592330270086463e-17
-6.509047996586407290e-18
6.427552567256873375e-19
3.999845786847888313e-20
-4.853712467297034353e-21
-2.378955107998507622e-22
3.609196896937364528e-23
1.351800297463389526e-24
-2.647334860646009427e-25
-7.160273217879856847e-27
1.917742063217413820e-27
3.342332072057814368e-29
-1.373106388732440127e-29
-1.142626896720845907e-31
9.722216388614614344e-32
-4.864447468556653941e-35
-6.808840615067836404e-34
