-2.081508437937719607e+21
4.168854689856425194e+34
8.327665229410104526e+34
1.246641371268712499e+35
1.657513076096311355e+35
2.064391582497988146e+35
2.466296838103441421e+35
2.862260773801950014e+35
3.251328888305623325e+35
3.632564506663136463e+35
4.005048978330136533e+35
4.367884648225336922e+35
4.720198025857017864e+35
5.061139785323026445e+35
5.389888726718902316e+35
5.705653756841940547e+35
6.007672304627941345e+35
6.295218243967461476e+35
6.567598724579313699e+35
6.824156944996254762e+35
7.064275321691485975e+35
7.287375489078653209e+35
7.492919487934284608e+35
7.680412142242666020e+35
7.849401851477466139e+35
7.999482175164986788e+35
8.130291040602537780e+35
8.241513119703312343e+35
8.332880621278012262e+35
8.404174083316473026e+35
8.455220788424413539e+35
8.485897932949936690e+35
8.496131834701904215e+35
8.485897932949936690e+35
8.455220788424413539e+35
8.404174083316473026e+35
8.332880621278012262e+35
8.241513119703312343e+35
8.130291040602537780e+35
7.999482175164986788e+35
7.849401851477466139e+35
7.680412142242666020e+35
7.492919487934284608e+35
7.287375489078653209e+35
7.064275321691485975e+35
6.824156944996254762e+35
6.567598724579313699e+35
6.295218243967461476e+35
6.007672304627941345e+35
5.705653756841940547e+35
5.389888726718902316e+35
5.061139785323026445e+35
4.720198025857017864e+35
4.367884648225336922e+35
4.005048978330136533e+35
3.632564506663136463e+35
3.251328888305623325e+35
2.862260773801950014e+35
2.466296838103441421e+35
2.064391582497988146e+35
1.657513076096311355e+35
1.246641371268712499e+35
8.327665229410104526e+34
4.168854689856425194e+34
-1.977460790584160551e+21
-4.168854689856425194e+34
-8.327665229410104526e+34
-1.246641371268712499e+35
-1.657513076096311355e+35
-2.064391582497988146e+35
-2.466296838103441421e+35
-2.862260773801950014e+35
-3.251328888305623325e+35
-3.632564506663136463e+35
-4.005048978330136533e+35
-4.367884648225336922e+35
-4.720198025857017864e+35
-5.061139785323026445e+35
-5.389888726718902316e+35
-5.705653756841940547e+35
-6.007672304627941345e+35
-6.295218243967461476e+35
-6.567598724579313699e+35
-6.824156944996254762e+35
-7.064275321691485975e+35
-7.287375489078653209e+35
-7.492919487934284608e+35
-7.680412142242666020e+35
-7.849401851477466139e+35
-7.999482175164986788e+35
-8.130291040602537780e+35
-8.241513119703312343e+35
-8.332880621278012262e+35
-8.404174083316473026e+35
-8.455220788424413539e+35
-8.485897932949936690e+35
-8.496131834701904215e+35
-8.485897932949936690e+35
-8.455220788424413539e+35
-8.404174083316473026e+35
-8.332880621278012262e+35
-8.241513119703312343e+35
-8.130291040602537780e+35
-7.999482175164986788e+35
-7.849401851477466139e+35
-7.680412142242666020e+35
-7.492919487934284608e+35
-7.287375489078653209e+35
-7.064275321691485975e+35
-6.824156944996254762e+35
-6.567598724579313699e+35
-6.295218243967461476e+35
-6.007672304627941345e+35
-5.705653756841940547e+35
-5.389888726718902316e+35
-5.061139785323026445e+35
-4.720198025857017864e+35
-4.367884648225336922e+35
-4.005048978330136533e+35
-3.632564506663136463e+35
-3.251328888305623325e+35
-2.862260773801950014e+35
-2.466296838103441421e+35
-2.064391582497988146e+35
-1.657513076096311355e+35
-1.246641371268712499e+35
-8.327665229410104526e+34
-4.168854689856425194e+34
