-1.636197239197146047e-01
1.936963094313421507e+00
2.305687540721469198e+00
1.282064162224538506e-01
-1.217238555359913960e-01
-2.027892074338647627e-02
5.009536853279351019e-03
1.714076677770362111e-03
-1.139494029682901953e-04
-1.124324328625459749e-04
-5.108758385700100080e-06
6.055475037666745221e-06
9.344235359930866637e-07
-2.570142110809672695e-07
-8.172743558844415557e-08
6.497646743733668860e-09
5.472413287800017726e-09
1.928841808789633013e-10
-3.005856107684703102e-10
-4.282464844955798223e-11
1.313099587317922010e-11
3.887333714990137447e-12
-3.621831931077142508e-13
-2.658635200067283776e-13
-6.644159486803371100e-15
1.488909533331498970e-14
1.950661339079212545e-15
-6.683135653561061660e-16
-1.844282734414393361e-16
1.984085686995951062e-17
1.289212803403445114e-17
1.886395485338009843e-19
