-1.460667274743158439e-01
4.488603694256864673e-01
5.535700607098896775e-01
-2.995345998448368241e-01
6.631901889816070811e-04
6.045604754971174027e-02
-2.291206311862422490e-02
-3.620034838677200009e-03
6.007427848613199756e-03
-1.529718694119117008e-03
-6.411673097396148116e-04
5.515928816834903773e-04
-7.787653952329184437e-05
-8.244885452021791228e-05
4.684679142181973332e-05
-9.404805465086264337e-07
-9.139980663352051033e-06
3.634219525031184648e-06
4.831338684147788138e-07
-9.185654043740975571e-07
2.481667717915642712e-07
9.266302859678789870e-08
-8.520741065737288179e-08
1.332329631102844482e-08
1.224903164162882007e-08
-7.315191386925333716e-09
2.736199988528387662e-10
1.379461050897064382e-09
-5.751849884381509353e-10
-6.286291660176723275e-11
1.402557525557410804e-10
-4.010303683239284284e-11
