-1.000002566453688235e+00
-1.037240798320798518e+00
-1.063644623555917157e+00
-1.078130390006408534e+00
-1.079760569623195998e+00
-1.067767625452455293e+00
-1.041575259441144707e+00
-1.000816542315314361e+00
-9.453484843865581633e-01
-8.752626737428074177e-01
-7.908916845127009765e-01
-6.928110411936446722e-01
-5.818366136790092957e-01
-4.590174097638154427e-01
-3.256238256215486793e-01
-1.831315080561411179e-01
-3.320107327136608694e-02
1.223459864642259670e-01
2.815547963906547269e-01
4.423675085840771959e-01
6.026560793687539830e-01
7.602568147579160662e-01
9.130060434267589509e-01
1.058776249119629753e+00
1.195511980260163476e+00
1.321264854213375139e+00
1.434226987198250924e+00
1.532762208032719009e+00
1.615434454187192559e+00
1.681032801229317419e+00
1.728592640602483632e+00
1.757412594497793856e+00
1.767066838847042520e+00
1.757412594497793856e+00
1.728592640602484520e+00
1.681032801229317419e+00
1.615434454187192559e+00
1.532762208032719009e+00
1.434226987198250924e+00
1.321264854213375139e+00
1.195511980260163476e+00
1.058776249119630419e+00
9.130060434267596170e-01
7.602568147579160662e-01
6.026560793687552042e-01
4.423675085840779175e-01
2.815547963906553930e-01
1.223459864642253980e-01
-3.320107327136561509e-02
-1.831315080561402298e-01
-3.256238256215486793e-01
-4.590174097638150541e-01
-5.818366136790092957e-01
-6.928110411936444502e-01
-7.908916845127005324e-01
-8.752626737428075288e-01
-9.453484843865580523e-01
-1.000816542315313917e+00
-1.041575259441144707e+00
-1.067767625452455293e+00
-1.079760569623195998e+00
-1.078130390006408534e+00
-1.063644623555917379e+00
-1.037240798320798518e+00
-1.000002566453688457e+00
-9.531337632146200667e-01
-8.979309715305442419e-01
-8.357551933441175196e-01
-7.680032375874448203e-01
-6.960794300644179700e-01
-6.213682330204524096e-01
-5.452083322012175604e-01
-4.688687075001501392e-01
-3.935271508664519580e-01
-3.202516332170508018e-01
-2.499848520941387875e-01
-1.835322153297836711e-01
-1.215534347494705153e-01
-6.455781979126121173e-02
-1.290327571588295238e-02
3.320107327136575387e-02
7.368879730779774595e-02
1.086268490221545813e-01
1.382033359292083874e-01
1.627127496400383733e-01
1.825390785298671159e-01
1.981372743029921890e-01
2.100135754896290674e-01
2.187052116265444657e-01
2.247600203031571708e-01
2.287165052633463036e-01
2.310848474841541156e-01
2.323293530234485371e-01
2.328527821212089399e-01
2.329829544839772115e-01
2.329619670376246177e-01
2.329382940603341168e-01
2.329619670376246177e-01
2.329829544839772115e-01
2.328527821212089399e-01
2.323293530234484539e-01
2.310848474841541156e-01
2.287165052633463314e-01
2.247600203031572264e-01
2.187052116265444934e-01
2.100135754896291784e-01
1.981372743029922168e-01
1.825390785298672547e-01
1.627127496400385953e-01
1.382033359292085539e-01
1.086268490221547894e-01
7.368879730779794024e-02
3.320107327136598285e-02
-1.290327571588262452e-02
-6.455781979126019865e-02
-1.215534347494705153e-01
-1.835322153297833936e-01
-2.499848520941381769e-01
-3.202516332170502467e-01
-3.935271508664507367e-01
-4.688687075001489180e-01
-5.452083322012177824e-01
-6.213682330204519655e-01
-6.960794300644174148e-01
-7.680032375874442652e-01
-8.357551933441164094e-01
-8.979309715305442419e-01
-9.531337632146196226e-01
