0.000000000000000000e+00
9.813535213470458984e-02
1.960342824459075928e-01
2.934609353542327881e-01
3.901806473731994629e-01
4.859603643417358398e-01
5.805693268775939941e-01
6.737797260284423828e-01
7.653668522834777832e-01
8.551101684570312500e-01
9.427934885025024414e-01
1.000000000000000000e+00
1.000000000000000000e+00
1.000000000000000000e+00
1.000000000000000000e+00
1.000000000000000000e+00
1.000000000000000000e+00
1.000000000000000000e+00
1.000000000000000000e+00
1.000000000000000000e+00
1.000000000000000000e+00
1.000000000000000000e+00
1.000000000000000000e+00
1.000000000000000000e+00
1.000000000000000000e+00
1.000000000000000000e+00
1.000000000000000000e+00
1.000000000000000000e+00
1.000000000000000000e+00
1.000000000000000000e+00
1.000000000000000000e+00
1.000000000000000000e+00
1.000000000000000000e+00
1.000000000000000000e+00
1.000000000000000000e+00
1.000000000000000000e+00
1.000000000000000000e+00
1.000000000000000000e+00
1.000000000000000000e+00
1.000000000000000000e+00
1.000000000000000000e+00
1.000000000000000000e+00
1.000000000000000000e+00
1.000000000000000000e+00
1.000000000000000000e+00
1.000000000000000000e+00
1.000000000000000000e+00
1.000000000000000000e+00
1.000000000000000000e+00
1.000000000000000000e+00
1.000000000000000000e+00
1.000000000000000000e+00
1.000000000000000000e+00
1.000000000000000000e+00
9.427934885025024414e-01
8.551101684570312500e-01
7.653668522834777832e-01
6.737797260284423828e-01
5.805693268775939941e-01
4.859603643417358398e-01
3.901806473731994629e-01
2.934609353542327881e-01
1.960342824459075928e-01
9.813535213470458984e-02
2.449293705170335709e-16
-9.813535213470458984e-02
-1.960342824459075928e-01
-2.934609353542327881e-01
-3.901806473731994629e-01
-4.859603643417358398e-01
-5.805693268775939941e-01
-6.737797260284423828e-01
-7.653668522834777832e-01
-8.551101684570312500e-01
-9.427934885025024414e-01
-1.000000000000000000e+00
-1.000000000000000000e+00
-1.000000000000000000e+00
-1.000000000000000000e+00
-1.000000000000000000e+00
-1.000000000000000000e+00
-1.000000000000000000e+00
-1.000000000000000000e+00
-1.000000000000000000e+00
-1.000000000000000000e+00
-1.000000000000000000e+00
-1.000000000000000000e+00
-1.000000000000000000e+00
-1.000000000000000000e+00
-1.000000000000000000e+00
-1.000000000000000000e+00
-1.000000000000000000e+00
-1.000000000000000000e+00
-1.000000000000000000e+00
-1.000000000000000000e+00
-1.000000000000000000e+00
-1.000000000000000000e+00
-1.000000000000000000e+00
-1.000000000000000000e+00
-1.000000000000000000e+00
-1.000000000000000000e+00
-1.000000000000000000e+00
-1.000000000000000000e+00
-1.000000000000000000e+00
-1.000000000000000000e+00
-1.000000000000000000e+00
-1.000000000000000000e+00
-1.000000000000000000e+00
-1.000000000000000000e+00
-1.000000000000000000e+00
-1.000000000000000000e+00
-1.000000000000000000e+00
-1.000000000000000000e+00
-1.000000000000000000e+00
-1.000000000000000000e+00
-1.000000000000000000e+00
-1.000000000000000000e+00
-1.000000000000000000e+00
-9.427934885025024414e-01
-8.551101684570312500e-01
-7.653668522834777832e-01
-6.737797260284423828e-01
-5.805693268775939941e-01
-4.859603643417358398e-01
-3.901806473731994629e-01
-2.934609353542327881e-01
-1.960342824459075928e-01
-9.813535213470458984e-02
