2.743123284595093692e-01
8.072002506561137825e-02
-1.660021533324015364e-01
-4.359173586461174144e-01
-6.942141256571100483e-01
-9.058213782329119779e-01
-1.040173676974523786e+00
-1.075465411913474112e+00
-1.001793426383737584e+00
-8.227351368241837548e-01
-5.551235128772521454e-01
-2.270312179822949472e-01
1.257720134704030102e-01
4.644083840614372516e-01
7.518977233255600412e-01
9.578898347543867153e-01
1.062471388619299795e+00
1.058526388310095712e+00
9.523349851942670696e-01
7.623461998643484838e-01
5.163196788191547482e-01
2.472623432800064303e-01
-1.124582566678082943e-02
-2.296610020402409802e-01
-3.863607605993854555e-01
-4.702591002696484002e-01
-4.817967769038630776e-01
-4.321949618341347499e-01
-3.411176197838881041e-01
-2.331222985226910904e-01
-1.334557163594409235e-01
-6.384364191134328514e-02
-3.892049246000883755e-02
-6.384364191134328514e-02
-1.334557163594388141e-01
-2.331222985226910904e-01
-3.411176197838881041e-01
-4.321949618341347499e-01
-4.817967769038630776e-01
-4.702591002696484002e-01
-3.863607605993854555e-01
-2.296610020402421182e-01
-1.124582566678182863e-02
2.472623432800064303e-01
5.163196788191525277e-01
7.623461998643475956e-01
9.523349851942664035e-01
1.058526388310096156e+00
1.062471388619300017e+00
9.578898347543877145e-01
7.518977233255600412e-01
4.644083840614380287e-01
1.257720134704030102e-01
-2.270312179822939758e-01
-5.551235128772504801e-01
-8.227351368241839769e-01
-1.001793426383737140e+00
-1.075465411913473890e+00
-1.040173676974524009e+00
-9.058213782329126440e-01
-6.942141256571119357e-01
-4.359173586461177474e-01
-1.660021533324027299e-01
8.072002506561169743e-02
2.743123284595089251e-01
3.935492935230931466e-01
4.284683798549788758e-01
3.813191080079211259e-01
2.658228081308448010e-01
1.048928326711389414e-01
-7.282534765439910296e-02
-2.370816799694773769e-01
-3.602279910792366424e-01
-4.209239810561008488e-01
-4.068542435853701456e-01
-3.161245667804398196e-01
-1.572035601777034552e-01
5.251557140266800705e-02
2.892691954148638445e-01
5.261867512562905524e-01
7.367795584598384462e-01
8.981672665057074401e-01
9.936215518589059936e-01
1.014131465146047129e+00
9.588556172354463225e-01
8.344970570762366702e-01
6.537907267619615936e-01
4.334079901620958020e-01
1.916422748224227424e-01
-5.376194618293207717e-02
-2.873340273490725960e-01
-4.969572471407173730e-01
-6.742348120371474129e-01
-8.142039323704951537e-01
-9.145712817074342915e-01
-9.747156494098794255e-01
-9.947262521374069522e-01
-9.747156494098794255e-01
-9.145712817074342915e-01
-8.142039323704951537e-01
-6.742348120371494113e-01
-4.969572471407173730e-01
-2.873340273490738728e-01
-5.376194618293347882e-02
1.916422748224215211e-01
4.334079901620934705e-01
6.537907267619605944e-01
8.344970570762353379e-01
9.588556172354458784e-01
1.014131465146046907e+00
9.936215518589065487e-01
8.981672665057079952e-01
7.367795584598397785e-01
5.261867512562919957e-01
2.892691954148681743e-01
5.251557140266800705e-02
-1.572035601777024838e-01
-3.161245667804388759e-01
-4.068542435853697570e-01
-4.209239810561010708e-01
-3.602279910792381967e-01
-2.370816799694770716e-01
-7.282534765440056013e-02
1.048928326711376230e-01
2.658228081308437463e-01
3.813191080079196271e-01
4.284683798549788758e-01
3.935492935230937017e-01
