3.861892115900730001e-03
-3.006818340537104062e-01
1.665605793308561622e-01
3.450514990990248554e-02
-3.652272879754916296e-02
-1.568998199035463942e-03
7.184991201711917949e-03
-6.872786536231715801e-04
-1.276709918035367347e-03
3.064768602067178931e-04
2.015436310187063271e-04
-8.616127433735183032e-05
-2.662780706073256918e-05
2.009859745273633825e-05
2.321247740048541623e-06
-4.154125017424660999e-06
1.275123348429930810e-07
7.752089340786795295e-07
-1.307891478240495003e-07
-1.299701347230067318e-07
4.280639358642516480e-08
1.892339531888993526e-08
-1.076729464626724676e-08
-2.132467501373739177e-09
2.347534990593283463e-09
8.455504668599738661e-11
-4.595849352106904920e-10
4.697756209910818985e-11
8.125002687349345278e-11
-2.012233328357026749e-11
-1.274138881116811584e-11
5.589610679939541375e-12
1.663803628468541087e-12
-1.295132765458811051e-12
-1.396434528150444060e-13
2.663231249359335960e-13
-9.925330438417516447e-15
-4.945866770852560624e-14
8.685982840134214692e-15
8.245243645974904266e-15
-2.789807318941915024e-15
-1.190302995764707649e-15
6.958304230319624658e-16
1.315864825918551873e-16
-1.508535565243811578e-16
-4.394154351119176485e-18
2.939038057847356393e-17
-3.197539407575162487e-18
-5.169376257234537871e-18
1.320066949013976759e-18
8.051776521996682505e-19
-3.624763882191039419e-19
-1.038722983294337073e-19
8.343468993150876537e-20
8.363899344478092071e-21
-1.707018194920922594e-20
7.481209097039246252e-22
3.154717125615021713e-21
-5.759864175116453542e-22
-5.229076606020902021e-22
1.817226401599028937e-22
7.482971818887191560e-23
-4.495367251315889201e-23
-8.106231504523655257e-24
