5.300343377080840579e-01
6.218764104071201615e-01
6.076162211993777484e-01
5.026517615359216151e-01
3.332899755606849590e-01
1.328104357248651723e-01
-6.331276928341418586e-02
-2.223513209528883428e-01
-3.187331061050210912e-01
-3.373179512807810698e-01
-2.751068900602713918e-01
-1.411859728829771843e-01
4.503668023391991376e-02
2.569973901210983458e-01
4.650482510077203480e-01
6.408160213193518917e-01
7.612060931047806012e-01
8.114793164327074315e-01
7.869830453998689634e-01
6.933302294756502615e-01
5.450587163970678217e-01
3.630307379176815341e-01
1.710155052736377912e-01
-7.991067864396270842e-03
-1.551319544277822149e-01
-2.582284358942820712e-01
-3.131258717893423693e-01
-3.236766677776723999e-01
-3.004122793299729977e-01
-2.581648639367362108e-01
-2.130631485357044053e-01
-1.794208820058668385e-01
-1.670457383473751278e-01
-1.794208820058668385e-01
-2.130631485357034893e-01
-2.581648639367362108e-01
-3.004122793299729977e-01
-3.236766677776723999e-01
-3.131258717893423693e-01
-2.582284358942820712e-01
-1.551319544277822149e-01
-7.991067864397228410e-03
1.710155052736369585e-01
3.630307379176815341e-01
5.450587163970666005e-01
6.933302294756495954e-01
7.869830453998686304e-01
8.114793164327074315e-01
7.612060931047808232e-01
6.408160213193527799e-01
4.650482510077203480e-01
2.569973901210988454e-01
4.503668023391991376e-02
-1.411859728829766847e-01
-2.751068900602707812e-01
-3.373179512807810143e-01
-3.187331061050211467e-01
-2.223513209528891754e-01
-6.331276928341438015e-02
1.328104357248643952e-01
3.332899755606834602e-01
5.026517615359215041e-01
6.076162211993774154e-01
6.218764104071200505e-01
5.300343377080845020e-01
3.301269269283751417e-01
3.436718014515987435e-02
-3.320245097350350005e-01
-7.337553763941441209e-01
-1.129769309541940769e+00
-1.478344639266724547e+00
-1.742286213191273747e+00
-1.893507390469392870e+00
-1.916387923004034377e+00
-1.809470589540031371e+00
-1.585296594013291260e+00
-1.268442209016126476e+00
-8.920686088019040838e-01
-4.934972647352007802e-01
-1.094462650227294581e-01
2.284081619915257766e-01
4.969483001036626435e-01
6.837655446108140689e-01
7.877135951169933481e-01
8.178733700875964185e-01
7.911704111065576139e-01
7.290738598495756229e-01
6.539237549937652050e-01
5.854642910236347308e-01
5.381022015558075688e-01
5.192727080716033061e-01
5.291034978268607247e-01
5.613511224609704087e-01
6.053784678639285710e-01
6.487788576529301965e-01
6.801571274754623087e-01
6.915648726957175363e-01
6.801571274754623087e-01
6.487788576529301965e-01
6.053784678639285710e-01
5.613511224609709638e-01
5.291034978268607247e-01
5.192727080716031951e-01
5.381022015558073468e-01
5.854642910236345088e-01
6.539237549937644278e-01
7.290738598495754008e-01
7.911704111065573919e-01
8.178733700875966406e-01
7.877135951169936812e-01
6.837655446108150681e-01
4.969483001036641423e-01
2.284081619915276917e-01
-1.094462650227272793e-01
-4.934972647351938413e-01
-8.920686088019040838e-01
-1.268442209016124700e+00
-1.585296594013288818e+00
-1.809470589540030261e+00
-1.916387923004033267e+00
-1.893507390469394425e+00
-1.742286213191273081e+00
-1.478344639266727212e+00
-1.129769309541943656e+00
-7.337553763941472296e-01
-3.320245097350415509e-01
3.436718014516035313e-02
3.301269269283733099e-01
