-3.746957662514053267e-01
-4.110027708342787189e-01
-4.932240634487871089e-01
-6.091839369732949816e-01
-7.405443277188742401e-01
-8.656293759341845417e-01
-9.627652598628008151e-01
-1.013620591172861740e+00
-1.006032902578886112e+00
-9.358859305422252417e-01
-8.077483857671722278e-01
-6.341753774364767837e-01
-4.337794640176464989e-01
-2.283679281059642630e-01
-3.958724552170725386e-02
1.144073416592765319e-01
2.217416316336138782e-01
2.786376478744786445e-01
2.899685372409568362e-01
2.684601406297205672e-01
2.326537731132110043e-01
2.039356041055460089e-01
2.030829673779895594e-01
2.468547043512142047e-01
3.451493404496887019e-01
4.991717715438307446e-01
7.008986026879800990e-01
9.339370207261353807e-01
1.175661625701292179e+00
1.400319886892402499e+00
1.582649241533819806e+00
1.701469781373547763e+00
1.742718069654165092e+00
1.701469781373547763e+00
1.582649241533823137e+00
1.400319886892402499e+00
1.175661625701292179e+00
9.339370207261353807e-01
7.008986026879800990e-01
4.991717715438307446e-01
3.451493404496887019e-01
2.468547043512145656e-01
2.030829673779896705e-01
2.039356041055460089e-01
2.326537731132106435e-01
2.684601406297204562e-01
2.899685372409568362e-01
2.786376478744784779e-01
2.217416316336141280e-01
1.144073416592773507e-01
-3.958724552170725386e-02
-2.283679281059636523e-01
-4.337794640176464989e-01
-6.341753774364763396e-01
-8.077483857671714507e-01
-9.358859305422254637e-01
-1.006032902578886112e+00
-1.013620591172861740e+00
-9.627652598628010372e-01
-8.656293759341848748e-01
-7.405443277188752393e-01
-6.091839369732953147e-01
-4.932240634487877196e-01
-4.110027708342787744e-01
-3.746957662514054377e-01
-3.884430980697953228e-01
-4.477174323685175761e-01
-5.400338971809235389e-01
-6.468955928727245785e-01
-7.466789169248200242e-01
-8.180179257499476941e-01
-8.431692798208889617e-01
-8.108408600262762000e-01
-7.180477814233064970e-01
-5.707070635934236025e-01
-3.828742147141015462e-01
-1.747322047327064254e-01
3.036586248634553717e-02
2.093537634444787854e-01
3.428847073524455280e-01
4.182174542493531932e-01
4.311157190560839236e-01
3.864694816614030470e-01
2.975403690443592097e-01
1.839420788711648991e-01
6.865912766930538924e-02
-2.544624499306767998e-02
-7.911074785023096412e-02
-7.960370051481352460e-02
-2.267274657400453544e-02
8.679403912933131293e-02
2.354909910926817895e-01
4.036941116562793308e-01
5.682346446232672266e-01
7.059969882294638843e-01
7.974112730767161095e-01
8.294115364232841348e-01
7.974112730767161095e-01
7.059969882294638843e-01
5.682346446232672266e-01
4.036941116562813292e-01
2.354909910926817895e-01
8.679403912933211784e-02
-2.267274657400410870e-02
-7.960370051481341358e-02
-7.911074785023138045e-02
-2.544624499306801305e-02
6.865912766930444555e-02
1.839420788711638999e-01
2.975403690443583771e-01
3.864694816614026029e-01
4.311157190560837571e-01
4.182174542493534153e-01
3.428847073524461386e-01
2.093537634444815887e-01
3.036586248634553717e-02
-1.747322047327052041e-01
-3.828742147140998808e-01
-5.707070635934222702e-01
-7.180477814233043876e-01
-8.108408600262753119e-01
-8.431692798208888506e-01
-8.180179257499480272e-01
-7.466789169248205793e-01
-6.468955928727252447e-01
-5.400338971809252042e-01
-4.477174323685174095e-01
-3.884430980697956004e-01
