9.967751759751682095e-02
4.332026304337641132e-02
-1.267671362496535989e-02
-6.701271952002904597e-02
-1.184348405298395190e-01
-1.657650416605559729e-01
-2.079255383257180845e-01
-2.439618924365475339e-01
-2.730633373932433994e-01
-2.945798970140057760e-01
-3.080359337384109830e-01
-3.131398395743774654e-01
-3.097896675239811826e-01
-2.980745897913761877e-01
-2.782721600222677893e-01
-2.508414481742872182e-01
-2.164122063888969938e-01
-1.757703104808476247e-01
-1.298398025107232179e-01
-7.966193360755491337e-02
-2.637167116537182665e-02
2.882781065626969022e-02
8.469209472772989966e-02
1.399633454458269199e-01
1.933983820893143135e-01
2.437963842825143501e-01
2.900256213477912515e-01
3.310486191088207741e-01
3.659452122596655865e-01
3.939329769843433193e-01
4.143845960818895446e-01
4.268417761681257416e-01
4.310254121212493406e-01
4.268417761681257416e-01
4.143845960818899332e-01
3.939329769843433193e-01
3.659452122596655865e-01
3.310486191088207741e-01
2.900256213477912515e-01
2.437963842825143501e-01
1.933983820893143135e-01
1.399633454458272530e-01
8.469209472773012171e-02
2.882781065626969022e-02
-2.637167116537140685e-02
-7.966193360755469133e-02
-1.298398025107230236e-01
-1.757703104808477912e-01
-2.164122063888968550e-01
-2.508414481742869961e-01
-2.782721600222677893e-01
-2.980745897913761322e-01
-3.097896675239811826e-01
-3.131398395743774654e-01
-3.080359337384109830e-01
-2.945798970140057760e-01
-2.730633373932434549e-01
-2.439618924365477004e-01
-2.079255383257181122e-01
-1.657650416605561672e-01
-1.184348405298398799e-01
-6.701271952002911536e-02
-1.267671362496560102e-02
4.332026304337645989e-02
9.967751759751668217e-02
1.550748231679190126e-01
2.082011977185222740e-01
2.577835938294706919e-01
3.026148772495984574e-01
3.415804863539708136e-01
3.736831921498928177e-01
3.980654185728048633e-01
4.140286346433345033e-01
4.210493925059423104e-01
4.187916570953468254e-01
4.071151526351483030e-01
3.860795366516800997e-01
3.559443018420186400e-01
3.171643980340037583e-01
2.703816586344032213e-01
2.164122063888970215e-01
1.562301000207319546e-01
9.094756449898823425e-02
2.179222155691211069e-02
-4.991819796232692397e-02
-1.228031237170401635e-01
-1.954478180846656865e-01
-2.664328409377627049e-01
-3.343636793394046958e-01
-3.978999104187717073e-01
-4.557832751719658182e-01
-5.068640638022355871e-01
-5.501252489794239420e-01
-5.847038512937846599e-01
-6.099090801754468716e-01
-6.252368623794214431e-01
-6.303804473162830657e-01
-6.252368623794214431e-01
-6.099090801754468716e-01
-5.847038512937846599e-01
-5.501252489794243861e-01
-5.068640638022355871e-01
-4.557832751719661513e-01
-3.978999104187720404e-01
-3.343636793394050288e-01
-2.664328409377634266e-01
-1.954478180846659641e-01
-1.228031237170408019e-01
-4.991819796232748602e-02
2.179222155691154864e-02
9.094756449898773465e-02
1.562301000207315105e-01
2.164122063888966607e-01
2.703816586344028883e-01
3.171643980340030367e-01
3.559443018420186400e-01
3.860795366516799332e-01
4.071151526351481365e-01
4.187916570953467699e-01
4.210493925059423659e-01
4.140286346433346698e-01
3.980654185728048078e-01
3.736831921498930398e-01
3.415804863539710912e-01
3.026148772495987349e-01
2.577835938294714690e-01
2.082011977185222185e-01
1.550748231679194289e-01
