-1.024454832077026367e-08
-4.959351941943168640e-02
-9.906750917434692383e-02
-1.483027637004852295e-01
-1.971806585788726807e-01
-2.455834150314331055e-01
-2.933944165706634521e-01
-3.404985368251800537e-01
-3.867822289466857910e-01
-4.321341514587402344e-01
-4.764450192451477051e-01
-5.196080803871154785e-01
-5.615194439888000488e-01
-6.020781397819519043e-01
-6.411865353584289551e-01
-6.787503361701965332e-01
-7.146790027618408203e-01
-7.488861083984375000e-01
-7.812891006469726562e-01
-8.118098974227905273e-01
-8.403749465942382812e-01
-8.669154644012451172e-01
-8.913674354553222656e-01
-9.136717915534973145e-01
-9.337749481201171875e-01
-9.516285061836242676e-01
-9.671894311904907227e-01
-9.804201722145080566e-01
-9.912890195846557617e-01
-9.997698664665222168e-01
-1.005842208862304688e+00
-1.009491324424743652e+00
-1.010708808898925781e+00
-1.009491324424743652e+00
-1.005842208862304688e+00
-9.997698664665222168e-01
-9.912890195846557617e-01
-9.804201722145080566e-01
-9.671894311904907227e-01
-9.516285061836242676e-01
-9.337749481201171875e-01
-9.136717915534973145e-01
-8.913674354553222656e-01
-8.669154644012451172e-01
-8.403749465942382812e-01
-8.118098974227905273e-01
-7.812891006469726562e-01
-7.488861083984375000e-01
-7.146790027618408203e-01
-6.787503361701965332e-01
-6.411865353584289551e-01
-6.020781397819519043e-01
-5.615194439888000488e-01
-5.196080803871154785e-01
-4.764450192451477051e-01
-4.321341514587402344e-01
-3.867822289466857910e-01
-3.404985368251800537e-01
-2.933944165706634521e-01
-2.455834150314331055e-01
-1.971806585788726807e-01
-1.483027637004852295e-01
-9.906750917434692383e-02
-4.959351941943168640e-02
-1.024454832077026367e-08
4.959349706768989563e-02
9.906749427318572998e-02
1.483027338981628418e-01
1.971806287765502930e-01
2.455833852291107178e-01
2.933944165706634521e-01
3.404985368251800537e-01
3.867822289466857910e-01
4.321341514587402344e-01
4.764450192451477051e-01
5.196080803871154785e-01
5.615194439888000488e-01
6.020781397819519043e-01
6.411865353584289551e-01
6.787503361701965332e-01
7.146790027618408203e-01
7.488861083984375000e-01
7.812891006469726562e-01
8.118098974227905273e-01
8.403749465942382812e-01
8.669154644012451172e-01
8.913674354553222656e-01
9.136717915534973145e-01
9.337749481201171875e-01
9.516285061836242676e-01
9.671894311904907227e-01
9.804201722145080566e-01
9.912890195846557617e-01
9.997698664665222168e-01
1.005842208862304688e+00
1.009491324424743652e+00
1.010708808898925781e+00
1.009491324424743652e+00
1.005842208862304688e+00
9.997698664665222168e-01
9.912890195846557617e-01
9.804201722145080566e-01
9.671894311904907227e-01
9.516285061836242676e-01
9.337749481201171875e-01
9.136717915534973145e-01
8.913674354553222656e-01
8.669154644012451172e-01
8.403749465942382812e-01
8.118098974227905273e-01
7.812891006469726562e-01
7.488861083984375000e-01
7.146790027618408203e-01
6.787503361701965332e-01
6.411865353584289551e-01
6.020781397819519043e-01
5.615194439888000488e-01
5.196080803871154785e-01
4.764450192451477051e-01
4.321341514587402344e-01
3.867822289466857910e-01
3.404985368251800537e-01
2.933944165706634521e-01
2.455833852291107178e-01
1.971806287765502930e-01
1.483027338981628418e-01
9.906749427318572998e-02
4.959349706768989563e-02
