-3.052991331679535611e-02
-3.032733630836414451e-01
5.948604152757234198e-01
-5.994746760299127786e-01
6.219181303268069838e-01
-6.441156293563120583e-01
6.671698121587442687e-01
-6.910453242113351324e-01
7.157754787684178499e-01
-7.413906276905756210e-01
7.679224557216464131e-01
-7.954037668417688334e-01
8.238685398432640250e-01
-8.533519694512147202e-01
8.838905098922852366e-01
-9.155219199647109951e-01
9.482853097246343177e-01
-9.822211888429795978e-01
1.017371516692866962e+00
-1.053779754229481558e+00
1.091490917726547272e+00
-1.130551634435841946e+00
1.171010200238578491e+00
-1.212916639359928439e+00
1.256322766220525411e+00
-1.301282249501422461e+00
1.347850678501711474e+00
-1.396085631870857213e+00
1.446046748800724702e+00
-1.497795802765324868e+00
1.551396777899452850e+00
-1.606915948110656966e+00
1.664421959022351460e+00
-1.723985912849395286e+00
1.785681456311073667e+00
-1.849584871690185706e+00
1.915775171150824630e+00
-1.984334194431466303e+00
2.055346710034159585e+00
-2.128900520034930466e+00
2.205086568644991640e+00
-2.283999054656984384e+00
2.365735547915286396e+00
-2.450397109954392860e+00
2.538088418954531189e+00
-2.628917899169008532e+00
2.722997854983319588e+00
-2.820444609771771471e+00
2.921378649723310073e+00
-3.025924772814380326e+00
3.134212243113012164e+00
-3.246374950604923537e+00
3.362551576739249981e+00
-3.482885765898586783e+00
3.607526303005358592e+00
-3.736627297484110155e+00
3.870348373807175779e+00
-4.008854868859328846e+00
4.152318036365429954e+00
-4.300915258633843052e+00
4.454830265877419926e+00
-4.614253363383235218e+00
4.779381666811938878e+00
-4.950419345917675074e+00
5.127577876989893646e+00
-5.311076304329192865e+00
5.501141511080482438e+00
-5.698008499758340228e+00
5.901920682811406138e+00
-6.113130183585081312e+00
6.331898148054649234e+00
-6.558495067714254390e+00
6.793201114020977371e+00
-7.036306484807504980e+00
7.288111763091732698e+00
-7.548928288726924229e+00
7.819078543351962729e+00
-8.098896549117645449e+00
8.388728281682025667e+00
-8.688932097985444969e+00
8.999879179334168811e+00
-9.321953990340453799e+00
9.655554754286519881e+00
-1.000109394550016439e+01
1.035899879935080925e+01
-1.072971184049655236e+01
1.111369143003538440e+01
-1.151141233223705385e+01
1.192336630155633337e+01
-1.235006269065347517e+01
1.279202908017363605e+01
-1.324981193106393107e+01
1.372397726023470987e+01
-1.421511134040039970e+01
1.472382142496527457e+01
-1.525073649885038840e+01
1.579650805619003506e+01
-1.636181090585929354e+01
1.694734400582865064e+01
-1.755383132737728857e+01
1.818202275023364578e+01
-1.883269498974994249e+01
1.950665255725713720e+01
-2.020472875478767349e+01
2.092778670539594899e+01
-2.167672042035042779e+01
2.245245590451688500e+01
-2.325595230129953350e+01
2.408820307855567222e+01
-2.495023725695013894e+01
2.584312068226837411e+01
-2.676795734326119103e+01
2.772589073665069392e+01
-2.871810528098508897e+01
2.974582778109049030e+01
-3.081032894493044338e+01
3.191292495474866087e+01
-3.305497909443754878e+01
3.423790343514467338e+01
-3.546316058120132197e+01
3.673226547853183632e+01
-3.804678728777972907e+01
3.940835132446655820e+01
-4.081864106858240859e+01
4.227940024609279135e+01
-4.379243498493544706e+01
4.535961604817295267e+01
-4.698288114706217300e+01
