-2.482096565090609677e-02
2.541726706439664252e-01
-1.270191140095468241e-01
-2.079372602545598858e-01
1.571446281490335509e-02
1.414508843684709749e-01
3.566230235331944304e-02
-8.116029663537083216e-02
-4.975780786467338956e-02
3.704730024885945910e-02
4.466513948717307225e-02
-9.777376389995762196e-03
-3.246417346290518535e-02
-4.138628730136390682e-03
1.994182869061366173e-02
9.194045521707867527e-03
-1.008811686669796800e-02
-9.306788868829199424e-03
3.590409712826509326e-03
7.269202123993963316e-03
7.991198144081780052e-06
-4.763812299275301670e-03
-1.553301123360114645e-03
2.618862413675651906e-03
1.869530714743730237e-03
-1.109657926847521696e-03
-1.586447003372721100e-03
2.120655811029510738e-04
1.109145243201165119e-03
2.213796254660160660e-04
-6.553253942898113089e-04
-3.581147254364812653e-04
