2.158139516265793201e-02
-6.542004734204733829e-01
-7.613857147021972915e-01
8.184084695934724929e-02
4.126923720044132216e-01
9.386557764540216786e-02
-1.783603333875452002e-01
-1.060614408759862903e-01
5.560658727821476272e-02
7.198547214599056165e-02
-4.572836376164923257e-03
-3.798024745432126287e-02
-1.013804671640129718e-02
1.592280035667065566e-02
1.035954524143247943e-02
-4.671946633050393961e-03
-6.782127252212387901e-03
1.434676019460629144e-04
3.484077946261068988e-03
1.069882041870664569e-03
-1.414788584526307288e-03
-1.006165716877531783e-03
3.870151282364386598e-04
6.368219039569099566e-04
1.271247152014778255e-05
-3.185579074950523233e-04
-1.109120691820805402e-04
1.250647977985497512e-04
9.722217791027236889e-05
-3.149641555415687896e-05
-5.959910833156266348e-05
-3.583598182359143085e-06
2.902825186629560524e-05
1.133577496223870106e-05
-1.099334213751013249e-05
-9.349932440463960587e-06
