-2.287914865557071076e-02
3.447467913363921888e-01
6.731676937691990492e-01
9.372095072163085794e-01
1.118802132374104419e+00
1.208724767195351379e+00
1.207320556041671322e+00
1.124135086176563547e+00
9.765577743165572144e-01
7.876554343859185625e-01
5.834711528165944516e-01
3.901105532933101805e-01
2.309476398730695434e-01
1.242544101694785935e-01
8.149742713736807254e-02
1.064591294538338312e-01
1.952427413597626060e-01
3.371190085387454904e-01
5.160819335237184502e-01
7.129087691281356109e-01
9.074736197257208259e-01
1.081047704286895561e+00
1.218332831567545904e+00
1.309014903526035445e+00
1.348685622333542833e+00
1.339055485493008568e+00
1.287461110418461230e+00
1.205746400471386925e+00
1.108662331012073565e+00
1.011977988942070583e+00
9.305217384254104163e-01
8.763740794069130313e-01
8.574133105705504798e-01
8.763740794069130313e-01
9.305217384254090840e-01
1.011977988942070583e+00
1.108662331012073565e+00
1.205746400471386925e+00
1.287461110418461230e+00
1.339055485493008568e+00
1.348685622333542833e+00
1.309014903526035889e+00
1.218332831567546570e+00
1.081047704286895561e+00
9.074736197257221582e-01
7.129087691281366101e-01
5.160819335237190053e-01
3.371190085387450464e-01
1.952427413597629391e-01
1.064591294538343724e-01
8.149742713736807254e-02
1.242544101694783576e-01
2.309476398730695434e-01
3.901105532933096254e-01
5.834711528165935635e-01
7.876554343859188956e-01
9.765577743165567703e-01
1.124135086176562881e+00
1.207320556041671544e+00
1.208724767195351824e+00
1.118802132374105529e+00
9.372095072163089124e-01
6.731676937692004925e-01
3.447467913363918002e-01
-2.287914865556976707e-02
-4.000384931527712906e-01
-7.557510328235818031e-01
-1.061142003799149469e+00
-1.292684730398110160e+00
-1.434883556585653031e+00
-1.482064437987744121e+00
-1.439038777515691647e+00
-1.320536141077906622e+00
-1.149448323764344915e+00
-9.540731419018854131e-01
-7.646731054863260546e-01
-6.097553984502579461e-01
-5.125229497673227108e-01
-4.879350868259261231e-01
-5.407503091403570439e-01
-6.648100024085311643e-01
-8.436735475257575168e-01
-1.052550088634969017e+00
-1.261310571963214056e+00
-1.438225911530670365e+00
-1.553981027776200952e+00
-1.585472855958428129e+00
-1.518919380388313645e+00
-1.351884892517833503e+00
-1.093955053752593942e+00
-7.659585377173792065e-01
-3.978099948922793061e-01
-2.521968260593546868e-02
3.143431095672031272e-01
5.859507381499479139e-01
7.612639669224218197e-01
8.218347827294021357e-01
7.612639669224218197e-01
5.859507381499479139e-01
3.143431095672031272e-01
-2.521968260593108330e-02
-3.978099948922793061e-01
-7.659585377173772081e-01
-1.093955053752592388e+00
-1.351884892517832615e+00
-1.518919380388312534e+00
-1.585472855958428129e+00
-1.553981027776201396e+00
-1.438225911530671919e+00
-1.261310571963215388e+00
-1.052550088634970571e+00
-8.436735475257588490e-01
-6.648100024085323856e-01
-5.407503091403578210e-01
-4.879350868259262342e-01
-5.125229497673227108e-01
-6.097553984502572799e-01
-7.646731054863246113e-01
-9.540731419018841919e-01
-1.149448323764342028e+00
-1.320536141077904180e+00
-1.439038777515692091e+00
-1.482064437987744343e+00
-1.434883556585653697e+00
-1.292684730398111492e+00
-1.061142003799153910e+00
-7.557510328235812480e-01
-4.000384931527740107e-01
