-1.359399074002227148e-01
-1.252575402943959804e-01
-1.131289795077612820e-01
-9.948768903392901652e-02
-8.429225738848016014e-02
-6.753300351138098734e-02
-4.923760237109092025e-02
-2.947528824537450423e-02
-8.359163829690628017e-03
1.395383825987818113e-02
3.726568803899023979e-02
6.134281440309574673e-02
8.592429961542165373e-02
1.107321620553281122e-01
1.354828427292368298e-01
1.598987959625894351e-01
1.837190566599369024e-01
2.067078316853356856e-01
2.286604962648187689e-01
2.494067794536055094e-01
2.688112990291849358e-01
2.867718838917643898e-01
3.032162705673516201e-01
3.180977875798458032e-01
3.313905792074159362e-01
3.430848079148960950e-01
3.531821473731348582e-01
3.616917597876183610e-01
3.686268554935007158e-01
3.740018638012168606e-01
3.778302005580392864e-01
3.801225956094160807e-01
3.808859372078046146e-01
3.801225956094160807e-01
3.778302005580392864e-01
3.740018638012168606e-01
3.686268554935007158e-01
3.616917597876183610e-01
3.531821473731348582e-01
3.430848079148960950e-01
3.313905792074159362e-01
3.180977875798459142e-01
3.032162705673517311e-01
2.867718838917643898e-01
2.688112990291849358e-01
2.494067794536055926e-01
2.286604962648188799e-01
2.067078316853355469e-01
1.837190566599370967e-01
1.598987959625897681e-01
1.354828427292368298e-01
1.107321620553282232e-01
8.592429961542165373e-02
6.134281440309596878e-02
3.726568803899023979e-02
1.395383825987818113e-02
-8.359163829690628017e-03
-2.947528824537439668e-02
-4.923760237109092025e-02
-6.753300351138098734e-02
-8.429225738847971605e-02
-9.948768903392901652e-02
-1.131289795077612820e-01
-1.252575402943959804e-01
-1.359399074002227148e-01
-1.452605588653022584e-01
-1.533145340388547828e-01
-1.602002180643358198e-01
-1.660126367638796452e-01
-1.708375852420577212e-01
-1.747469149448082348e-01
-1.777953556502388788e-01
-1.800193164485064945e-01
-1.814380719953728183e-01
-1.820574725967977758e-01
-1.818758315947757442e-01
-1.808911302860594095e-01
-1.791083775651419185e-01
-1.765459882337100106e-01
-1.732403484896463675e-01
-1.692481688183046229e-01
-1.646466356420276944e-01
-1.595316749152300428e-01
-1.540148076283941181e-01
-1.482191248198525546e-01
-1.422748721875691236e-01
-1.363150475116949034e-01
-1.304713071601789343e-01
-1.248703713725297926e-01
-1.196310240183264539e-01
-1.148617270350973246e-01
-1.106588144190701756e-01
-1.071051945067060807e-01
-1.042694699606395714e-01
-1.022053793727948079e-01
-1.009514696565369518e-01
-1.005309215979325321e-01
-1.009514696565369518e-01
-1.022053793727948079e-01
-1.042694699606395714e-01
-1.071051945067060807e-01
-1.106588144190701756e-01
-1.148617270350973246e-01
-1.196310240183264539e-01
-1.248703713725297926e-01
-1.304713071601787400e-01
-1.363150475116949034e-01
-1.422748721875689015e-01
-1.482191248198523326e-01
-1.540148076283941181e-01
-1.595316749152302926e-01
-1.646466356420274446e-01
-1.692481688183046229e-01
-1.732403484896461454e-01
-1.765459882337097608e-01
-1.791083775651419185e-01
-1.808911302860594095e-01
-1.818758315947759940e-01
-1.820574725967979979e-01
-1.814380719953726240e-01
-1.800193164485064945e-01
-1.777953556502388788e-01
-1.747469149448082348e-01
-1.708375852420577212e-01
-1.660126367638794509e-01
-1.602002180643358198e-01
-1.533145340388547828e-01
-1.452605588653024804e-01
