-2.000000000000000111e-01
-1.494033327938194267e-01
-9.357216044907733232e-02
-3.710543746914807262e-02
1.563924182369784421e-02
6.099729654965545950e-02
9.635235626644664264e-02
1.203592585690826527e-01
1.330153217952701472e-01
1.355783075555887229e-01
1.303470364927438174e-01
1.203357591274768629e-01
1.088844217588625235e-01
9.925273434929836325e-02
9.424591820969074885e-02
9.591435556041978672e-02
1.053589103967955548e-01
1.226598189987289783e-01
1.469315114705548042e-01
1.764904333962678262e-01
2.091097260409607306e-01
2.423250389891852263e-01
2.737508620622763345e-01
3.013670510628103649e-01
3.237405198113154081e-01
3.401566032291182817e-01
3.506470799284573392e-01
3.559156523373186998e-01
3.571750539991350726e-01
3.559212043545819104e-01
3.536775659380853587e-01
3.517461402833964024e-01
3.509999999999999787e-01
3.517461402833964024e-01
3.536775659380853032e-01
3.559212043545819104e-01
3.571750539991350726e-01
3.559156523373186998e-01
3.506470799284573392e-01
3.401566032291182817e-01
3.237405198113154081e-01
3.013670510628104759e-01
2.737508620622764455e-01
2.423250389891852263e-01
2.091097260409609804e-01
1.764904333962679928e-01
1.469315114705549152e-01
1.226598189987288950e-01
1.053589103967955826e-01
9.591435556041982835e-02
9.424591820969074885e-02
9.925273434929834937e-02
1.088844217588625235e-01
1.203357591274768490e-01
1.303470364927437619e-01
1.355783075555887507e-01
1.330153217952701472e-01
1.203592585690827638e-01
9.635235626644668427e-02
6.099729654965563991e-02
1.563924182369821891e-02
-3.710543746914801017e-02
-9.357216044907708252e-02
-1.494033327938195099e-01
-1.999999999999999001e-01
-2.410216796870615352e-01
-2.688788180920778093e-01
-2.811612865100227565e-01
-2.769518347989731732e-01
-2.569849774852386304e-01
-2.236282143237303122e-01
-1.806820018764304647e-01
-1.330153217952702582e-01
-8.607271151864713532e-02
-4.530402701601814186e-02
-1.557816115823709886e-02
-6.452017296231469254e-04
-2.707579127643422630e-03
-2.214993600899575407e-02
-5.746084817543948425e-02
-1.053589103967954993e-01
-1.611133263837089546e-01
-2.190274936712490184e-01
-2.730355886179230418e-01
-3.173489460702000886e-01
-3.470826369584249504e-01
-3.587938715390020517e-01
-3.508726470997524660e-01
-3.237405198113159077e-01
-2.798338599217702893e-01
-2.233712218711740582e-01
-1.599279714017357301e-01
-9.586246102386047907e-02
-3.765448037541155313e-02
8.773412603070195742e-03
3.867887219748496197e-02
4.900000000000001577e-02
3.867887219748496197e-02
8.773412603070195742e-03
-3.765448037541155313e-02
-9.586246102385974355e-02
-1.599279714017357301e-01
-2.233712218711736697e-01
-2.798338599217700118e-01
-3.237405198113157412e-01
-3.508726470997522995e-01
-3.587938715390019961e-01
-3.470826369584251725e-01
-3.173489460702004772e-01
-2.730355886179234304e-01
-2.190274936712494347e-01
-1.611133263837093155e-01
-1.053589103967958185e-01
-5.746084817543974793e-02
-2.214993600899623979e-02
-2.707579127643422630e-03
-6.452017296230803554e-04
-1.557816115823690284e-02
-4.530402701601792675e-02
-8.607271151864641368e-02
-1.330153217952694811e-01
-1.806820018764305757e-01
-2.236282143237300069e-01
-2.569849774852384638e-01
-2.769518347989730622e-01
-2.811612865100228675e-01
-2.688788180920778093e-01
-2.410216796870617573e-01
