-1.453210277081346144e-22
3.375387191772460938e-01
6.356151700019836426e-01
8.593809008598327637e-01
9.826749563217163086e-01
9.910830259323120117e-01
8.836220502853393555e-01
6.728554964065551758e-01
3.834248483180999756e-01
4.916785657405853271e-02
-2.908369600772857666e-01
-5.968386530876159668e-01
-8.330620527267456055e-01
-9.718897938728332520e-01
-9.970910549163818359e-01
-9.057195186614990234e-01
-7.084579467773437500e-01
-4.283679127693176270e-01
-9.819559007883071899e-02
2.434582412242889404e-01
5.566500425338745117e-01
8.047643899917602539e-01
9.587934017181396484e-01
1.000729322433471680e+00
9.256696105003356934e-01
7.423893213272094727e-01
4.723160564899444580e-01
1.470255553722381592e-01
-1.954516023397445679e-01
-5.150787830352783203e-01
-7.744841575622558594e-01
-9.433421492576599121e-01
-1.001910686492919922e+00
-9.433421492576599121e-01
-7.744841575622558594e-01
-5.150787830352783203e-01
-1.954516023397445679e-01
1.470255553722381592e-01
4.723160564899444580e-01
7.423893213272094727e-01
9.256696105003356934e-01
1.000729322433471680e+00
9.587934017181396484e-01
8.047643899917602539e-01
5.566500425338745117e-01
2.434582412242889404e-01
-9.819559007883071899e-02
-4.283679127693176270e-01
-7.084579467773437500e-01
-9.057195186614990234e-01
-9.970910549163818359e-01
-9.718897938728332520e-01
-8.330620527267456055e-01
-5.968386530876159668e-01
-2.908369600772857666e-01
4.916785657405853271e-02
3.834248483180999756e-01
6.728554964065551758e-01
8.836220502853393555e-01
9.910830259323120117e-01
9.826749563217163086e-01
8.593809008598327637e-01
6.356151700019836426e-01
3.375387191772460938e-01
8.589036375540365278e-16
-3.375387191772460938e-01
-6.356151700019836426e-01
-8.593809008598327637e-01
-9.826749563217163086e-01
-9.910830259323120117e-01
-8.836220502853393555e-01
-6.728554964065551758e-01
-3.834248483180999756e-01
-4.916785657405853271e-02
2.908369600772857666e-01
5.968386530876159668e-01
8.330620527267456055e-01
9.718897938728332520e-01
9.970910549163818359e-01
9.057195186614990234e-01
7.084579467773437500e-01
4.283679127693176270e-01
9.819559007883071899e-02
-2.434582412242889404e-01
-5.566500425338745117e-01
-8.047643899917602539e-01
-9.587934017181396484e-01
-1.000729322433471680e+00
-9.256696105003356934e-01
-7.423893213272094727e-01
-4.723160564899444580e-01
-1.470255553722381592e-01
1.954516023397445679e-01
5.150787830352783203e-01
7.744841575622558594e-01
9.433421492576599121e-01
1.001910686492919922e+00
9.433421492576599121e-01
7.744841575622558594e-01
5.150787830352783203e-01
1.954516023397445679e-01
-1.470255553722381592e-01
-4.723160564899444580e-01
-7.423893213272094727e-01
-9.256696105003356934e-01
-1.000729322433471680e+00
-9.587934017181396484e-01
-8.047643899917602539e-01
-5.566500425338745117e-01
-2.434582412242889404e-01
9.819559007883071899e-02
4.283679127693176270e-01
7.084579467773437500e-01
9.057195186614990234e-01
9.970910549163818359e-01
9.718897938728332520e-01
8.330620527267456055e-01
5.968386530876159668e-01
2.908369600772857666e-01
-4.916785657405853271e-02
-3.834248483180999756e-01
-6.728554964065551758e-01
-8.836220502853393555e-01
-9.910830259323120117e-01
-9.826749563217163086e-01
-8.593809008598327637e-01
-6.356151700019836426e-01
-3.375387191772460938e-01
