3.456905342146963100e-01
4.197429732553162873e-01
4.894827010121841071e-01
5.539781992625421037e-01
6.123691577522885066e-01
6.638845217651496711e-01
7.078589873577184610e-01
7.437475781088866977e-01
7.711379752981452063e-01
7.897603187421859960e-01
7.994942471339036016e-01
8.003730035547949040e-01
7.925844926685384761e-01
7.764692396586930778e-01
7.525152658940769124e-01
7.213499612061921029e-01
6.837290961562095815e-01
6.405231783940090740e-01
5.927014138647009878e-01
5.413135849798239585e-01
4.874702028329890302e-01
4.323213281301303557e-01
3.770344849058186454e-01
3.227721116662465861e-01
2.706690058811896393e-01
2.218102194839650931e-01
1.772098551761302210e-01
1.377911960230437938e-01
1.043685744199696203e-01
7.763135155286531031e-02
5.813033570282621909e-02
4.626691804504825395e-02
4.228514901683372296e-02
4.626691804504825395e-02
5.813033570282576112e-02
7.763135155286531031e-02
1.043685744199696203e-01
1.377911960230437938e-01
1.772098551761302210e-01
2.218102194839650931e-01
2.706690058811896393e-01
3.227721116662463641e-01
3.770344849058183678e-01
4.323213281301303557e-01
4.874702028329886971e-01
5.413135849798237365e-01
5.927014138647008767e-01
6.405231783940092960e-01
6.837290961562093594e-01
7.213499612061918809e-01
7.525152658940769124e-01
7.764692396586930778e-01
7.925844926685384761e-01
8.003730035547949040e-01
7.994942471339036016e-01
7.897603187421859960e-01
7.711379752981453173e-01
7.437475781088869198e-01
7.078589873577184610e-01
6.638845217651497821e-01
6.123691577522889506e-01
5.539781992625422147e-01
4.894827010121843847e-01
4.197429732553161763e-01
3.456905342146964766e-01
2.683089063559207510e-01
1.886136740528228106e-01
1.076322324791743335e-01
2.638366053541250922e-02
-5.414085574938305029e-02
-1.329966384374114408e-01
-2.093027849558685427e-01
-2.822577334277211469e-01
-3.511528121326931706e-01
-4.153835058412443937e-01
-4.744582239939071355e-01
-5.280044123297351621e-01
-5.757719093498214757e-01
-6.176335106183317158e-01
-6.535827660007467177e-01
-6.837290961562094704e-01
-7.082903735994543482e-01
-7.275831691404459622e-01
-7.420109152886954496e-01
-7.520502831717920111e-01
-7.582361076910177911e-01
-7.611452261984776868e-01
-7.613796182757390785e-01
-7.595492477516136987e-01
-7.562550126369834702e-01
-7.520722040964370469e-01
-7.475348620388102550e-01
-7.431213927076708581e-01
-7.392417832945816780e-01
-7.362267107678327482e-01
-7.343187976562849384e-01
-7.336662174462262875e-01
-7.343187976562849384e-01
-7.362267107678327482e-01
-7.392417832945816780e-01
-7.431213927076708581e-01
-7.475348620388102550e-01
-7.520722040964369359e-01
-7.562550126369833592e-01
-7.595492477516136987e-01
-7.613796182757391895e-01
-7.611452261984775758e-01
-7.582361076910180131e-01
-7.520502831717921222e-01
-7.420109152886955606e-01
-7.275831691404459622e-01
-7.082903735994543482e-01
-6.837290961562095815e-01
-6.535827660007469397e-01
-6.176335106183322710e-01
-5.757719093498214757e-01
-5.280044123297354952e-01
-4.744582239939075796e-01
-4.153835058412447823e-01
-3.511528121326942253e-01
-2.822577334277222572e-01
-2.093027849558683762e-01
-1.329966384374120514e-01
-5.414085574938364009e-02
2.638366053541189166e-02
1.076322324791730012e-01
1.886136740528229216e-01
2.683089063559201404e-01
