-5.247066775605231832e-03
2.815655324242433491e-02
6.183188013595958266e-02
9.599253723870919408e-02
1.308376948197562950e-01
1.665454865128009054e-01
2.032668919116201456e-01
2.411202233478398627e-01
2.801863417879447704e-01
3.205047109875377442e-01
3.620703808638642829e-01
4.048319708857714971e-01
4.486907025697992046e-01
4.935005073818494736e-01
5.390692129690881629e-01
5.851607871924093818e-01
6.314985964037169719e-01
6.777696123130629857e-01
7.236294810969249314e-01
7.687083495588734605e-01
8.126173265757896669e-01
8.549554441059544763e-01
8.953169710024250216e-01
9.332989250055451214e-01
9.685086237532567477e-01
1.000571114546018325e+00
1.029136324959207149e+00
1.053885782159829310e+00
1.074538757832276925e+00
1.090857707754912864e+00
1.102652890033724464e+00
1.109786063468300998e+00
1.112173187121895168e+00
1.109786063468300998e+00
1.102652890033724686e+00
1.090857707754912864e+00
1.074538757832276925e+00
1.053885782159829310e+00
1.029136324959207149e+00
1.000571114546018325e+00
9.685086237532567477e-01
9.332989250055453434e-01
8.953169710024252437e-01
8.549554441059544763e-01
8.126173265757899999e-01
7.687083495588736826e-01
7.236294810969251534e-01
6.777696123130628747e-01
6.314985964037170829e-01
5.851607871924097148e-01
5.390692129690881629e-01
4.935005073818495847e-01
4.486907025697992046e-01
4.048319708857716082e-01
3.620703808638645049e-01
3.205047109875376887e-01
2.801863417879448814e-01
2.411202233478400847e-01
2.032668919116202011e-01
1.665454865128010442e-01
1.308376948197565448e-01
9.599253723870923571e-02
6.183188013595974225e-02
2.815655324242430022e-02
-5.247066775605148566e-03
-3.860015467224704733e-02
-7.212437185357248315e-02
-1.060347969224230552e-01
-1.405330100191596598e-01
-1.758004860425249061e-01
-2.119924450668961013e-01
-2.492322982819102084e-01
-2.876068147846828627e-01
-3.271621188355417487e-01
-3.679006090862490530e-01
-4.097788711976281251e-01
-4.527066336168738547e-01
-4.965467935528277144e-01
-5.411165168628737643e-01
-5.861893921533356533e-01
-6.314985964037169719e-01
-6.767410073521366032e-01
-7.215821772031386638e-01
-7.656620633878954418e-01
-8.086013955287147947e-01
-8.500085437940975153e-01
-8.894867427800402515e-01
-9.266415171575402843e-01
-9.610881507565181003e-01
-9.924590396119479241e-01
-1.020410771803930805e+00
-1.044630782630105337e+00
-1.064843442632873449e+00
-1.080815448071198670e+00
-1.092360398316111869e+00
-1.099342462038478185e+00
-1.101679053570684630e+00
-1.099342462038478185e+00
-1.092360398316111869e+00
-1.080815448071198670e+00
-1.064843442632873671e+00
-1.044630782630105337e+00
-1.020410771803931027e+00
-9.924590396119481461e-01
-9.610881507565183224e-01
-9.266415171575407284e-01
-8.894867427800404736e-01
-8.500085437940978483e-01
-8.086013955287151278e-01
-7.656620633878957749e-01
-7.215821772031389969e-01
-6.767410073521369362e-01
-6.314985964037173050e-01
-5.861893921533358753e-01
-5.411165168628745414e-01
-4.965467935528277144e-01
-4.527066336168740768e-01
-4.097788711976284581e-01
-3.679006090862493306e-01
-3.271621188355424148e-01
-2.876068147846835288e-01
-2.492322982819100974e-01
-2.119924450668964067e-01
-1.758004860425251836e-01
-1.405330100191599374e-01
-1.060347969224236242e-01
-7.212437185357241376e-02
-3.860015467224729713e-02
