-4.141583058286070207e-01
6.569953850245849325e-02
-1.009101914772827513e+00
-1.229417066335757314e-01
-6.782477006227554117e-01
-1.916013049073695129e-01
-4.737730757755006517e-01
-2.027820728329970956e-01
-3.422691722120319024e-01
-1.884684397135235612e-01
-2.541620329288866165e-01
-1.646591997885078484e-01
-1.927945039038465869e-01
-1.390507897760289990e-01
-1.485686669004029348e-01
-1.150853232701063017e-01
-1.157910885240540783e-01
-9.407207727892195892e-02
-9.096410148502249993e-02
-7.629021824853138289e-02
-7.185269177548550545e-02
-6.155460422096832585e-02
-5.696895822486824912e-02
-4.950005430012367064e-02
-4.528262390959161832e-02
-3.971916471996755210e-02
-3.605489834895665713e-02
-3.182488587785406442e-02
-2.874041747384902326e-02
-2.547521942423003685e-02
-2.292735477873563549e-02
-2.037948444783367966e-02
-1.829939642911884712e-02
-1.629615663586144597e-02
-1.461058968767894699e-02
-1.302732700895949114e-02
-1.166803084350300466e-02
-1.041224418477996842e-02
-9.319514824974218375e-03
-8.321074152331733517e-03
-7.444456131505194224e-03
-6.649339333004222925e-03
-5.947054638475690082e-03
-5.313169424134883863e-03
-4.751058683413216487e-03
-4.245344034697480853e-03
-3.795699845324588574e-03
-3.392044157227652214e-03
-3.032508256353586527e-03
-2.710210544484568333e-03
-2.422801829356469819e-03
-2.165408574877346858e-03
-1.935698166581771617e-03
-1.730109277622712653e-03
-1.546535686943571394e-03
-1.382308972044820564e-03
-1.235617241421107767e-03
-1.104422703498983763e-03
-9.872090095550455167e-04
-8.823981660604153683e-04
-7.887420921128452831e-04
-7.050067086907643764e-04
-6.301753778252247367e-04
-5.632763157512742265e-04
