-1.101707816123962402e+00
-2.388519287109375000e+00
-1.672854423522949219e+00
1.217734813690185547e-02
5.410885810852050781e-01
2.883876562118530273e-01
6.523887515068054199e-01
1.025604605674743652e+00
3.142720460891723633e-01
-2.649599909782409668e-01
8.973885774612426758e-01
2.458076477050781250e+00
1.891209840774536133e+00
-3.899486362934112549e-01
-1.735111594200134277e+00
-1.310967445373535156e+00
-5.605072379112243652e-01
-2.918568849563598633e-01
-1.082653552293777466e-01
-1.222876906394958496e-01
-5.881320238113403320e-01
-6.049447059631347656e-01
2.129784077405929565e-01
3.037494421005249023e-02
-2.193773984909057617e+00
-3.655629158020019531e+00
-1.700758099555969238e+00
8.086513876914978027e-01
-4.506314098834991455e-01
-2.762564182281494141e+00
1.117720127105712891e+00
1.084019184112548828e+01
1.624455451965332031e+01
1.084019184112548828e+01
1.117720127105712891e+00
-2.762564182281494141e+00
-4.506314098834991455e-01
8.086513876914978027e-01
-1.700758099555969238e+00
-3.655629158020019531e+00
-2.193773984909057617e+00
3.037494421005249023e-02
2.129784077405929565e-01
-6.049447059631347656e-01
-5.881320238113403320e-01
-1.222876906394958496e-01
-1.082653552293777466e-01
-2.918568849563598633e-01
-5.605072379112243652e-01
-1.310967445373535156e+00
-1.735111594200134277e+00
-3.899486362934112549e-01
1.891209840774536133e+00
2.458076477050781250e+00
8.973885774612426758e-01
-2.649599909782409668e-01
3.142720460891723633e-01
1.025604605674743652e+00
6.523887515068054199e-01
2.883876562118530273e-01
5.410885810852050781e-01
1.217734813690185547e-02
-1.672854423522949219e+00
-2.388519287109375000e+00
-1.101707816123962402e+00
4.257053136825561523e-02
-4.852168858051300049e-01
-7.740720510482788086e-01
7.762494087219238281e-01
1.923835396766662598e+00
3.658722639083862305e-01
-1.581312417984008789e+00
-3.870307803153991699e-01
2.442245960235595703e+00
2.285234689712524414e+00
-1.216423392295837402e+00
-3.509334802627563477e+00
-2.080383062362670898e+00
3.840059041976928711e-01
7.722875475883483887e-01
-4.261420369148254395e-01
-1.369313359260559082e+00
-1.832320213317871094e+00
-2.101892709732055664e+00
-1.511654734611511230e+00
7.697224617004394531e-02
1.308239221572875977e+00
1.326658725738525391e+00
9.686685800552368164e-01
8.369245529174804688e-01
1.541784256696701050e-01
-1.264822721481323242e+00
-1.937612533569335938e+00
-1.023221850395202637e+00
1.564556807279586792e-01
3.181399106979370117e-01
1.056578308343887329e-01
3.181399106979370117e-01
1.564556807279586792e-01
-1.023221850395202637e+00
-1.937612533569335938e+00
-1.264822721481323242e+00
1.541784256696701050e-01
8.369245529174804688e-01
9.686685800552368164e-01
1.326658725738525391e+00
1.308239221572875977e+00
7.697224617004394531e-02
-1.511654734611511230e+00
-2.101892709732055664e+00
-1.832320213317871094e+00
-1.369313359260559082e+00
-4.261420369148254395e-01
7.722875475883483887e-01
3.840059041976928711e-01
-2.080383062362670898e+00
-3.509334802627563477e+00
-1.216423392295837402e+00
2.285234689712524414e+00
2.442245960235595703e+00
-3.870307803153991699e-01
-1.581312417984008789e+00
3.658722639083862305e-01
1.923835396766662598e+00
7.762494087219238281e-01
-7.740720510482788086e-01
-4.852168858051300049e-01
4.257053136825561523e-02
