6.795554827480655424e-01
7.085775862307583939e-01
7.107150438964625616e-01
6.874365648205890134e-01
6.411914917392762536e-01
5.753117227728042904e-01
4.938796374132189970e-01
4.015671147636913907e-01
3.034518438291725073e-01
2.048179991494150920e-01
1.109489566597934573e-01
2.692003123533967188e-02
-4.260078286991920288e-02
-9.353639453043394170e-02
-1.225614491168028064e-01
-1.272342145933405000e-01
-1.060944344753257385e-01
-5.872336959938052187e-02
1.423629620882480538e-02
1.111014688891914237e-01
2.292097848629650048e-01
3.650185467248420745e-01
5.142376679402069772e-01
6.719915329674107651e-01
8.330035672481415077e-01
9.917964379016070975e-01
1.142900204298310740e+00
1.281060431104956931e+00
1.401438276672660743e+00
1.499794876783720365e+00
1.572652945983401551e+00
1.617429392869368154e+00
1.632533858209741062e+00
1.617429392869368154e+00
1.572652945983403106e+00
1.499794876783720365e+00
1.401438276672660743e+00
1.281060431104956931e+00
1.142900204298310740e+00
9.917964379016070975e-01
8.330035672481415077e-01
6.719915329674116533e-01
5.142376679402076434e-01
3.650185467248420745e-01
2.292097848629659484e-01
1.111014688891919372e-01
1.423629620882515580e-02
-5.872336959938079248e-02
-1.060944344753256274e-01
-1.272342145933404445e-01
-1.225614491168028064e-01
-9.353639453043388619e-02
-4.260078286991920288e-02
2.692003123533940820e-02
1.109489566597930410e-01
2.048179991494152030e-01
3.034518438291722853e-01
4.015671147636908356e-01
4.938796374132189415e-01
5.753117227728040683e-01
6.411914917392758095e-01
6.874365648205890134e-01
7.107150438964625616e-01
7.085775862307583939e-01
6.795554827480656535e-01
6.232209599838857139e-01
5.402073778473456267e-01
4.321885375599731627e-01
3.018178865766483199e-01
1.526299495171130616e-01
-1.109223313880352418e-02
-1.844785694492230843e-01
-3.622560825559696385e-01
-5.389487049528717266e-01
-7.090850244713292616e-01
-8.674059994246532401e-01
-1.009064660615196285e+00
-1.129810124984087283e+00
-1.226148847778838258e+00
-1.295476914097007937e+00
-1.336178282953267793e+00
-1.347685204872535181e+00
-1.330498487176607680e+00
-1.286166823764451905e+00
-1.217225979006063774e+00
-1.127100157934764812e+00
-1.019969347952870864e+00
-9.006077249203955359e-01
-7.741993285213457643e-01
-6.461380854596339152e-01
-5.218198607485262652e-01
-4.064345239956375644e-01
-3.047660173603713996e-01
-2.210081047745001970e-01
-1.586028798637860171e-01
-1.201082359217469225e-01
-1.070993888486854173e-01
-1.201082359217469225e-01
-1.586028798637860171e-01
-2.210081047745001970e-01
-3.047660173603702893e-01
-4.064345239956375644e-01
-5.218198607485255991e-01
-6.461380854596331380e-01
-7.741993285213449871e-01
-9.006077249203942037e-01
-1.019969347952870420e+00
-1.127100157934763924e+00
-1.217225979006063330e+00
-1.286166823764451461e+00
-1.330498487176607458e+00
-1.347685204872535181e+00
-1.336178282953267793e+00
-1.295476914097008381e+00
-1.226148847778839590e+00
-1.129810124984087283e+00
-1.009064660615197173e+00
-8.674059994246543503e-01
-7.090850244713302608e-01
-5.389487049528746132e-01
-3.622560825559725806e-01
-1.844785694492226957e-01
-1.109223313880489808e-02
1.526299495171119791e-01
3.018178865766473207e-01
4.321885375599712198e-01
5.402073778473458487e-01
6.232209599838851588e-01
