0.000000000000000000e+00
-3.042192684293512084e-01
-6.667487138182675022e-01
-1.039106703258035003e+00
-1.368429812139431823e+00
-1.606062685915974786e+00
-1.715908974739088544e+00
-1.681183259821636744e+00
-1.508396031603267184e+00
-1.227786338290460355e+00
-8.899371042539737653e-01
-5.588909519032002615e-01
-3.026424335836617741e-01
-1.823298110615014789e-01
-2.417140588751704733e-01
-4.985682259851946796e-01
-9.393933760164389080e-01
-1.518450664318475418e+00
-2.161508733704379903e+00
-2.774033411000830895e+00
-3.252888856401246365e+00
-3.500072449446415490e+00
-3.436652560953993962e+00
-3.014975477167344931e+00
-2.227376594553269307e+00
-1.110054260992938246e+00
2.586119989173863432e-01
1.765277675677755065e+00
3.273609150837935911e+00
4.639582521822676497e+00
5.728192238106029954e+00
6.429434546968257003e+00
6.671497147234101810e+00
6.429434546968257003e+00
5.728192238106050382e+00
4.639582521822676497e+00
3.273609150837935911e+00
1.765277675677755065e+00
2.586119989173863432e-01
-1.110054260992938246e+00
-2.227376594553269307e+00
-3.014975477167341378e+00
-3.436652560953992186e+00
-3.500072449446415490e+00
-3.252888856401250361e+00
-2.774033411000833116e+00
-2.161508733704380791e+00
-1.518450664318473420e+00
-9.393933760164411284e-01
-4.985682259851971221e-01
-2.417140588751704733e-01
-1.823298110615011458e-01
-3.026424335836617741e-01
-5.588909519031993733e-01
-8.899371042539716559e-01
-1.227786338290460577e+00
-1.508396031603266518e+00
-1.681183259821636078e+00
-1.715908974739088766e+00
-1.606062685915975674e+00
-1.368429812139434487e+00
-1.039106703258035447e+00
-6.667487138182692785e-01
-3.042192684293510974e-01
-5.551115123125782702e-16
2.092987694495733741e-01
3.042115558023846811e-01
2.847455528015966353e-01
1.695174447597740108e-01
-8.040522130830965453e-03
-2.056963034766597087e-01
-3.796225942421589394e-01
-4.916039683967323715e-01
-5.150974103949508276e-01
-4.392132280820446044e-01
-2.700403991737865272e-01
-2.917892849704122049e-02
2.502090034031389520e-01
5.291283782326381413e-01
7.692918040511119715e-01
9.393933760164396851e-01
1.020104094684784135e+00
1.007003409047952491e+00
9.110094989093723283e-01
7.562830937357577499e-01
5.759891389846332199e-01
4.066420390834626919e-01
2.819798077430971661e-01
2.273765945532687516e-01
2.557032730761031880e-01
3.652998840125373792e-01
5.403727349870971475e-01
7.537303412879079456e-01
9.713908073043086011e-01
1.158290174701177788e+00
1.284145203669593727e+00
1.328502852765897968e+00
1.284145203669593727e+00
1.158290174701177788e+00
9.713908073043086011e-01
7.537303412879106101e-01
5.403727349870971475e-01
3.652998840125382674e-01
2.557032730761034101e-01
2.273765945532687516e-01
2.819798077430962779e-01
4.066420390834621368e-01
5.759891389846316656e-01
7.562830937357561956e-01
9.110094989093714402e-01
1.007003409047952047e+00
1.020104094684784357e+00
9.393933760164405733e-01
7.692918040511133038e-01
5.291283782326428042e-01
2.502090034031389520e-01
-2.917892849703982577e-02
-2.700403991737848619e-01
-4.392132280820437162e-01
-5.150974103949502725e-01
-4.916039683967334817e-01
-3.796225942421586064e-01
-2.056963034766612630e-01
-8.040522130832408743e-03
1.695174447597729006e-01
2.847455528015954140e-01
3.042115558023847921e-01
2.092987694495744844e-01
