-1.391461468277870560e-15
9.810102730989456177e-02
1.844733059406280518e-01
2.487599998712539673e-01
2.831874787807464600e-01
2.834750115871429443e-01
2.493356168270111084e-01
1.845103353261947632e-01
9.633156657218933105e-02
-5.133844912052154541e-03
-1.082608029246330261e-01
-2.012243717908859253e-01
-2.733819186687469482e-01
-3.165167868137359619e-01
-3.257982134819030762e-01
-3.003457784652709961e-01
-2.433319091796875000e-01
-1.616100519895553589e-01
-6.491361558437347412e-02
3.528291359543800354e-02
1.271055787801742554e-01
1.996698379516601562e-01
2.443530410528182983e-01
2.558032274246215820e-01
2.325650453567504883e-01
1.772499829530715942e-01
9.623160958290100098e-02
-1.099254935979843140e-03
-1.034326404333114624e-01
-1.988623589277267456e-01
-2.762748599052429199e-01
-3.266520798206329346e-01
-3.441232442855834961e-01
-3.266520798206329346e-01
-2.762748599052429199e-01
-1.988623589277267456e-01
-1.034326404333114624e-01
-1.099254935979843140e-03
9.623160958290100098e-02
1.772499829530715942e-01
2.325650453567504883e-01
2.558032274246215820e-01
2.443530410528182983e-01
1.996698379516601562e-01
1.271055787801742554e-01
3.528291359543800354e-02
-6.491361558437347412e-02
-1.616100519895553589e-01
-2.433319091796875000e-01
-3.003457784652709961e-01
-3.257982134819030762e-01
-3.165167868137359619e-01
-2.733819186687469482e-01
-2.012243717908859253e-01
-1.082608029246330261e-01
-5.133844912052154541e-03
9.633156657218933105e-02
1.845103353261947632e-01
2.493356168270111084e-01
2.834750115871429443e-01
2.831874787807464600e-01
2.487599998712539673e-01
1.844733059406280518e-01
9.810102730989456177e-02
-1.141722168230294241e-15
-9.810102730989456177e-02
-1.844733059406280518e-01
-2.487599998712539673e-01
-2.831874787807464600e-01
-2.834750115871429443e-01
-2.493356168270111084e-01
-1.845103353261947632e-01
-9.633156657218933105e-02
5.133844912052154541e-03
1.082608029246330261e-01
2.012243717908859253e-01
2.733819186687469482e-01
3.165167868137359619e-01
3.257982134819030762e-01
3.003457784652709961e-01
2.433319091796875000e-01
1.616100519895553589e-01
6.491361558437347412e-02
-3.528291359543800354e-02
-1.271055787801742554e-01
-1.996698379516601562e-01
-2.443530410528182983e-01
-2.558032274246215820e-01
-2.325650453567504883e-01
-1.772499829530715942e-01
-9.623160958290100098e-02
1.099254935979843140e-03
1.034326404333114624e-01
1.988623589277267456e-01
2.762748599052429199e-01
3.266520798206329346e-01
3.441232442855834961e-01
3.266520798206329346e-01
2.762748599052429199e-01
1.988623589277267456e-01
1.034326404333114624e-01
1.099254935979843140e-03
-9.623160958290100098e-02
-1.772499829530715942e-01
-2.325650453567504883e-01
-2.558032274246215820e-01
-2.443530410528182983e-01
-1.996698379516601562e-01
-1.271055787801742554e-01
-3.528291359543800354e-02
6.491361558437347412e-02
1.616100519895553589e-01
2.433319091796875000e-01
3.003457784652709961e-01
3.257982134819030762e-01
3.165167868137359619e-01
2.733819186687469482e-01
2.012243717908859253e-01
1.082608029246330261e-01
5.133844912052154541e-03
-9.633156657218933105e-02
-1.845103353261947632e-01
-2.493356168270111084e-01
-2.834750115871429443e-01
-2.831874787807464600e-01
-2.487599998712539673e-01
-1.844733059406280518e-01
-9.810102730989456177e-02
