-1.522284384434521520e+00
-1.828813051518591415e+00
-1.972005491115419007e+00
-1.938736555943906481e+00
-1.739341955792143235e+00
-1.404278247321176121e+00
-9.781549014565978917e-01
-5.121915388394949753e-01
-5.633386533962969622e-02
3.477530735137474571e-01
6.717965559401519737e-01
9.034642273725431716e-01
1.046118328867585490e+00
1.116002103444866167e+00
1.137486416667205180e+00
1.137290991230929471e+00
1.138723585453494502e+00
1.156936041467904852e+00
1.195990272736497939e+00
1.248197175131666281e+00
1.295793329832117813e+00
1.314620157589591498e+00
1.279132938213754400e+00
1.167846675703834380e+00
9.682564015120611600e-01
6.803605871900546553e-01
3.181512929682761559e-01
-9.122614618056433533e-02
-5.105538399719957710e-01
-8.974005459121678907e-01
-1.210001516039794334e+00
-1.413229105347752590e+00
-1.483703761410770205e+00
-1.413229105347752590e+00
-1.210001516039800551e+00
-8.974005459121678907e-01
-5.105538399719957710e-01
-9.122614618056433533e-02
3.181512929682761559e-01
6.803605871900546553e-01
9.682564015120611600e-01
1.167846675703833270e+00
1.279132938213754178e+00
1.314620157589591498e+00
1.295793329832118479e+00
1.248197175131666503e+00
1.195990272736497939e+00
1.156936041467904852e+00
1.138723585453494058e+00
1.137290991230929471e+00
1.137486416667205180e+00
1.116002103444865945e+00
1.046118328867585490e+00
9.034642273725436157e-01
6.717965559401533060e-01
3.477530735137470130e-01
-5.633386533962858600e-02
-5.121915388394920887e-01
-9.781549014565974476e-01
-1.404278247321174566e+00
-1.739341955792141015e+00
-1.938736555943906481e+00
-1.972005491115419229e+00
-1.828813051518591193e+00
-1.522284384434522408e+00
-1.089019311372094734e+00
-5.855619687704740617e-01
-8.164404626228312367e-02
3.489701879872212364e-01
6.388032612417203771e-01
7.366794611108860025e-01
6.159440026006255398e-01
2.795955728699326404e-01
-2.385576100564130164e-01
-8.770603511309434941e-01
-1.554016408131350335e+00
-2.177465205925257496e+00
-2.657568359906520961e+00
-2.918940600016316278e+00
-2.911388723196346451e+00
-2.617500884131881200e+00
-2.055936638316163467e+00
-1.279851359230349095e+00
-3.705659487186415135e-01
5.727320963976674228e-01
1.445894793331879091e+00
2.153574473592945182e+00
2.621939314608275673e+00
2.808564390444128200e+00
2.708094194543686495e+00
2.352851452146590194e+00
1.808268963391395312e+00
1.163747058604817530e+00
5.201855768729577445e-01
-2.408667561642261618e-02
-3.870289022122141431e-01
-5.143378713363970789e-01
-3.870289022122141431e-01
-2.408667561642261618e-02
5.201855768729577445e-01
1.163747058604809537e+00
1.808268963391395312e+00
2.352851452146587086e+00
2.708094194543685163e+00
2.808564390444128200e+00
2.621939314608279670e+00
2.153574473592946958e+00
1.445894793331886197e+00
5.727320963976753054e-01
-3.705659487186342971e-01
-1.279851359230343100e+00
-2.055936638316158582e+00
-2.617500884131878536e+00
-2.911388723196345563e+00
-2.918940600016318498e+00
-2.657568359906520961e+00
-2.177465205925261049e+00
-1.554016408131355442e+00
-8.770603511309480460e-01
-2.385576100564230084e-01
2.795955728699256460e-01
6.159440026006260949e-01
7.366794611108861135e-01
6.388032612417218203e-01
3.489701879872241230e-01
-8.164404626227513007e-02
-5.855619687704749499e-01
-1.089019311372090959e+00
