-2.770226413801230581e-01
-1.965707673515224574e-01
-8.595549350696705948e-02
4.523766619546272516e-02
1.846576663586744216e-01
3.189536339572012769e-01
4.356886730075089642e-01
5.251228738102664551e-01
5.816035519490889705e-01
6.043566399360756902e-01
5.975600864496406484e-01
5.696854292498506611e-01
5.322018839270824531e-01
4.978322582162363896e-01
4.786175298990565374e-01
4.840767707144992826e-01
5.197365618853344582e-01
5.862507190561973003e-01
6.792447064076561070e-01
7.899122326854352005e-01
9.062799656148813332e-01
1.014956635451674805e+00
1.103109896131212464e+00
1.160379133134916696e+00
1.180440345440327610e+00
1.161989287543694571e+00
1.108993971788776678e+00
1.030174929188978794e+00
9.377854703056899277e-01
8.458677201716315874e-01
7.682380544155784641e-01
7.164961473616384691e-01
6.983490759547543725e-01
7.164961473616384691e-01
7.682380544155769098e-01
8.458677201716315874e-01
9.377854703056899277e-01
1.030174929188978794e+00
1.108993971788776678e+00
1.161989287543694571e+00
1.180440345440327610e+00
1.160379133134916696e+00
1.103109896131212908e+00
1.014956635451674805e+00
9.062799656148823324e-01
7.899122326854356446e-01
6.792447064076564400e-01
5.862507190561969672e-01
5.197365618853346803e-01
4.840767707144994492e-01
4.786175298990565374e-01
4.978322582162364451e-01
5.322018839270824531e-01
5.696854292498506611e-01
5.975600864496404263e-01
6.043566399360758012e-01
5.816035519490889705e-01
5.251228738102668991e-01
4.356886730075091307e-01
3.189536339572018320e-01
1.846576663586755040e-01
4.523766619546287782e-02
-8.595549350696650437e-02
-1.965707673515225407e-01
-2.770226413801228915e-01
-3.218539873151260999e-01
-3.305025258935850863e-01
-3.073661736710009973e-01
-2.611655438087523984e-01
-2.037036879321429683e-01
-1.482088220179493820e-01
-1.075029001419803426e-01
-9.225952963213818192e-02
-1.095964485467710997e-01
-1.621940256059517249e-01
-2.480506346577221188e-01
-3.608907911122400947e-01
-4.911470188920160629e-01
-6.273556584537601788e-01
-7.577519337842845149e-01
-8.718281361538671170e-01
-9.616331125187854711e-01
-1.022638251985606761e+00
-1.054066833279809101e+00
-1.058668337619215638e+00
-1.042003816701399188e+00
-1.011379653929740385e+00
-9.746144333198044629e-01
-9.388404508129948312e-01
-9.095259038594901702e-01
-8.898593251467790122e-01
-8.805722345511973748e-01
-8.802003136661188387e-01
-8.857101054311840027e-01
-8.933591615590890100e-01
-8.996220847195234294e-01
-9.020084785460109611e-01
-8.996220847195234294e-01
-8.933591615590890100e-01
-8.857101054311840027e-01
-8.802003136661188387e-01
-8.805722345511973748e-01
-8.898593251467791232e-01
-9.095259038594900591e-01
-9.388404508129948312e-01
-9.746144333198039078e-01
-1.011379653929740385e+00
-1.042003816701399188e+00
-1.058668337619215416e+00
-1.054066833279809101e+00
-1.022638251985607205e+00
-9.616331125187859152e-01
-8.718281361538675611e-01
-7.577519337842854030e-01
-6.273556584537625103e-01
-4.911470188920160629e-01
-3.608907911122408163e-01
-2.480506346577229515e-01
-1.621940256059522523e-01
-1.095964485467716965e-01
-9.225952963213818192e-02
-1.075029001419803981e-01
-1.482088220179489657e-01
-2.037036879321425242e-01
-2.611655438087520098e-01
-3.073661736710003867e-01
-3.305025258935851418e-01
-3.218539873151263220e-01
