0.000000000000000000e+00
-1.444708202265099217e-02
-2.557783142495395623e-02
-3.340099367997506619e-02
-3.795660883612872460e-02
-3.931534794578017689e-02
-3.757755651756666815e-02
-3.287201486930135808e-02
-2.535442797825337991e-02
-1.520566002264245320e-02
-2.629731257347556195e-03
1.214840285549922960e-02
2.888526825600634673e-02
4.732146076016707781e-02
6.718438088218259274e-02
8.819108809759024226e-02
1.100512465074479085e-01
1.324701330033148938e-01
1.551516784518527370e-01
1.778015121221181438e-01
2.001299795708049167e-01
2.218551044808496631e-01
2.427054655141682726e-01
2.624229600843530630e-01
2.807654280717197803e-01
2.975091098803308576e-01
3.124509148611989140e-01
3.254104779820963245e-01
3.362319846942913859e-01
3.447857462100973880e-01
3.509695098405012370e-01
3.547094916257687025e-01
3.559611211988809032e-01
3.547094916257687025e-01
3.509695098405012370e-01
3.447857462100973880e-01
3.362319846942913859e-01
3.254104779820963245e-01
3.124509148611989140e-01
2.975091098803308576e-01
2.807654280717197803e-01
2.624229600843528409e-01
2.427054655141682726e-01
2.218551044808496631e-01
2.001299795708049167e-01
1.778015121221179218e-01
1.551516784518527370e-01
1.324701330033146718e-01
1.100512465074479085e-01
8.819108809759024226e-02
6.718438088218259274e-02
4.732146076016707781e-02
2.888526825600634673e-02
1.214840285549922960e-02
-2.629731257347556195e-03
-1.520566002264245320e-02
-2.535442797825360195e-02
-3.287201486930135808e-02
-3.757755651756666815e-02
-3.931534794577995484e-02
-3.795660883612872460e-02
-3.340099367997484414e-02
-2.557783142495373419e-02
-1.444708202265099217e-02
-2.220446049250313081e-16
1.774050200578813907e-02
3.871979392270041842e-02
6.285177437562516900e-02
9.001942057842460265e-02
1.200756373634908059e-01
1.528443978418096982e-01
1.881221653731357524e-01
2.256795838102361174e-01
2.652634203895185561e-01
3.065987431975825128e-01
3.493913128730206097e-01
3.933301661268961968e-01
4.380903668038518273e-01
4.833358985766895710e-01
5.287226719862250235e-01
5.739016174186134522e-01
6.185218347649915627e-01
6.622337699413962664e-01
7.046923881659852285e-01
7.455603138984144840e-01
7.845109076427523309e-01
8.212312503977188261e-01
8.554250074008928895e-01
8.868151439484188714e-01
9.151464674679570255e-01
9.401879716666796671e-01
9.617349604523148798e-01
9.796109314155350134e-01
9.936692009463745645e-01
1.003794255513874578e+00
1.009902816243216206e+00
1.011944606653242040e+00
1.009902816243216206e+00
1.003794255513874578e+00
9.936692009463745645e-01
9.796109314155354575e-01
9.617349604523148798e-01
9.401879716666798892e-01
9.151464674679572475e-01
8.868151439484190934e-01
8.554250074008933336e-01
8.212312503977192701e-01
7.845109076427525530e-01
7.455603138984150391e-01
7.046923881659854505e-01
6.622337699413965995e-01
6.185218347649916737e-01
5.739016174186135633e-01
5.287226719862256896e-01
4.833358985766902371e-01
4.380903668038518273e-01
3.933301661268966409e-01
3.493913128730208317e-01
3.065987431975829569e-01
2.652634203895192222e-01
2.256795838102370055e-01
1.881221653731357524e-01
1.528443978418101423e-01
1.200756373634905838e-01
9.001942057842504674e-02
6.285177437562561309e-02
3.871979392270041842e-02
1.774050200578813907e-02
