-5.781561195881479431e-01
-5.250420527266710380e-01
-3.688165053865587462e-01
-1.312727151210034693e-01
1.556566281639458482e-01
4.542702467858273918e-01
7.261895622596473698e-01
9.374566590718877990e-01
1.062929971631028314e+00
1.089375566950059548e+00
1.016844746165161073e+00
8.581789264509701587e-01
6.367534036130100272e-01
3.828228136165747753e-01
1.290261858788960825e-01
-9.427975712441449829e-02
-2.631794070266014751e-01
-3.632588154148937432e-01
-3.911527163808660168e-01
-3.543965606090564435e-01
-2.696589053578911099e-01
-1.596705260939145776e-01
-4.935578910803531394e-02
3.821874620923202542e-02
8.544941259145050205e-02
8.280729524815766407e-02
3.007472652539736752e-02
-6.395451627540846284e-02
-1.832291741148447117e-01
-3.073392428353260986e-01
-4.150736459345864549e-01
-4.880523141775316986e-01
-5.138420299013662929e-01
-4.880523141775316986e-01
-4.150736459345886198e-01
-3.073392428353260986e-01
-1.832291741148447117e-01
-6.395451627540846284e-02
3.007472652539736752e-02
8.280729524815766407e-02
8.544941259145050205e-02
3.821874620923233073e-02
-4.935578910803496699e-02
-1.596705260939145776e-01
-2.696589053578902773e-01
-3.543965606090561660e-01
-3.911527163808659058e-01
-3.632588154148935766e-01
-2.631794070266019747e-01
-9.427975712441573342e-02
1.290261858788960825e-01
3.828228136165740536e-01
6.367534036130100272e-01
8.581789264509696036e-01
1.016844746165160629e+00
1.089375566950059548e+00
1.062929971631028536e+00
9.374566590718886872e-01
7.261895622596475919e-01
4.542702467858286131e-01
1.556566281639480964e-01
-1.312727151210032750e-01
-3.688165053865578025e-01
-5.250420527266711490e-01
-5.781561195881479431e-01
-5.195398511025730581e-01
-3.550193417480748126e-01
-1.041921059295244922e-01
2.020962056563066211e-01
5.257709058134226732e-01
8.264816967018961957e-01
1.066803156723298951e+00
1.216968573157255484e+00
1.258499127339898660e+00
1.186256171487944489e+00
1.008674836272408948e+00
7.461980182044282150e-01
4.281824516844187634e-01
8.875636232173556017e-02
-2.377583871218426625e-01
-5.212057169401879131e-01
-7.391376990566014271e-01
-8.790824683067978151e-01
-9.392842610071843179e-01
-9.278968540271306242e-01
-8.608410067855796211e-01
-7.587259761826777860e-01
-6.433570626509316215e-01
-5.343886492290914614e-01
-4.466318295687909390e-01
-3.883976521094361090e-01
-3.610732810399282511e-01
-3.599193221378210183e-01
-3.758759649266971148e-01
-3.980053561836438547e-01
-4.161027825982842043e-01
-4.229940992900464436e-01
-4.161027825982842043e-01
-3.980053561836438547e-01
-3.758759649266971148e-01
-3.599193221378211294e-01
-3.610732810399282511e-01
-3.883976521094357759e-01
-4.466318295687903284e-01
-5.343886492290910173e-01
-6.433570626509306223e-01
-7.587259761826773419e-01
-8.608410067855788439e-01
-9.278968540271304022e-01
-9.392842610071844289e-01
-8.790824683067985923e-01
-7.391376990566026484e-01
-5.212057169401895784e-01
-2.377583871218445777e-01
8.875636232172953721e-02
4.281824516844187634e-01
7.461980182044266607e-01
1.008674836272406949e+00
1.186256171487943822e+00
1.258499127339897994e+00
1.216968573157257261e+00
1.066803156723298507e+00
8.264816967018985272e-01
5.257709058134251157e-01
2.020962056563089804e-01
-1.041921059295197599e-01
-3.550193417480751457e-01
-5.195398511025722810e-01
