4.219037241622247518e-03
1.539385680062947855e-02
2.679041592314180750e-02
3.392318463429151720e-02
3.809784827151053987e-02
4.023331663701911615e-02
4.097557652558974500e-02
4.077807124866240918e-02
3.995844597308999269e-02
3.873860587497542085e-02
3.727299224434107300e-02
3.566853994991568688e-02
3.399876169485808314e-02
3.231368571739590134e-02
3.064686607493839407e-02
2.902032630304998695e-02
2.744804421874738609e-02
2.593840698406705766e-02
2.449593940261363123e-02
2.312251935517018256e-02
2.181823139296086567e-02
2.058196510428040443e-02
1.941183351896498543e-02
1.830546467943890837e-02
1.726020387819877933e-02
1.627325302707347682e-02
1.534176583302648139e-02
1.446291195515676635e-02
1.363391943466270642e-02
1.285210194849685343e-02
1.211487550261350007e-02
1.141976781510447257e-02
1.076442267579766354e-02
1.014660088890755735e-02
9.564178925655260344e-03
9.015146075515772378e-03
8.497600646314740561e-03
8.009745595422427047e-03
7.549883856047678345e-03
7.116413539482372222e-03
6.707823135753383272e-03
6.322686794209259227e-03
5.959659736952359343e-03
5.617473838088881712e-03
5.294933387942919040e-03
4.990911051855639359e-03
4.704344026688974875e-03
4.434230393773407053e-03
4.179625664145772412e-03
3.939639510067257516e-03
3.713432675678098125e-03
3.500214059011546273e-03
3.299237957299019572e-03
3.109801467441047386e-03
2.931242033617626613e-03
2.762935134212946963e-03
2.604292100495498013e-03
2.454758059799211183e-03
2.313809996276460640e-03
2.180954922627115038e-03
2.055728156540990396e-03
1.937691695918501060e-03
1.826432687252374379e-03
1.721561981859796951e-03
1.622712774947964202e-03
1.529539322776077900e-03
1.441715733443186490e-03
1.358934827083967947e-03
1.280907061493924068e-03
1.207359519431917697e-03
1.138034954062007139e-03
1.072690889198699756e-03
1.011098771210583447e-03
9.530431696173827369e-04
8.983210235853851576e-04
8.467409316864201937e-04
7.981224824366863705e-04
7.522956232742127785e-04
7.091000657680796189e-04
6.683847249791782016e-04
6.300071910116902167e-04
5.938332309070213592e-04
5.597363191380289602e-04
5.275971950613986576e-04
4.973034457803039926e-04
4.687491129583513526e-04
4.418343222095803043e-04
4.164649337682487201e-04
3.925522132165598643e-04
3.700125211186421829e-04
3.487670204752199251e-04
3.287414009757418294e-04
3.098656190834884008e-04
2.920736530445548545e-04
2.753032719638073399e-04
2.594958181401104498e-04
2.445960018995009836e-04
2.305517082086976685e-04
2.173138143925393653e-04
2.048360183177830968e-04
1.930746764423009920e-04
1.819886511632216029e-04
1.715391669300856791e-04
1.616896746197439821e-04
1.524057236986218783e-04
1.436548417252128901e-04
1.354064207713378274e-04
1.276316103649052769e-04
1.203032165797199413e-04
1.133956069193854974e-04
1.068846206626148651e-04
1.007474843563628547e-04
9.496273216120196291e-05
8.951013077033356921e-05
8.437060863962405873e-05
7.952618928113397662e-05
7.495992838682131597e-05
7.065585456249659242e-05
6.659891346473531862e-05
6.277491514535549753e-05
5.917048441928727365e-05
5.577301408223657328e-05
5.257062081451229207e-05
4.955210361678208148e-05
4.670690463237754192e-05
4.402507221911722155e-05
4.149722614148376634e-05
3.911452476140817416e-05
3.686863411290432262e-05
3.475169875238632178e-05
3.275631428271195240e-05
3.087550145484960689e-05
2.910268175658421762e-05
2.743165440287892697e-05
2.585657464741170794e-05
2.437193333942734536e-05
2.297253765440078409e-05
2.165349293111359829e-05
2.041018555161518272e-05
1.923826680418794599e-05
1.813363767287410981e-05
1.709243450036242531e-05
1.611101547408798937e-05
1.518594788827763942e-05
1.431399613738739682e-05
1.349211039893668354e-05
1.271741596615527564e-05
1.198720319313183922e-05
1.129891801729525447e-05
1.065015302607920073e-05
1.003863903652395304e-05
9.462237158363355236e-06
8.918931312836093027e-06
8.406821181054305179e-06
7.924115557265095554e-06
7.469126083756664748e-06
7.040261345495649827e-06
6.636021303840529807e-06
6.254992049861904831e-06
5.895840858918352414e-06
5.557311529190277407e-06
5.238219987867359901e-06
4.937450149621374962e-06
4.653950012878580872e-06
4.386727980237626760e-06
4.134849390162915361e-06
3.897433247822332784e-06
3.673649143634816398e-06
3.462714348749772242e-06
3.263891077299209229e-06
3.076483905846781016e-06
2.899837341007751616e-06
2.733333526732158349e-06
2.576390083231943602e-06
2.428458069993279497e-06
2.289020065749321625e-06
2.157588358697718203e-06
2.033703240632806040e-06
1.916931399025883943e-06
1.806864401429550681e-06
1.703117266905014049e-06
1.605327119475655290e-06
1.513151918897040333e-06
1.426269264303995363e-06
1.344375266550269506e-06
1.267183485296567872e-06
1.194423927129214481e-06
1.125842101205167076e-06
1.061198129120318055e-06
1.000265905887669000e-06
9.428323090907365955e-07
8.886964534460482991e-07
8.376689881674145708e-07
7.895714346743690489e-07
7.442355623282852416e-07
7.015028000126802627e-07
6.612236814995954374e-07
6.232573226621125362e-07
5.874709287044529338e-07
5.537393296861014868e-07
5.219445427153589615e-07
4.919753592810095215e-07
4.637269562787135507e-07
4.371005293716153004e-07
4.120029474027719284e-07
3.883464266506430237e-07
3.660482237882859563e-07
3.450303464723207627e-07
3.252192805493934364e-07
3.065457329259877782e-07
2.889443892022234828e-07
2.723536852219160150e-07
2.567155917398505952e-07
2.419754114531015642e-07
2.280815876864740152e-07
2.149855240629076123e-07
2.026414145281046749e-07
1.910060831348598675e-07
1.800388330267062256e-07
1.697013040926676375e-07
1.599573387952375868e-07
1.507728557022911892e-07
1.421157302805836344e-07
1.339556825338864778e-07
1.262641710927546173e-07
1.190142933854816902e-07
1.121806915410725181e-07
1.057394636951095580e-07
9.966808038828833550e-08
9.394530576520920036e-08
8.855112329780286723e-08
8.346666577359268071e-08
7.867414930391386450e-08
7.415681112127055033e-08
6.989885094826465521e-08
6.588537573302286291e-08
6.210234755782302088e-08
5.853653453872014796e-08
5.517546454443392590e-08
5.200738157262029490e-08
4.902120463094461667e-08
4.620648897913494874e-08
4.355338959645183002e-08
4.105262674679487998e-08
3.869545352100348627e-08
3.647362524282427772e-08
3.437937063153690475e-08
3.240536462037357603e-08
3.054470273565956702e-08
2.879087694706066581e-08
2.713775290446905521e-08
2.557954848190914122e-08
2.411081355341649674e-08
2.272641093015198876e-08
2.142149839207501128e-08
2.019151175132797110e-08
1.903214888809295753e-08
1.793935470308284749e-08
1.690930693403520289e-08
1.593840278659941553e-08
1.502324633285594714e-08
1.416063663339154939e-08
1.334755654138507595e-08
1.258116214954397189e-08
1.185877284298003915e-08
1.117786192323245100e-08
1.053604777064369708e-08
9.931085514177138363e-09
9.360859179539714048e-09
8.823374288146320699e-09
8.316750881039284239e-09
7.839216943362731307e-09
7.389102206392642367e-09
6.964832305443985946e-09
6.564923273221066533e-09
6.187976349350485005e-09
5.832673087942050937e-09
5.497770746065366897e-09
5.182097937012381255e-09
4.884550533142345549e-09
4.604087803978561825e-09
4.339728776049166408e-09
4.090548801739770243e-09
3.855676325156846404e-09
3.634289833689839855e-09
3.425614984609484620e-09
3.228921896652044619e-09
3.043522597116260463e-09
2.868768615543726024e-09
2.704048715566113879e-09
2.548786756985943568e-09
2.402439680613101772e-09
2.264495608808678635e-09
2.134472055092405304e-09
2.011914236551437912e-09
1.896393483147811932e-09
1.787505738360803487e-09
1.684870145919900030e-09
1.588127717685202421e-09
1.496940078015908398e-09
1.410988280235059599e-09
1.329971691050904834e-09
1.253606939032924527e-09
1.181626923464605167e-09
1.113779880106229365e-09
1.049828500600007679e-09
9.895491024374951759e-10
9.327308465860914081e-10
8.791750000381205319e-10
8.286942407031092350e-10
7.811120022119900640e-10
7.362618563415517002e-10
6.939869308990458292e-10
6.541393610308865770e-10
6.165797720362876406e-10
5.811767918768763496e-10
5.478065916771906885e-10
5.163524526088707170e-10
4.867043576436349585e-10
4.587586067471190006e-10
4.324174541676412132e-10
4.075887665512410280e-10
3.841857006871806746e-10
3.621263997567613471e-10
3.413337070230250892e-10
3.217348959599153630e-10
3.032614158769703108e-10
2.858486521498210957e-10
2.694357002178543268e-10
2.539651525585509129e-10
2.393828978934025372e-10
2.256379319230888540e-10
2.126821789299244964e-10
2.004703236235954817e-10
1.889596526420323290e-10
1.781099051530384521e-10
1.678831320341231048e-10
1.582435631379931742e-10
1.491574821794384669e-10
1.405931088060031476e-10
1.325204874399620666e-10
1.249113825028050129e-10
1.177391796557560867e-10
1.109787927108973601e-10
1.046065758873002367e-10
9.860024110526317025e-11
9.293878002937605075e-11
8.760239058774148405e-11
8.257240771033970215e-11
7.783123804428075687e-11
7.336229841759782932e-11
6.914995783634668757e-11
6.517948281213484305e-11
6.143698582885253305e-11
5.790937676835794317e-11
5.458431712521838594e-11
5.145017685036455824e-11
4.849599367271004310e-11
4.571143475645542004e-11
4.308676055996593259e-11
4.061279076981198974e-11
3.828087219082014535e-11
3.608284847982366195e-11
3.401103161725058838e-11
3.205817501676553916e-11
3.021744817891090792e-11
2.848241280009367659e-11
2.684700025335425449e-11
2.530549036215193635e-11
2.385249139292413617e-11
2.248292119643944869e-11
2.119198943198268768e-11
1.997518081219751016e-11
1.882823930998218880e-11
1.774715327219903946e-11
1.672814138812977388e-11
1.576763946359870077e-11
1.486228795450364796e-11
1.400892021615075211e-11
1.320455142729276687e-11
1.244636815013060260e-11
1.173171848976212890e-11
1.105810281865898481e-11
1.042316503372841816e-11
9.824684315380041512e-12
9.260567359773189096e-12
8.728841057075660948e-12
8.227645590124605574e-12
7.755227929350769566e-12
7.309935701213322288e-12
6.890211408698911607e-12
6.494586983669995006e-12
6.121678652008235646e-12
5.770182093592782524e-12
5.438867880184508185e-12
5.126577175259308336e-12
4.832217680749789845e-12
4.554759816518277580e-12
4.293233119198097083e-12
4.046722847807371162e-12
3.814366784262800598e-12
3.595352217602599003e-12
3.388913101370305180e-12
3.194327374216867038e-12
3.010914434349276598e-12
2.838032758992143666e-12
2.675077660535808150e-12
2.521479171522678314e-12
2.376700051074120470e-12
2.240233905784980780e-12
2.111603418513208810e-12
1.990358678869417272e-12
1.876075609566944483e-12
1.768354483128263825e-12
1.666818523759633298e-12
1.571112589503767522e-12
1.480901930061099712e-12
1.395871015934871298e-12
1.315722434804753916e-12
1.240175851268854569e-12
1.168967026315595540e-12
1.101846893095880495e-12
1.038580685762878907e-12
9.789471183323740951e-13
9.227376106915780006e-13
8.697555590492253191e-13
8.198156482752057872e-13
7.727432037245045292e-13
7.283735802783293549e-13
6.865515864654744756e-13
6.471309416496741519e-13
6.099737643843513890e-13
5.749500901451813655e-13
5.419374167536455706e-13
5.108202759016054567e-13
4.814898292782199326e-13
4.538434878865793117e-13
4.277845532185426201e-13
4.032218790327158098e-13
3.800695525525736078e-13
3.582465939696521126e-13
3.376766732007660273e-13
3.182878429085533664e-13
3.000122868515341304e-13
2.827860826834879561e-13
2.665489783724955048e-13
2.512441814576245937e-13
2.368181604061452998e-13
2.232204573764818796e-13
2.104035117320030144e-13
1.983224936883553622e-13
1.869351475124892610e-13
1.762016437249343031e-13
1.660844397883731745e-13
1.565481487952449529e-13
1.475594156950866894e-13
1.390868006286942338e-13
1.311006689610405870e-13
1.235730876283203181e-13
1.164777274365734580e-13
1.097897709701591734e-13
1.034858257879709661e-13
9.754384260378013562e-14
9.194303816452724704e-14
8.666382255681315312e-14
8.168773068732990787e-14
7.699735769757071794e-14
7.257629808691944841e-14
6.840908833119051158e-14
6.448115279591637719e-14
6.077875275520364810e-14
5.728893833784128520e-14
5.399950323258297018e-14
5.089894199417651278e-14
4.797640980080964006e-14
4.522168452221602546e-14
4.262513096576728940e-14
4.017766717549465055e-14
3.787073266616443470e-14
3.569625848129987261e-14
3.364663897042124362e-14
3.171470518678976984e-14
2.989369981260857431e-14
2.817725352397669381e-14
2.655936271292793499e-14
2.503436848863305162e-14
2.359693688431778064e-14
2.224204020066657837e-14
2.096493942045693697e-14
1.976116763291601372e-14
1.862651440982300467e-14
1.755701107870959858e-14
1.654891684164867087e-14
1.559870569107891775e-14
1.470305407690098420e-14
1.385882928170831749e-14
1.306307846349284055e-14
1.231301832750016542e-14
1.160602539110960526e-14
1.093962680768851884e-14
1.031149171732559935e-14
9.719423094190605743e-15
9.161350062005073447e-15
8.635320650745861625e-15
8.139494969246667761e-15
7.672138769817361630e-15
7.231617382372123906e-15
6.816389996849807345e-15
6.425004273928166894e-15
6.056091265181873393e-15
5.708360624916563185e-15
5.380596096931381386e-15
5.071651260424069588e-15
4.780445520159079939e-15
4.505960326873533899e-15
4.247235614701157368e-15
4.003366443153375286e-15
3.773499831912242531e-15
3.556831777364277201e-15
3.352604440439932025e-15
3.160103495922628815e-15
2.978655633956033869e-15
2.807626205010613060e-15
2.646417000072271754e-15
2.494464158288851785e-15
2.351236194756072194e-15
2.216232141544706140e-15
2.088979795466867125e-15
1.969034066452630191e-15
1.855975420760106800e-15
1.749408413573795543e-15
1.648960305858683399e-15
1.554279760632272734e-15
1.465035614094490468e-15
1.380915717317264262e-15
1.301625844442347491e-15
1.226888663568600989e-15
1.156442766729206581e-15
1.090041755565967801e-15
1.027453379502666137e-15
9.684587234030621255e-16
9.128514418722149950e-16
8.604370375229429110e-16
8.110321806830164683e-16
7.644640681636277167e-16
7.205698188463033753e-16
6.791959039742063194e-16
6.401976101551589473e-16
6.034385331981357558e-16
5.687901010128181225e-16
5.361311239034599632e-16
5.053473706841278835e-16
4.763311691326959277e-16
4.489810293861043638e-16
4.232012889596330985e-16
3.989017781485755112e-16
3.759975046419889890e-16
3.544083562453966755e-16
3.340588206726550520e-16
3.148777214269043426e-16
2.967979688467933137e-16
2.797563254472135352e-16
2.636931847337770654e-16
2.485523627173966395e-16
2.342809013997508147e-16
2.208288835422850201e-16
2.081492580708670093e-16
1.961976755054153305e-16
1.849323328388835550e-16
1.743138273230339137e-16
1.643050186495874841e-16
1.548708990447024854e-16
1.459784708224105550e-16
1.375966309687300395e-16
1.296960623527665926e-16
1.222491311842907197e-16
1.152297903591298039e-16
1.086134883543061416e-16
1.023770833542639891e-16
9.649876230782510544e-17
9.095796463275863637e-17
8.573531030110717974e-17
8.081253205373316526e-17
7.617241150699273708e-17
7.179871892805768954e-17
6.767615646823770293e-17
6.379030465575038634e-17
6.012757196078709128e-17
5.667514725646831139e-17
5.342095500941162970e-17
5.035361304318231501e-17
4.746239272689606782e-17
4.473718144972560029e-17
4.216844725005839436e-17
3.974720547558912479e-17
3.746498735773379035e-17
3.531381039044854676e-17
3.328615040984723280e-17
3.137491527696057252e-17
2.957342007158741960e-17
2.787536371047357503e-17
2.627480690803571064e-17
2.476615140254370294e-17
2.334412037510086590e-17
2.200373999293360124e-17
2.074032201243451454e-17
1.954944738110975230e-17
1.842695078107508729e-17
1.736890606003864141e-17
1.637161249881225056e-17
1.543158186731935188e-17
1.454552622382528551e-17
1.371034641471540146e-17
1.292312123459668294e-17
1.218109720880823118e-17
1.148167896260290919e-17
1.082242014331449897e-17
1.020101486375883623e-17
9.615289636940562894e-18
9.063195773855535688e-18
8.542802217798714572e-18
8.052288790114122840e-18
7.589939823762557777e-18
7.154138162439197203e-18
6.743359504251855900e-18
6.356167070175773498e-18
5.991206578636825158e-18
5.647201508645767150e-18
5.322948634915395279e-18
5.017313819343819565e-18
4.729228044143729153e-18
4.457683672742752031e-18
4.201730925376665013e-18
3.960474557048155736e-18
3.733070726231633853e-18
3.518724043371788502e-18
3.316684788852417602e-18
3.126246290704844193e-18
2.946742452883931145e-18
2.777545425466357256e-18
2.618063408622213517e-18
2.467738582678882962e-18
2.326045157037191648e-18
2.192487531115534899e-18
2.066598560889518770e-18
1.947937924963996151e-18
1.836090584462519964e-18
1.730665331347367536e-18
1.631293420092604460e-18
1.537627277924194227e-18
1.449339289115965508e-18
1.366120649089273033e-18
1.287680284308341834e-18
1.213743834193415885e-18
1.144052691490751242e-18
1.078363097742962219e-18
1.016445290695947141e-18
9.580827006602853024e-19
9.030711930162184451e-19
8.512183542127304552e-19
8.023428187633669949e-19
7.562736348848309561e-19
7.128496665595487806e-19
6.719190299308056509e-19
6.333385620591299672e-19
5.969733201817986607e-19
5.626961097240248689e-19
5.303870394109541411e-19
4.999331019243871138e-19
4.712277786374916402e-19
4.441706670449875991e-19
4.186671295856680874e-19
3.946279626289442333e-19
3.719690844676296254e-19
3.506112412256576762e-19
3.304797296520863831e-19
3.115041358318081130e-19
2.936180888990537439e-19
2.767590288922560627e-19
2.608679879382985276e-19
2.458893840007993268e-19
2.317708264710238874e-19
2.184629329214425643e-19
2.059191563809928105e-19
1.940956225279069548e-19
1.829509762306559627e-19
1.724462369002556581e-19
1.625446621480018668e-19
1.532116192717505623e-19
1.444144641212409575e-19
1.361224269187693978e-19
1.283065046358494217e-19
1.209393595494240497e-19
1.139952236228108117e-19
1.074498083769332438e-19
1.012802199365955633e-19
9.546487895465837311e-20
8.998344513403432315e-20
8.481674608350465694e-20
7.994671025851586441e-20
7.535630375240384932e-20
7.102947071696020440e-20
6.695107720395013558e-20
6.310685823115651223e-20
5.948336788780329621e-20
5.606793230484206133e-20
5.284860532560616948e-20
4.981412672178184544e-20
4.695388280854841918e-20
4.425786932113136533e-20
4.171665642292162994e-20
3.932135572277028648e-20
3.706358918609502243e-20
3.493545983105890502e-20
3.292952410732564946e-20
3.103876586078054427e-20
2.925657179315363157e-20
2.757670833071027812e-20
2.599329982110294207e-20
2.450080798212321951e-20
2.309401253047222722e-20
2.176799292279462173e-20
2.051811114511193009e-20
1.933999549045785073e-20
1.822952526797463987e-20
1.718281638998762035e-20
1.619620778664579919e-20
1.526624860061110521e-20
1.438968611700717224e-20
1.356345438641030831e-20
1.278466350108930160e-20
1.205058948698561305e-20
1.135866477607918100e-20
1.070646922581505693e-20
1.009172165417955667e-20
9.512271860818199837e-21
8.966093106287710411e-21
8.451275023136812649e-21
7.966016934020920064e-21
7.508621553479503536e-21
7.077489051346886885e-21
6.671111457032070505e-21
6.288067385095457683e-21
5.927017063674153378e-21
5.586697648366771224e-21
5.265918805187144546e-21
4.963558547137454858e-21
4.678559309838373164e-21
4.409924252489963888e-21
4.156713771225227905e-21
3.918042212661061563e-21
3.693074776151625507e-21
3.481024593909149906e-21
3.281149978779323934e-21
3.092751830044822369e-21
2.915171188183259609e-21
2.747786930026854365e-21
2.590013596262176014e-21
2.441299343671225037e-21
2.301124014951408494e-21
2.168997319363226002e-21
2.044457117842126968e-21
1.927067806576378487e-21
1.816418793397190718e-21
1.712123061651975990e-21
1.613815816537603543e-21
1.521153209158939247e-21
1.433811133849810794e-21
1.351484094549792364e-21
1.273884136271741231e-21
1.200739837922681949e-21
1.131795362955232601e-21
1.066809564529040211e-21
1.005555142052350325e-21
9.478178461535509399e-22
8.933957293019212338e-22
8.420984394564847156e-22
7.937465542723653330e-22
7.481709535359017682e-22
7.052122276334885677e-22
6.647201199851480346e-22
6.265530014926350004e-22
5.905773751638526798e-22
5.566674091809067636e-22
5.247044967786124508e-22
4.945768413940406528e-22
4.661790656360855549e-22
4.394118427073450781e-22
4.141815489891414963e-22
3.903999365745294080e-22
3.679838246039114645e-22
3.468548083236467968e-22
3.269389848500284662e-22
3.081666946794348248e-22
2.904722780405358137e-22
2.737938452363488176e-22
2.580730601728697293e-22
2.432549363171279840e-22
2.292876443709897477e-22
2.161223309880093422e-22
2.037129478992564157e-22
1.920160908504524867e-22
1.809908477870679633e-22
1.705986557563772673e-22
1.608031660259587221e-22
1.515701169468648440e-22
1.428672141167770044e-22
1.346640174239913176e-22
1.269318345771502226e-22
1.196436207483189174e-22
1.127738839783887025e-22
1.062985960139439677e-22
1.001951082637271863e-22
9.444207258074335474e-23
8.901936659292356428e-23
8.390802332117711304e-23
7.909016483865746108e-23
7.454893973920224236e-23
7.026846419623097529e-23
6.623376640594236651e-23
6.243073422049037814e-23
5.884606578797584413e-23
5.546722302660725256e-23
5.228238777029747742e-23
4.928042043230710147e-23
4.645082104235219242e-23
4.378369252089628848e-23
4.126970606217115086e-23
3.890006850484662694e-23
3.666649157622210017e-23
3.456116290236510152e-23
3.257671868279930424e-23
3.070621793416627072e-23
2.894311821277309793e-23
2.728125273111082409e-23
2.571480878830409186e-23
2.423830743904833843e-23
2.284658432992266996e-23
2.153477163604959623e-23
2.029828103492159289e-23
1.913278765784209027e-23
1.803421496284789198e-23
1.699872047620312327e-23
1.602268235259276860e-23
1.510268670700741780e-23
1.423551567401004867e-23
1.341813615261974025e-23
1.264768919744535056e-23
1.192148001896259299e-23
1.123696855795846454e-23
1.059176060117534791e-23
9.983599407079968411e-24
9.410357812466706064e-24
8.870030792286560836e-24
8.360728446678299489e-24
7.880669390672555275e-24
7.428174523448074791e-24
7.001661155346859596e-24
6.599637472106279398e-24
6.220697316945731979e-24
5.863515272257163495e-24
5.526842023696702811e-24
5.209499990462405664e-24
4.910379206474151142e-24
4.628433438049301889e-24
4.362676524494942194e-24
4.112178928817195176e-24
3.876064486483046634e-24
3.653507340862833055e-24
3.443729054634497151e-24
3.245995887046187064e-24
3.059616227513886534e-24
2.883938176577580594e-24
2.718347265754875529e-24
2.562264308316813411e-24
2.415143373468550006e-24
2.276469876849189136e-24
2.145758780671927929e-24
2.022552897209147087e-24
1.906421289688553628e-24
1.796957765007191048e-24
1.693779452991295626e-24
1.596525467232676963e-24
1.504855642817634448e-24
1.418449346533371350e-24
1.337004355390367410e-24
1.260235799538123522e-24
1.187875165876917113e-24
1.119669358880506670e-24
1.055379815344825302e-24
9.947816699663274569e-25
9.376629688314299285e-25
8.838239280660768202e-25
8.330762350524066009e-25
7.852423897683909592e-25
7.401550839466505605e-25
6.976566158809344918e-25
6.575983388334332134e-25
6.198401411136225991e-25
5.842499560101111902e-25
5.507032998613825076e-25
5.190828366497424341e-25
4.892779675955559223e-25
4.611844443162955077e-25
4.347040041973517952e-25
4.097440266992419338e-25
3.862172093990844312e-25
3.640412626332307015e-25
3.431386216730066630e-25
3.234361754268423726e-25
3.048650107198716050e-25
2.873601712565699769e-25
2.708604304233551736e-25
2.553080771364826795e-25
2.406487139861969055e-25
2.268310669711083470e-25
2.138068061573046507e-25
2.015303766349156443e-25
1.899588391808703577e-25
1.790517200705318560e-25
1.687708695128972337e-25
1.590803282142118319e-25
1.499462016032777031e-25
1.413365412785347031e-25
1.332212332622521248e-25
1.255718926709778571e-25
1.183617644338343229e-25
1.115656297114040499e-25
1.051597176878863355e-25
9.912162242800092591e-26
9.343022450782937181e-26
8.806561714548248674e-26
8.300903657322145331e-26
7.824279640749533457e-26
7.375022578734142297e-26
6.951561106477525057e-26
6.552414084322093453e-26
6.176185417174301562e-26
5.821559171387895411e-26
5.487294972027565153e-26
5.172223664414028432e-26
4.875243224775941997e-26
4.595314905705349137e-26
4.331459602934632951e-26
4.082754430727066505e-26
3.848329493902716036e-26
3.627364845209218047e-26
3.419087617395247735e-26
3.222769319955531686e-26
3.037723291092246599e-26
2.863302295980537607e-26
2.698896262937614969e-26
2.543930149577240069e-26
2.397861931486052459e-26
2.260180706386744333e-26
2.130404907157014344e-26
2.008080617453988936e-26
1.892779984052674720e-26
1.784099720345282293e-26
1.681659695767119667e-26
1.585101606215292842e-26
1.494087720809742928e-26
1.408299700613170101e-26
1.327437485178086781e-26
1.251218243026476188e-26
1.179375382391157032e-26
1.111657618758724851e-26
1.047828095952619483e-26
9.876635576821342982e-27
9.309535666596973103e-27
8.774997685551323125e-27
8.271151982124369876e-27
7.796236257024339130e-27
7.348589399239857832e-27
6.926645675977983949e-27
6.528929256206288997e-27
6.154049048644002141e-27
5.800693836147078228e-27
5.467627689468740695e-27
5.153685644354231643e-27
4.857769626849561883e-27
4.578844612572214148e-27
4.315935006510111735e-27
4.068121230686479625e-27
3.834536507755287532e-27
3.614363829277263011e-27
3.406833098072434356e-27
3.211218434654014434e-27
3.026835638322348181e-27
2.853039794038603815e-27
2.689223016707778270e-27
2.534812324981201909e-27
2.389267637141751414e-27
2.252079882061983564e-27
2.122769218627897509e-27
2.000883357400407037e-27
1.885995978644208842e-27
1.777705241190789577e-27
1.675632376920024692e-27
1.579420365944296953e-27
1.488732687861329646e-27
1.403252144707993983e-27
1.322679751498142179e-27
1.246733690463905109e-27
1.175148325342706115e-27
1.107673272262267607e-27
1.044072523973847834e-27
9.841236243705420427e-28
9.276168904033633276e-28
8.743546786736014782e-28
8.241506941362233921e-28
7.768293384963687695e-28
7.322250960198301630e-28
6.901819546092692630e-28
6.505528601212691008e-28
6.131992020155892691e-28
5.779903285375812290e-28
5.448030897380195641e-28
5.135214067319706640e-28
4.840358656900973470e-28
4.562433351423040966e-28
4.300466052551679990e-28
4.053540478214563815e-28
3.820792957724782881e-28
