2.641076750840743934e-02
1.869298866425348205e-01
-1.778278151262377427e-01
-1.541239918434344491e-01
1.592509160490438586e-02
7.424110125778889124e-02
2.300679711669361555e-02
-2.335991445824961085e-02
-1.956476669338064536e-02
2.367404046045991275e-03
9.564105326513715200e-03
2.824896196135036949e-03
-3.065512629055021018e-03
-2.482009244461192907e-03
3.452246107135311650e-04
1.231462019260247918e-03
3.459567045268672038e-04
-4.018965386348437069e-04
-3.146660081289782973e-04
4.959823832791126130e-05
1.584804808551998291e-04
4.224765257733029182e-05
-5.264075430826532196e-05
-3.986638584471114251e-05
7.041700657257532756e-06
2.038495473310706293e-05
5.142979839947476613e-06
-6.888784083426053314e-06
-5.047389375208998019e-06
9.901039599634084118e-07
2.620739365080387794e-06
6.238856791887156642e-07
