3.620773672366469076e-01
-1.197250716507167079e+00
-1.974754075412962495e-01
5.180851485064532636e-01
1.159986210567558011e-02
-2.142853413808572527e-01
2.397671945562462187e-02
8.477141016452825750e-02
-2.121446368594313847e-02
-3.196250594541118206e-02
1.299759042258758976e-02
1.138081837705788406e-02
-6.863288964025890740e-03
-3.752551341122793878e-03
3.321404994461906075e-03
1.095362149573064119e-03
-1.510702110208661476e-03
-2.471501094497350996e-04
6.534529163188467589e-04
1.384128850943692042e-05
-2.701689622675065546e-04
3.055142146692709279e-05
1.068358452178345134e-04
-2.687334194404791110e-05
-4.026336325202120619e-05
1.643446917018270386e-05
1.432826127359426234e-05
-8.669804429712216917e-06
-4.720505303927174358e-06
4.192994455061795528e-06
1.375914586224002313e-06
-1.906210543941938838e-06
