-4.108420703068568769e-01
-3.450728434269177414e-01
-2.455424821870384744e-01
-1.167872964096999394e-01
3.412254630790779314e-02
1.981833664012797314e-01
3.652248151059114822e-01
5.247771716226393712e-01
6.669644032748343054e-01
7.833460812360779624e-01
8.676356519991301752e-01
9.162332163047527400e-01
9.285269453672241324e-01
9.069371928102430980e-01
8.566995234353742550e-01
7.854053680539901938e-01
7.023398903681294936e-01
6.176741193016954679e-01
5.415809538906565246e-01
4.833512066401584040e-01
4.505858502335660098e-01
4.485340716560387575e-01
4.796341821321307708e-01
5.432969620156109514e-01
6.359501413213385357e-01
7.513402269753247653e-01
8.810657238681909309e-01
1.015295867188992673e+00
1.143613004641012454e+00
1.255906115127750411e+00
1.343238542742011044e+00
1.398615241049754543e+00
1.417583471952615692e+00
1.398615241049754543e+00
1.343238542742012820e+00
1.255906115127750411e+00
1.143613004641012454e+00
1.015295867188992673e+00
8.810657238681909309e-01
7.513402269753247653e-01
6.359501413213385357e-01
5.432969620156113955e-01
4.796341821321311039e-01
4.485340716560387575e-01
4.505858502335657323e-01
4.833512066401582374e-01
5.415809538906564136e-01
6.176741193016955789e-01
7.023398903681292715e-01
7.854053680539897497e-01
8.566995234353742550e-01
9.069371928102429870e-01
9.285269453672241324e-01
9.162332163047527400e-01
8.676356519991303973e-01
7.833460812360778514e-01
6.669644032748346385e-01
5.247771716226402594e-01
3.652248151059117043e-01
1.981833664012804253e-01
3.412254630790897969e-02
-1.167872964096998006e-01
-2.455424821870379470e-01
-3.450728434269177969e-01
-4.108420703068567659e-01
-4.412298539578010104e-01
-4.376629116441961287e-01
-4.044836040994167492e-01
-3.485674535579227351e-01
-2.787224961183886740e-01
-2.049221915180370612e-01
-1.374379490356603950e-01
-8.594597545343668488e-02
-5.868536505104009898e-02
-6.173994174442137134e-02
-9.850570941721484286e-02
-1.693897856650872780e-01
-2.717667627534650077e-01
-4.001962739661008017e-01
-5.468830524908280255e-01
-7.023398903681290495e-01
-8.561964348648566370e-01
-9.980842033599279794e-01
-1.118521636696936605e+00
-1.209723009935702143e+00
-1.266261578543576460e+00
-1.285529892386839679e+00
-1.267957678200649196e+00
-1.216968569142736989e+00
-1.138679449562303159e+00
-1.041368347456065768e+00
-9.347567374718844802e-01
-8.291680973909989483e-01
-7.346352146186341248e-01
-6.600331489107770233e-01
-6.123125436650351805e-01
-5.958993313389018276e-01
-6.123125436650351805e-01
-6.600331489107770233e-01
-7.346352146186341248e-01
-8.291680973909977270e-01
-9.347567374718844802e-01
-1.041368347456065102e+00
-1.138679449562302715e+00
-1.216968569142736767e+00
-1.267957678200648974e+00
-1.285529892386839679e+00
-1.266261578543576682e+00
-1.209723009935702809e+00
-1.118521636696937493e+00
-9.980842033599288676e-01
-8.561964348648576362e-01
-7.023398903681301597e-01
-5.468830524908290247e-01
-4.001962739661032442e-01
-2.717667627534650077e-01
-1.693897856650877221e-01
-9.850570941721527307e-02
-6.173994174442151012e-02
-5.868536505103995327e-02
-8.594597545343604650e-02
-1.374379490356605060e-01
-2.049221915180363951e-01
-2.787224961183881744e-01
-3.485674535579222910e-01
-4.044836040994159720e-01
-4.376629116441961842e-01
-4.412298539578010659e-01
