1.080187691341182345e+38
9.963831073359980624e+37
7.558371267402978628e+37
3.896810425836426629e+37
-5.489905725251609502e+36
-5.210116476552355895e+37
-9.496579118597775997e+37
-1.287513975249469628e+38
-1.493815591824580430e+38
-1.545409681138205494e+38
-1.439299719995501324e+38
-1.192389474208343294e+38
-8.385256711570412119e+37
-4.233261628124921725e+37
2.414063097050630943e+35
3.897613609256731235e+37
6.981097888806005606e+37
9.001775538629970941e+37
9.848622930329318405e+37
9.576365047376140755e+37
8.385259753931852667e+37
6.580794111663534413e+37
4.520230089233507886e+37
2.554706902904992630e+37
9.759616618145133598e+36
-2.424863480164575458e+35
-3.761854568225289007e+36
-1.329854215181428618e+36
5.489879104589004709e+36
1.446292486354552310e+37
2.314391786836605996e+37
2.935556553346001278e+37
3.160320638911028085e+37
2.935556553346001278e+37
2.314391786836605996e+37
1.446292486354552310e+37
5.489879104589004709e+36
-1.329854215181428618e+36
-3.761854568225289007e+36
-2.424863480164575458e+35
9.759616618145133598e+36
2.554706902904992630e+37
4.520230089233507886e+37
6.580794111663534413e+37
8.385259753931852667e+37
9.576365047376140755e+37
9.848622930329318405e+37
9.001775538629970941e+37
6.981097888806005606e+37
3.897613609256731235e+37
2.414063097050630943e+35
-4.233261628124921725e+37
-8.385256711570412119e+37
-1.192389474208343294e+38
-1.439299719995501324e+38
-1.545409681138205494e+38
-1.493815591824580430e+38
-1.287513975249469628e+38
-9.496579118597775997e+37
-5.210116476552355895e+37
-5.489905725251609502e+36
3.896810425836426629e+37
7.558371267402978628e+37
9.963831073359980624e+37
1.080187691341182345e+38
9.963831073359980624e+37
7.558371267402978628e+37
3.896810425836426629e+37
-5.489905725251609502e+36
-5.210116476552355895e+37
-9.496579118597775997e+37
-1.287513975249469628e+38
-1.493815591824580430e+38
-1.545409681138205494e+38
-1.439299719995501324e+38
-1.192389474208343294e+38
-8.385256711570412119e+37
-4.233261628124921725e+37
2.414063097050630943e+35
3.897613609256731235e+37
6.981097888806005606e+37
9.001775538629970941e+37
9.848622930329318405e+37
9.576365047376140755e+37
8.385259753931852667e+37
6.580794111663534413e+37
4.520230089233507886e+37
2.554706902904992630e+37
9.759616618145133598e+36
-2.424863480164575458e+35
-3.761854568225289007e+36
-1.329854215181428618e+36
5.489879104589004709e+36
1.446292486354552310e+37
2.314391786836605996e+37
2.935556553346001278e+37
3.160320638911028085e+37
2.935556553346001278e+37
2.314391786836605996e+37
1.446292486354552310e+37
5.489879104589004709e+36
-1.329854215181428618e+36
-3.761854568225289007e+36
-2.424863480164575458e+35
9.759616618145133598e+36
2.554706902904992630e+37
4.520230089233507886e+37
6.580794111663534413e+37
8.385259753931852667e+37
9.576365047376140755e+37
9.848622930329318405e+37
9.001775538629970941e+37
6.981097888806005606e+37
3.897613609256731235e+37
2.414063097050630943e+35
-4.233261628124921725e+37
-8.385256711570412119e+37
-1.192389474208343294e+38
-1.439299719995501324e+38
-1.545409681138205494e+38
-1.493815591824580430e+38
-1.287513975249469628e+38
-9.496579118597775997e+37
-5.210116476552355895e+37
-5.489905725251609502e+36
3.896810425836426629e+37
7.558371267402978628e+37
9.963831073359980624e+37
