5.106851939410025909e-02
-6.358180250243893050e-02
-1.650669393798671614e-01
-2.357566323094982264e-01
-2.615613427961285264e-01
-2.336479755112473577e-01
-1.495502380501847195e-01
-1.353321685868771364e-02
1.638410093791288213e-01
3.669048015072834956e-01
5.766999396998510052e-01
7.732057622104386851e-01
9.377174656022051469e-01
1.055090050338253205e+00
1.115576087602612176e+00
1.116031364488085265e+00
1.060336420449187411e+00
9.589753698268994597e-01
8.278150425607583296e-01
6.862250190510903458e-01
5.547605729517548490e-01
4.526856879225416574e-01
3.956351245729882726e-01
3.936999658798399082e-01
4.501716108225501944e-01
5.611005971396977321e-01
7.157283522623282268e-01
8.977439494710399703e-01
1.087217184572837558e+00
1.262976222800788140e+00
1.405143013863714874e+00
1.497519536038657728e+00
1.529535314673174495e+00
1.497519536038657728e+00
1.405143013863717760e+00
1.262976222800788140e+00
1.087217184572837558e+00
8.977439494710399703e-01
7.157283522623282268e-01
5.611005971396977321e-01
4.501716108225501944e-01
3.936999658798401858e-01
3.956351245729882171e-01
4.526856879225416574e-01
5.547605729517537387e-01
6.862250190510896797e-01
8.278150425607578855e-01
9.589753698268999038e-01
1.060336420449187189e+00
1.116031364488085043e+00
1.115576087602612176e+00
1.055090050338253427e+00
9.377174656022051469e-01
7.732057622104391292e-01
5.766999396998521155e-01
3.669048015072832181e-01
1.638410093791293209e-01
-1.353321685868672485e-02
-1.495502380501846362e-01
-2.336479755112471912e-01
-2.615613427961285820e-01
-2.357566323094983096e-01
-1.650669393798675777e-01
-6.358180250243880560e-02
5.106851939409997460e-02
1.598245252189862686e-01
2.444518072358655980e-01
2.896725506157953878e-01
2.849270977608125421e-01
2.255656342746919230e-01
1.133396557412780503e-01
-4.385367541457622226e-02
-2.329338806011861940e-01
-4.371848883630131688e-01
-6.382014329364756877e-01
-8.180048151963151826e-01
-9.610832205668884409e-01
-1.056124574422117712e+00
-1.097248879913078623e+00
-1.084607108075638537e+00
-1.024287716793272018e+00
-9.275511134144533987e-01
-8.094878348712262195e-01
-6.872595431349541872e-01
-5.781263279164388091e-01
-4.974847409084190430e-01
-4.571366178096128441e-01
-4.639800527355706361e-01
-5.192644820446070675e-01
-6.184874894129613887e-01
-7.519389345712345074e-01
-9.058262907075955717e-01
-1.063851429608151822e+00
-1.209060304494488758e+00
-1.325758146007719240e+00
-1.401276813322109627e+00
-1.427398275884973922e+00
-1.401276813322109627e+00
-1.325758146007719240e+00
-1.209060304494488758e+00
-1.063851429608153598e+00
-9.058262907075955717e-01
-7.519389345712353956e-01
-6.184874894129619438e-01
-5.192644820446075116e-01
-4.639800527355710802e-01
-4.571366178096128996e-01
-4.974847409084185434e-01
-5.781263279164379210e-01
-6.872595431349532991e-01
-8.094878348712253313e-01
-9.275511134144525105e-01
-1.024287716793271574e+00
-1.084607108075637871e+00
-1.097248879913078845e+00
-1.056124574422117712e+00
-9.610832205668891071e-01
-8.180048151963164038e-01
-6.382014329364767979e-01
-4.371848883630166105e-01
-2.329338806011893581e-01
-4.385367541457584062e-02
1.133396557412769956e-01
2.255656342746912846e-01
2.849270977608123201e-01
2.896725506157956653e-01
2.444518072358655425e-01
1.598245252189870180e-01
