3.962048590183258057e-01
-2.331524789333343506e-01
-3.201083242893218994e-01
4.446317553520202637e-01
5.479834079742431641e-01
-2.640120983123779297e-01
-3.364205956459045410e-01
6.219773292541503906e-01
8.965039849281311035e-01
1.674485206604003906e-01
1.199527382850646973e-01
9.688705801963806152e-01
9.925240874290466309e-01
1.389663815498352051e-01
2.732946872711181641e-01
1.328587532043457031e+00
1.279718160629272461e+00
3.087487518787384033e-01
5.841170549392700195e-01
1.685163021087646484e+00
1.134748816490173340e+00
-4.038715660572052002e-01
5.472433567047119141e-02
1.759924530982971191e+00
1.236409068107604980e+00
-5.591009855270385742e-01
5.633919835090637207e-01
3.175430297851562500e+00
1.315251588821411133e+00
-3.855839252471923828e+00
-3.383836269378662109e+00
4.666910171508789062e+00
9.814086914062500000e+00
4.666910171508789062e+00
-3.383836269378662109e+00
-3.855839252471923828e+00
1.315251588821411133e+00
3.175430297851562500e+00
5.633919835090637207e-01
-5.591009855270385742e-01
1.236409068107604980e+00
1.759924530982971191e+00
5.472433567047119141e-02
-4.038715660572052002e-01
1.134748816490173340e+00
1.685163021087646484e+00
5.841170549392700195e-01
3.087487518787384033e-01
1.279718160629272461e+00
1.328587532043457031e+00
2.732946872711181641e-01
1.389663815498352051e-01
9.925240874290466309e-01
9.688705801963806152e-01
1.199527382850646973e-01
1.674485206604003906e-01
8.965039849281311035e-01
6.219773292541503906e-01
-3.364205956459045410e-01
-2.640120983123779297e-01
5.479834079742431641e-01
4.446317553520202637e-01
-3.201083242893218994e-01
-2.331524789333343506e-01
3.962048590183258057e-01
1.504968702793121338e-01
-5.889055728912353516e-01
-4.489783048629760742e-01
1.667176485061645508e-01
-3.149101138114929199e-02
-5.930948853492736816e-01
-3.271465301513671875e-01
1.928840577602386475e-01
-2.254105806350708008e-01
-9.329300522804260254e-01
-6.920824050903320312e-01
-1.330406665802001953e-01
-4.635910987854003906e-01
-1.050976157188415527e+00
-7.374272942543029785e-01
-1.981469392776489258e-01
-5.888995528221130371e-01
-1.236671566963195801e+00
-1.005682110786437988e+00
-5.363770127296447754e-01
-8.726178407669067383e-01
-1.335186958312988281e+00
-9.486663937568664551e-01
-4.666149616241455078e-01
-8.590090274810791016e-01
-1.348500251770019531e+00
-9.922866225242614746e-01
-5.863337516784667969e-01
-1.014539599418640137e+00
-1.408097028732299805e+00
-8.933658003807067871e-01
-4.124268293380737305e-01
-8.933658003807067871e-01
-1.408097028732299805e+00
-1.014539599418640137e+00
-5.863337516784667969e-01
-9.922866225242614746e-01
-1.348500251770019531e+00
-8.590090274810791016e-01
-4.666149616241455078e-01
-9.486663937568664551e-01
-1.335186958312988281e+00
-8.726178407669067383e-01
-5.363770127296447754e-01
-1.005682110786437988e+00
-1.236671566963195801e+00
-5.888995528221130371e-01
-1.981469392776489258e-01
-7.374272942543029785e-01
-1.050976157188415527e+00
-4.635910987854003906e-01
-1.330406665802001953e-01
-6.920824050903320312e-01
-9.329300522804260254e-01
-2.254105806350708008e-01
1.928840577602386475e-01
-3.271465301513671875e-01
-5.930948853492736816e-01
-3.149101138114929199e-02
1.667176485061645508e-01
-4.489783048629760742e-01
-5.889055728912353516e-01
1.504968702793121338e-01
