2.286908709837212908e+36
-1.131038905711808661e+36
-4.466311141395570251e+36
-7.090905967044755590e+36
-8.499824817813019104e+36
-8.418844128343939239e+36
-6.868515050168416051e+36
-4.169422934045018126e+36
-8.854750189506470313e+35
2.285063802844905749e+36
4.649701202992638027e+36
5.664726151878484390e+36
5.051285307241339732e+36
2.859496186299177274e+36
-5.341870121982256986e+35
-4.497476965227481385e+36
-8.267456856887583286e+36
-1.110561689902166917e+37
-1.245078306580325457e+37
-1.203805631277854673e+37
-9.958180140514283223e+36
-6.643957718416286468e+36
-2.785371268188781731e+36
8.098430227329051519e+35
3.381856652222573707e+36
4.376269919261359117e+36
3.560509186613938533e+36
1.074527517322609280e+36
-2.595482912702293994e+36
-6.715423422480053242e+36
-1.045340242547534366e+37
-1.305106886633653078e+37
-1.398001843799098003e+37
-1.305106886633653078e+37
-1.045340242547534366e+37
-6.715423422480053242e+36
-2.595482912702293994e+36
1.074527517322609280e+36
3.560509186613938533e+36
4.376269919261359117e+36
3.381856652222573707e+36
8.098430227329051519e+35
-2.785371268188781731e+36
-6.643957718416286468e+36
-9.958180140514283223e+36
-1.203805631277854673e+37
-1.245078306580325457e+37
-1.110561689902166917e+37
-8.267456856887583286e+36
-4.497476965227481385e+36
-5.341870121982256986e+35
2.859496186299177274e+36
5.051285307241339732e+36
5.664726151878484390e+36
4.649701202992638027e+36
2.285063802844905749e+36
-8.854750189506470313e+35
-4.169422934045018126e+36
-6.868515050168416051e+36
-8.418844128343939239e+36
-8.499824817813019104e+36
-7.090905967044755590e+36
-4.466311141395570251e+36
-1.131038905711808661e+36
2.286908709837212908e+36
5.164785037558074366e+36
7.007386807248718696e+36
7.539216940068470059e+36
6.749497870614188049e+36
4.883230331867882904e+36
2.382578142180112352e+36
-2.074510207273497416e+35
-2.348704775122438749e+36
-3.612773787036048317e+36
-3.757391804287185526e+36
-2.763122732504176077e+36
-8.256233712298462657e+35
1.692303093187234368e+36
4.337183180653921891e+36
6.653563340839515876e+36
8.267461927489984198e+36
8.949537178575285881e+36
8.647794503251159752e+36
7.486262103894536004e+36
5.732522641279890555e+36
3.742357468168478725e+36
1.893067256998380200e+36
5.178701701988192440e+35
-1.476798688196634685e+35
6.018189406827846088e+32
9.254243937915395667e+35
2.461081208551046143e+36
4.345812395202325506e+36
6.267107378853937861e+36
7.912323273583044590e+36
9.017317188518889079e+36
9.406195630801503240e+36
9.017317188518889079e+36
7.912323273583044590e+36
6.267107378853937861e+36
4.345812395202325506e+36
2.461081208551046143e+36
9.254243937915395667e+35
6.018189406827846088e+32
-1.476798688196634685e+35
5.178701701988192440e+35
1.893067256998380200e+36
3.742357468168478725e+36
5.732522641279890555e+36
7.486262103894536004e+36
8.647794503251159752e+36
8.949537178575285881e+36
8.267461927489984198e+36
6.653563340839515876e+36
4.337183180653921891e+36
1.692303093187234368e+36
-8.256233712298462657e+35
-2.763122732504176077e+36
-3.757391804287185526e+36
-3.612773787036048317e+36
-2.348704775122438749e+36
-2.074510207273497416e+35
2.382578142180112352e+36
4.883230331867882904e+36
6.749497870614188049e+36
7.539216940068470059e+36
7.007386807248718696e+36
5.164785037558074366e+36
