1.163966088385588016e+00
2.800523949253176936e-01
-4.777806904093512275e-02
9.251920761362400492e-02
8.117197409912924044e-02
1.419873671174545771e-01
2.059032136649178724e-01
3.113701619548527311e-01
4.662199487808157405e-01
6.996941328224111079e-01
1.049520032549668747e+00
1.574447452234699396e+00
2.361852416384313091e+00
3.543075028998433407e+00
5.315048580446629423e+00
7.973230000074874368e+00
1.196082971557466301e+01
1.794272214010657152e+01
2.691629961228651169e+01
4.037777434120610565e+01
6.057164929062270176e+01
9.086495622592411792e+01
1.363086586961637181e+02
2.044798259673777636e+02
3.067449979154745847e+02
4.601553884400962033e+02
6.902899246911066484e+02
1.035520157104690952e+03
1.553408151292312141e+03
2.330304116192533456e+03
3.495744031873574841e+03
5.244047869745969365e+03
7.866719590864423481e+03
1.180105114568451791e+04
1.770303447764800148e+04
2.655673853522776699e+04
3.983838830110843992e+04
5.976250360429591092e+04
8.965113774329343869e+04
1.344877810321390862e+05
2.017482845420065860e+05
3.026473483558751177e+05
4.540084079266165500e+05
6.810686945972698741e+05
1.021687172884701635e+06
1.532656966202772455e+06
2.299174775207809638e+06
3.449046175054223277e+06
5.173995316028535366e+06
7.761632106843093410e+06
1.164340693841581047e+07
1.746654869328632578e+07
2.620198064609182253e+07
3.930620764490579814e+07
5.896416688083057106e+07
8.845353404123272002e+07
1.326912275415720493e+08
1.990532323816676736e+08
2.986044372012203336e+08
4.479435417822905779e+08
6.719706462005738020e+08
1.008038976426802397e+09
1.512182985582812309e+09
2.268461275169942856e+09
