-3.510277206906831093e-02
-1.295716119104685891e-02
1.703568233402512691e-02
5.192163104460614104e-02
8.802359195720173279e-02
1.214157798424588819e-01
1.484356048693425134e-01
1.661624470022101396e-01
1.727967722469127831e-01
1.678868163700571459e-01
1.523714897644301292e-01
1.284341739222365220e-01
9.918892378401410193e-02
6.824435813173215792e-02
3.920774425671288282e-02
1.519994514202157795e-02
-1.550195064694191716e-03
-9.975484464252667299e-03
-1.026768860482525289e-02
-3.791537857231302208e-03
7.168717582466733497e-03
1.979005978668543081e-02
3.116040725367487385e-02
3.872946222461438881e-02
4.069355497477524647e-02
3.625797205002600360e-02
2.573922902330038828e-02
1.049419312949217455e-02
-7.310801707916658038e-03
-2.505361305807043623e-02
-4.007714749466141646e-02
-5.011199343800834538e-02
-5.363550207644079276e-02
-5.011199343800834538e-02
-4.007714749466172177e-02
-2.505361305807043623e-02
-7.310801707916658038e-03
1.049419312949217455e-02
2.573922902330038828e-02
3.625797205002600360e-02
4.069355497477524647e-02
3.872946222461440269e-02
3.116040725367491201e-02
1.979005978668543081e-02
7.168717582466828907e-03
-3.791537857231261441e-03
-1.026768860482524075e-02
-9.975484464252660360e-03
-1.550195064694226410e-03
1.519994514202145652e-02
3.920774425671288282e-02
6.824435813173206078e-02
9.918892378401410193e-02
1.284341739222364664e-01
1.523714897644300181e-01
1.678868163700571736e-01
1.727967722469128109e-01
1.661624470022102229e-01
1.484356048693425689e-01
1.214157798424589929e-01
8.802359195720201035e-02
5.192163104460620349e-02
1.703568233402528304e-02
-1.295716119104688840e-02
-3.510277206906826930e-02
-4.754184259914016886e-02
-4.972958630224862814e-02
-4.247549403124147721e-02
-2.780091461675949366e-02
-8.637682151456610100e-03
1.158730592584617837e-02
2.942179547771694645e-02
4.184636788544583708e-02
4.665878786014619056e-02
4.273442570033072346e-02
3.013170740363224284e-02
1.003442245451215131e-02
-1.545400045721676344e-02
-4.362886520910754656e-02
-7.156544927471333861e-02
-9.650674410512721790e-02
-1.162032375895048625e-01
-1.291601053906915597e-01
-1.347631473246446721e-01
-1.332742781851567193e-01
-1.257072683031614790e-01
-1.136116723995622274e-01
-9.880493673272815192e-02
-8.309787328418163921e-02
-6.805649987987454075e-02
-5.483431234818048061e-02
-4.409507658643398165e-02
-3.602966126836167765e-02
-3.045408349138698997e-02
-2.696251137838547376e-02
-2.510062095752344999e-02
-2.452271909168452294e-02
-2.510062095752344999e-02
-2.696251137838547376e-02
-3.045408349138698997e-02
-3.602966126836160826e-02
-4.409507658643398165e-02
-5.483431234818040428e-02
-6.805649987987445748e-02
-8.309787328418158370e-02
-9.880493673272798538e-02
-1.136116723995621858e-01
-1.257072683031613680e-01
-1.332742781851567193e-01
-1.347631473246446721e-01
-1.291601053906916152e-01
-1.162032375895049457e-01
-9.650674410512735668e-02
-7.156544927471349127e-02
-4.362886520910804616e-02
-1.545400045721676344e-02
1.003442245451202815e-02
3.013170740363211100e-02
4.273442570033065407e-02
4.665878786014617668e-02
4.184636788544598279e-02
2.942179547771690828e-02
1.158730592584634143e-02
-8.637682151456460913e-03
-2.780091461675936529e-02
-4.247549403124128986e-02
-4.972958630224863508e-02
-4.754184259914022437e-02
