-2.162264658396702566e-01
-7.667806376172903171e-02
1.062378886829210833e-01
3.034284370310212364e-01
4.825939946987634621e-01
6.125722364241029672e-01
6.676416317615486706e-01
6.311964388335434828e-01
4.982792515060562311e-01
2.766050062693020672e-01
-1.408788522036004756e-02
-3.442956139228569579e-01
-6.783302992296676992e-01
-9.787536035719416327e-01
-1.211070660209383920e+00
-1.348053129840431685e+00
-1.373109087800898909e+00
-1.282248136723420195e+00
-1.084384564030183018e+00
-7.999521698489067134e-01
-4.580388426577037264e-01
-9.245363804470546620e-02
2.627152447250907796e-01
5.774274417729645670e-01
8.293017206505319816e-01
1.006020216605775897e+00
1.106213334561757744e+00
1.138735946040365210e+00
1.120479819438218172e+00
1.073078890491775406e+00
1.019022270632262916e+00
9.777718626405512703e-01
9.624753129761705051e-01
9.777718626405512703e-01
1.019022270632261806e+00
1.073078890491775406e+00
1.120479819438218172e+00
1.138735946040365210e+00
1.106213334561757744e+00
1.006020216605775897e+00
8.293017206505319816e-01
5.774274417729661213e-01
2.627152447250921674e-01
-9.245363804470546620e-02
-4.580388426577008398e-01
-7.999521698489052701e-01
-1.084384564030182130e+00
-1.282248136723420640e+00
-1.373109087800898909e+00
-1.348053129840432574e+00
-1.211070660209383920e+00
-9.787536035719421879e-01
-6.783302992296676992e-01
-3.442956139228579016e-01
-1.408788522036163483e-02
2.766050062693024003e-01
4.982792515060557870e-01
6.311964388335430387e-01
6.676416317615487817e-01
6.125722364241034112e-01
4.825939946987647389e-01
3.034284370310215140e-01
1.062378886829220687e-01
-7.667806376172919824e-02
-2.162264658396698680e-01
-2.903251660344862151e-01
-2.866746664731643079e-01
-2.041578094735712612e-01
-5.272249063560111026e-02
1.481884492657050967e-01
3.724026384510923937e-01
5.905700487610676674e-01
7.740028241757400673e-01
8.982867890653062348e-01
9.462021266728273261e-01
9.096054779051135908e-01
7.900826370055867853e-01
5.983560378358621090e-01
3.525987214748257381e-01
7.594311899804875865e-02
-2.064389472661066760e-01
-4.702788758170266536e-01
-6.947995380248576103e-01
-8.646522554256980131e-01
-9.710213028011142056e-01
-1.011846449998142550e+00
-9.912408884590484526e-01
-9.182850379991764900e-01
-8.054422936434446623e-01
-6.668636921634150116e-01
-5.168253106356451854e-01
-3.684826495099248200e-01
-2.330435158184814282e-01
-1.193712851982001166e-01
-3.395034390968186544e-02
1.891117939312693397e-02
3.679068345941033380e-02
1.891117939312693397e-02
-3.395034390968186544e-02
-1.193712851982001166e-01
-2.330435158184799294e-01
-3.684826495099248200e-01
-5.168253106356442972e-01
-6.668636921634142345e-01
-8.054422936434439961e-01
-9.182850379991753798e-01
-9.912408884590481195e-01
-1.011846449998142550e+00
-9.710213028011148717e-01
-8.646522554256991233e-01
-6.947995380248590536e-01
-4.702788758170283190e-01
-2.064389472661084524e-01
7.594311899804696842e-02
3.525987214748211307e-01
5.983560378358621090e-01
7.900826370055858971e-01
9.096054779051129247e-01
9.462021266728272151e-01
8.982867890653075671e-01
7.740028241757426208e-01
5.905700487610672234e-01
3.724026384510943366e-01
1.481884492657067065e-01
-5.272249063559965310e-02
-2.041578094735692073e-01
-2.866746664731643079e-01
-2.903251660344865481e-01
