-1.340998466212372231e-01
-1.112811899666357046e-01
-8.690541983921776237e-02
-6.099775041374053131e-02
-3.360788543957848873e-02
-4.811076767253646101e-03
2.529018776168002330e-02
5.656343837511194905e-02
8.884257530773181921e-02
1.219243169512260888e-01
1.555664616030169312e-01
1.894898355665215750e-01
2.233851694014658273e-01
2.569248982284947358e-01
2.897785138315571718e-01
3.216291451643926713e-01
3.521888186954372779e-01
3.812103235142998425e-01
4.084945020365515211e-01
4.338927583062596738e-01
4.573053540857156540e-01
4.786765226742910606e-01
4.979875750568135140e-01
5.152490825021588394e-01
5.304929969304543746e-01
5.437653047908393988e-01
5.551195626208247358e-01
5.646114643934616595e-01
5.722944514053762699e-01
5.782162904539698278e-01
5.824165048055057747e-01
5.849245330754915262e-01
5.857585031036334211e-01
5.849245330754915262e-01
5.824165048055057747e-01
5.782162904539698278e-01
5.722944514053762699e-01
5.646114643934616595e-01
5.551195626208247358e-01
5.437653047908393988e-01
5.304929969304543746e-01
5.152490825021588394e-01
4.979875750568135140e-01
4.786765226742910606e-01
4.573053540857157651e-01
4.338927583062596738e-01
4.084945020365515211e-01
3.812103235142997315e-01
3.521888186954373889e-01
3.216291451643929489e-01
2.897785138315571718e-01
2.569248982284949578e-01
2.233851694014658273e-01
1.894898355665218248e-01
1.555664616030172365e-01
1.219243169512260888e-01
8.884257530773194411e-02
5.656343837511217804e-02
2.529018776168002330e-02
-4.811076767253424057e-03
-3.360788543957804464e-02
-6.099775041374053131e-02
-8.690541983921755420e-02
-1.112811899666357046e-01
-1.340998466212372231e-01
-1.553596261662062994e-01
-1.750807255356191527e-01
-1.933031647975290701e-01
-2.100840511599711691e-01
-2.254944313644233200e-01
-2.396159498013042954e-01
-2.525374946325367187e-01
-2.643519618497476298e-01
-2.751532293377941807e-01
-2.850334185668015330e-01
-2.940805215112847204e-01
-3.023764687043506982e-01
-3.099956985599708337e-01
-3.170042555561964903e-01
-3.234594022740507890e-01
-3.294096887583225497e-01
-3.348953919365677545e-01
-3.399492227036503000e-01
-3.445971983040236886e-01
-3.488595889620227375e-01
-3.527518653794565751e-01
-3.562855933988096080e-01
-3.594692408045506160e-01
-3.623088772245429134e-01
-3.648087607301066515e-01
-3.669718139876955720e-01
-3.687999990031605724e-01
-3.702946030893494167e-01
-3.714564501860095347e-01
-3.722860515493165434e-01
-3.727837085305867881e-01
-3.729495780311675723e-01
-3.727837085305867881e-01
-3.722860515493165434e-01
-3.714564501860095347e-01
-3.702946030893494167e-01
-3.687999990031605724e-01
-3.669718139876960161e-01
-3.648087607301063739e-01
-3.623088772245429134e-01
-3.594692408045507825e-01
-3.562855933988094415e-01
-3.527518653794565751e-01
-3.488595889620227375e-01
-3.445971983040236886e-01
-3.399492227036504111e-01
-3.348953919365677545e-01
-3.294096887583225497e-01
-3.234594022740505670e-01
-3.170042555561967124e-01
-3.099956985599708337e-01
-3.023764687043505317e-01
-2.940805215112851645e-01
-2.850334185668017550e-01
-2.751532293377944027e-01
-2.643519618497476298e-01
-2.525374946325367187e-01
-2.396159498013045452e-01
-2.254944313644235143e-01
-2.100840511599714189e-01
-1.933031647975292922e-01
-1.750807255356191527e-01
-1.553596261662062994e-01
