-2.876259834145321603e-01
-2.039975398860173206e-01
-1.435025005501194273e-01
-1.065062377277800204e-01
-9.223221948748265564e-02
-9.883223964053179655e-02
-1.234984959918776770e-01
-1.626124408465361992e-01
-2.119239505693524817e-01
-2.667532461382174369e-01
-3.222071855633870663e-01
-3.734010712766123730e-01
-4.156769875991627727e-01
-4.448099080311085918e-01
-4.571933785342252587e-01
-4.499974671575206475e-01
-4.212928359843471360e-01
-3.701361913730796260e-01
-2.966139467929731488e-01
-2.018426264625448330e-01
-8.792628044329350856e-02
4.212709586707127224e-02
1.845265104342841134e-01
3.348511814582763035e-01
4.882296195113299264e-01
6.395371883919532818e-01
7.836040329351104949e-01
9.154248726530742619e-01
1.030362111101841505e+00
1.124334003418931971e+00
1.193980246274272128e+00
1.236798280300387631e+00
1.251244787774493439e+00
1.236798280300387631e+00
1.193980246274273460e+00
1.124334003418931971e+00
1.030362111101841505e+00
9.154248726530742619e-01
7.836040329351104949e-01
6.395371883919532818e-01
4.882296195113299264e-01
3.348511814582771362e-01
1.845265104342847795e-01
4.212709586707127224e-02
-8.792628044329266201e-02
-2.018426264625443889e-01
-2.966139467929727602e-01
-3.701361913730799591e-01
-4.212928359843470250e-01
-4.499974671575205920e-01
-4.571933785342252587e-01
-4.448099080311087028e-01
-4.156769875991627727e-01
-3.734010712766124285e-01
-3.222071855633872883e-01
-2.667532461382173814e-01
-2.119239505693526482e-01
-1.626124408465365045e-01
-1.234984959918777742e-01
-9.883223964053192145e-02
-9.223221948748272503e-02
-1.065062377277800065e-01
-1.435025005501190665e-01
-2.039975398860175426e-01
-2.876259834145319383e-01
-3.928556610988340747e-01
-5.170097985224315629e-01
-6.563362253543653102e-01
-8.061216913403768114e-01
-9.608476031255113181e-01
-1.114381841971640252e+00
-1.260199859560663382e+00
-1.391627034104759186e+00
-1.502093350230258917e+00
-1.585390880762044485e+00
-1.635924321232861578e+00
-1.648944969730442356e+00
-1.620759052588430782e+00
-1.548902153461921394e+00
-1.432272679164024121e+00
-1.271218747669449201e+00
-1.067574558624584391e+00
-8.246441425628963096e-01
-5.471323134742916983e-01
-2.410245983038645512e-01
8.658018680457164884e-02
4.276792715905289310e-01
7.736101551681046073e-01
1.115321365162777800e+00
1.443660371757339744e+00
1.749668589329025137e+00
2.024873079950798793e+00
2.261564635802778334e+00
2.453052360219589723e+00
2.593885674150291809e+00
2.680035817003672882e+00
2.709030346362162778e+00
2.680035817003672882e+00
2.593885674150291809e+00
2.453052360219589723e+00
2.261564635802780554e+00
2.024873079950798793e+00
1.749668589329026691e+00
1.443660371757341299e+00
1.115321365162779577e+00
7.736101551681081601e-01
4.276792715905303743e-01
8.658018680457464644e-02
-2.410245983038620810e-01
-5.471323134742893668e-01
-8.246441425628945332e-01
-1.067574558624582615e+00
-1.271218747669447868e+00
-1.432272679164023232e+00
-1.548902153461919839e+00
-1.620759052588430782e+00
-1.648944969730442578e+00
-1.635924321232861800e+00
-1.585390880762044929e+00
-1.502093350230260471e+00
-1.391627034104760963e+00
-1.260199859560662938e+00
-1.114381841971641363e+00
-9.608476031255123173e-01
-8.061216913403776996e-01
-6.563362253543674196e-01
-5.170097985224313408e-01
-3.928556610988350739e-01
