-2.389999999999999902e-01
-2.277591737035125352e-01
-2.143573593451502945e-01
-1.985758433813632762e-01
-1.802061319249830540e-01
-1.590562698294676613e-01
-1.349582204241976668e-01
-1.077760851738778641e-01
-7.741481789771337274e-02
-4.382898276109001984e-02
-7.031031167639163922e-03
3.290146065390997521e-02
7.582013854969366085e-02
1.215022865369861510e-01
1.696496925442320947e-01
2.198902043210127222e-01
2.717820523028390278e-01
3.248208430271331548e-01
3.784489595048106669e-01
4.320669586787996841e-01
4.850464435976846178e-01
5.367438186429868141e-01
5.865143151332896654e-01
6.337257020607566238e-01
6.777711679038662673e-01
7.180809653967262784e-01
7.541325395125150211e-01
7.854589955003430379e-01
8.116558940112034159e-01
8.323864708199073537e-01
8.473854587606041155e-01
8.564617324560165335e-01
8.595000000000000417e-01
8.564617324560165335e-01
8.473854587606044486e-01
8.323864708199073537e-01
8.116558940112034159e-01
7.854589955003430379e-01
7.541325395125150211e-01
7.180809653967262784e-01
6.777711679038662673e-01
6.337257020607569569e-01
5.865143151332897764e-01
5.367438186429868141e-01
4.850464435976849509e-01
4.320669586787999061e-01
3.784489595048108335e-01
3.248208430271329328e-01
2.717820523028392499e-01
2.198902043210130552e-01
1.696496925442320947e-01
1.215022865369862759e-01
7.582013854969366085e-02
3.290146065391010705e-02
-7.031031167638952285e-03
-4.382898276109007535e-02
-7.741481789771330335e-02
-1.077760851738776560e-01
-1.349582204241976946e-01
-1.590562698294675781e-01
-1.802061319249828875e-01
-1.985758433813632484e-01
-2.143573593451502113e-01
-2.277591737035125075e-01
-2.389999999999999625e-01
-2.483036033530568454e-01
-2.558947509816340005e-01
-2.619961456703628344e-01
-2.668261318421992212e-01
-2.705969234036586513e-01
-2.735130977238054983e-01
-2.757701285408200587e-01
-2.775527862579335592e-01
-2.790333082897520356e-01
-2.803693245502702491e-01
-2.817016031806452991e-01
-2.831517494209921382e-01
-2.848200383169936512e-01
-2.867835846685612422e-01
-2.890950494483666700e-01
-2.917820523028391566e-01
-2.948474091159084542e-01
-2.982702486809329367e-01
-3.020079913908940150e-01
-3.059991039738480523e-01
-3.101664854370355107e-01
-3.144212967099839773e-01
-3.186670238905597308e-01
-3.228035637482193909e-01
-3.267311388013832141e-01
-3.303538840699081769e-01
-3.335829929464325661e-01
-3.363393589965592012e-01
-3.385556972760791483e-01
-3.401781671333684032e-01
-3.411675441833180722e-01
-3.414999999999999702e-01
-3.411675441833180722e-01
-3.401781671333684032e-01
-3.385556972760791483e-01
-3.363393589965592012e-01
-3.335829929464325661e-01
-3.303538840699081769e-01
-3.267311388013832696e-01
-3.228035637482194464e-01
-3.186670238905597863e-01
-3.144212967099840328e-01
-3.101664854370355662e-01
-3.059991039738481078e-01
-3.020079913908940705e-01
-2.982702486809329367e-01
-2.948474091159085098e-01
-2.917820523028391566e-01
-2.890950494483667255e-01
-2.867835846685612977e-01
-2.848200383169936512e-01
-2.831517494209920827e-01
-2.817016031806453547e-01
-2.803693245502702491e-01
-2.790333082897520356e-01
-2.775527862579335037e-01
-2.757701285408200587e-01
-2.735130977238054428e-01
-2.705969234036587068e-01
-2.668261318421992767e-01
-2.619961456703629454e-01
-2.558947509816340560e-01
-2.483036033530568731e-01
