-6.716284079917600458e-02
-1.053073140055331147e-01
-1.418498286254735175e-01
-1.758624859770054616e-01
-2.064651322533057054e-01
-2.328448967917123857e-01
-2.542743433163900946e-01
-2.701278380422800218e-01
-2.798957764684965044e-01
-2.831963564151807056e-01
-2.797846373852416746e-01
-2.695586845300982359e-01
-2.525626581120113956e-01
-2.289867750343502206e-01
-1.991641363377879559e-01
-1.635644820813706990e-01
-1.227850012842510996e-01
-7.753838816497475583e-02
-2.863839540660710961e-02
2.301681068881242936e-02
7.646314068524892593e-02
1.306905256161554896e-01
1.846638895616273812e-01
2.373447045422198143e-01
2.877126681614149417e-01
3.347870414010984952e-01
3.776471908990048365e-01
4.154518967680148056e-01
4.474570131966883468e-01
4.730311041368043812e-01
4.916687195833205903e-01
5.030010283557598827e-01
5.068035798126979685e-01
5.030010283557598827e-01
4.916687195833209789e-01
4.730311041368043812e-01
4.474570131966883468e-01
4.154518967680148056e-01
3.776471908990048365e-01
3.347870414010984952e-01
2.877126681614149417e-01
2.373447045422200918e-01
1.846638895616276033e-01
1.306905256161554896e-01
7.646314068524935614e-02
2.301681068881267223e-02
-2.863839540660692920e-02
-7.753838816497493625e-02
-1.227850012842509608e-01
-1.635644820813704492e-01
-1.991641363377879559e-01
-2.289867750343501096e-01
-2.525626581120113956e-01
-2.695586845300982359e-01
-2.797846373852416191e-01
-2.831963564151807056e-01
-2.798957764684965044e-01
-2.701278380422800773e-01
-2.542743433163901501e-01
-2.328448967917124690e-01
-2.064651322533059274e-01
-1.758624859770055171e-01
-1.418498286254736840e-01
-1.053073140055330870e-01
-6.716284079917610172e-02
-2.837155272097960715e-02
1.010517733367877896e-02
4.732082313082057456e-02
8.236438433396038594e-02
1.143802218420391925e-01
1.425866209155331188e-01
1.662926820116792936e-01
1.849131761227967019e-01
1.979810461184819403e-01
2.051572871591283709e-01
2.062379965527071368e-01
2.011584452231738873e-01
1.899940879045869668e-01
1.729584958597296940e-01
1.503982628982810654e-01
1.227850012842510719e-01
9.070460734806455594e-02
5.484403588466595092e-02
1.597587644095050177e-02
-2.505892779641140031e-02
-6.736983763876419617e-02
-1.100365393355141053e-01
-1.521293942455206882e-01
-1.927300678157147507e-01
-2.309518853704977115e-01
-2.659594684981477219e-01
-2.969872218183416401e-01
-3.233562652773426804e-01
-3.444894412906193137e-01
-3.599240682915262335e-01
-3.693221616292473586e-01
-3.724778982143459594e-01
-3.693221616292473586e-01
-3.599240682915262335e-01
-3.444894412906193137e-01
-3.233562652773429580e-01
-2.969872218183416401e-01
-2.659594684981479440e-01
-2.309518853704979335e-01
-1.927300678157149449e-01
-1.521293942455211046e-01
-1.100365393355142718e-01
-6.736983763876457088e-02
-2.505892779641173684e-02
1.597587644095018952e-02
5.484403588466565949e-02
9.070460734806430614e-02
1.227850012842508776e-01
1.503982628982808989e-01
1.729584958597293332e-01
1.899940879045869668e-01
2.011584452231738596e-01
2.062379965527071091e-01
2.051572871591283986e-01
1.979810461184821069e-01
1.849131761227969517e-01
1.662926820116792659e-01
1.425866209155333131e-01
1.143802218420394007e-01
8.236438433396063574e-02
4.732082313082118519e-02
1.010517733367872345e-02
-2.837155272097931571e-02
