5.166498289935969046e-01
5.307469830692442825e-01
5.398525212023244091e-01
5.439982311924901337e-01
5.432630903293528268e-01
5.377722183508873988e-01
5.276953881034285310e-01
5.132451089314864490e-01
4.946743019337938030e-01
4.722735901442623452e-01
4.463682303950942676e-01
4.173147170586027910e-01
3.854970910112180960e-01
3.513229899874357187e-01
3.152194789659358287e-01
2.776287013309631235e-01
2.390033932591343335e-01
1.998023050787193500e-01
1.604855742227024040e-01
1.215100948401853231e-01
8.332492913874903206e-02
4.636680510321003479e-02
1.105574437797202450e-02
-2.220913718077945423e-02
-5.305361546807346035e-02
-8.113209187862818750e-02
-1.061310385701430825e-01
-1.277721217798760966e-01
-1.458149728650225685e-01
-1.600595801621561565e-01
-1.703482784453725640e-01
-1.765673166712254938e-01
-1.786479887933388744e-01
-1.765673166712254938e-01
-1.703482784453727306e-01
-1.600595801621561565e-01
-1.458149728650225685e-01
-1.277721217798760966e-01
-1.061310385701430825e-01
-8.113209187862818750e-02
-5.305361546807346035e-02
-2.220913718077962770e-02
1.105574437797190827e-02
4.636680510321003479e-02
8.332492913874876839e-02
1.215100948401851289e-01
1.604855742227022097e-01
1.998023050787194610e-01
2.390033932591341947e-01
2.776287013309629015e-01
3.152194789659358287e-01
3.513229899874356077e-01
3.854970910112180960e-01
4.173147170586026800e-01
4.463682303950941010e-01
4.722735901442624007e-01
4.946743019337938030e-01
5.132451089314862269e-01
5.276953881034285310e-01
5.377722183508872877e-01
5.432630903293528268e-01
5.439982311924901337e-01
5.398525212023244091e-01
5.307469830692442825e-01
5.166498289935969046e-01
4.975770546352158430e-01
4.735925735972075779e-01
4.448078904337517958e-01
4.113813146359282524e-01
3.735167224719014856e-01
3.314618779155362738e-01
2.855063281487552618e-01
2.359788932266913275e-01
1.832447734114055482e-01
1.277023013719263689e-01
6.977936987998009655e-02
9.929568768995044453e-03
-5.137193226147671044e-02
-1.136327159500585826e-01
-1.763476237515454181e-01
-2.390033932591341670e-01
-3.010833826581367223e-01
-3.620723372385786787e-01
-4.214611525661444147e-01
-4.787515889189616902e-01
-5.334608920417924782e-01
-5.851262761449922412e-01
-6.333092263748876238e-01
-6.775995796924110248e-01
-7.176193452016137453e-01
-7.530262274488215279e-01
-7.835168190429125934e-01
-8.088294321002582610e-01
-8.287465414640855510e-01
-8.430968163541594507e-01
-8.517567210332345207e-01
-8.546516691938549348e-01
-8.517567210332345207e-01
-8.430968163541594507e-01
-8.287465414640855510e-01
-8.088294321002584830e-01
-7.835168190429125934e-01
-7.530262274488217500e-01
-7.176193452016138563e-01
-6.775995796924112469e-01
-6.333092263748880679e-01
-5.851262761449925742e-01
-5.334608920417930333e-01
-4.787515889189621898e-01
-4.214611525661448588e-01
-3.620723372385791228e-01
-3.010833826581371664e-01
-2.390033932591345278e-01
-1.763476237515458067e-01
-1.136327159500596790e-01
-5.137193226147671044e-02
9.929568768994702713e-03
6.977936987997958307e-02
1.277023013719259803e-01
1.832447734114046045e-01
2.359788932266904948e-01
2.855063281487553728e-01
3.314618779155359407e-01
3.735167224719012080e-01
4.113813146359279749e-01
4.448078904337512962e-01
4.735925735972076889e-01
4.975770546352156765e-01
