-1.588010351421861310e-01
-1.834398489803298338e-01
-2.061696703295290423e-01
-2.266334902477649682e-01
-2.445045438716471897e-01
-2.594934325035475609e-01
-2.713546090230036234e-01
-2.798920813133738972e-01
-2.849642037385835547e-01
-2.864874449313006832e-01
-2.844390408829838846e-01
-2.788584651229065736e-01
-2.698476721567267811e-01
-2.575700957892708143e-01
-2.422484099403764968e-01
-2.241610855236018662e-01
-2.036378023411589966e-01
-1.810537992114516770e-01
-1.568232681676876017e-01
-1.313919190607747145e-01
-1.052288588251324847e-01
-7.881794463420176144e-02
-5.264878185777121383e-02
-2.720754587970281371e-02
-2.967811261196205610e-03
1.961842766062618995e-02
4.012936388701915380e-02
5.818143875257843212e-02
7.343669362813799728e-02
8.560926323905515556e-02
9.447087871500126077e-02
9.985526846553992308e-02
1.016613673053395339e-01
9.985526846553992308e-02
9.447087871500142731e-02
8.560926323905515556e-02
7.343669362813799728e-02
5.818143875257843212e-02
4.012936388701915380e-02
1.961842766062618995e-02
-2.967811261196205610e-03
-2.720754587970266800e-02
-5.264878185777111669e-02
-7.881794463420176144e-02
-1.052288588251322904e-01
-1.313919190607746035e-01
-1.568232681676875184e-01
-1.810537992114517603e-01
-2.036378023411589411e-01
-2.241610855236017552e-01
-2.422484099403764968e-01
-2.575700957892707588e-01
-2.698476721567267811e-01
-2.788584651229065181e-01
-2.844390408829838290e-01
-2.864874449313006832e-01
-2.849642037385836102e-01
-2.798920813133739527e-01
-2.713546090230036234e-01
-2.594934325035476164e-01
-2.445045438716473285e-01
-2.266334902477649960e-01
-2.061696703295291255e-01
-1.834398489803298060e-01
-1.588010351421862143e-01
-1.326328805261472177e-01
-1.053297652309755222e-01
-7.729274151940689064e-02
-4.892150834729543790e-02
-2.060658688130115324e-02
7.278138777170758272e-03
3.438236097390747620e-02
6.038562612161742227e-02
8.500282450642461518e-02
1.079887846875870888e-01
1.291418855816722222e-01
1.483066217740446058e-01
1.653750813214227011e-01
1.802873197756092172e-01
1.930306388315795874e-01
2.036378023411589411e-01
2.121842459034739559e-01
2.187843583324547703e-01
2.235869335286227166e-01
2.267699092078145351e-01
2.285345241754360435e-01
2.290990380531678916e-01
2.286921663045786979e-01
2.275463888781623090e-01
2.258912926788402831e-01
2.239471063588136246e-01
2.219185806322702403e-01
2.199893585908047067e-01
2.183169685281167449e-01
2.170285568455032066e-01
2.162174610409369757e-01
2.159407029790327281e-01
2.162174610409369757e-01
2.170285568455032066e-01
2.183169685281167449e-01
2.199893585908046512e-01
2.219185806322702403e-01
2.239471063588136523e-01
2.258912926788403108e-01
2.275463888781622812e-01
2.286921663045786979e-01
2.290990380531679194e-01
2.285345241754360712e-01
2.267699092078145906e-01
2.235869335286227721e-01
2.187843583324547980e-01
2.121842459034739836e-01
2.036378023411590243e-01
1.930306388315796429e-01
1.802873197756094670e-01
1.653750813214227011e-01
1.483066217740447168e-01
1.291418855816723887e-01
1.079887846875872415e-01
8.500282450642501764e-02
6.038562612161783166e-02
3.438236097390742069e-02
7.278138777170987256e-03
-2.060658688130095548e-02
-4.892150834729522280e-02
-7.729274151940643267e-02
-1.053297652309755777e-01
-1.326328805261470234e-01
