4.783964313336415142e-01
-6.686117702503447946e-01
1.016221842371664463e+00
-5.404459101796171838e-01
5.635409421157382415e-01
-3.706171264282576150e-01
3.307219110787045224e-01
-2.398413395202254605e-01
1.998261722320203992e-01
-1.515647732832982875e-01
1.224452177942366160e-01
-9.479520744794027454e-02
7.552313782899977568e-02
-5.901695902272515587e-02
4.672277806799624705e-02
-3.666638248118819776e-02
2.894515622102947217e-02
-2.275896853796209596e-02
1.794302697519204945e-02
-1.412058587703986581e-02
1.112601022067435247e-02
-8.759295929158158675e-03
6.899847799845420550e-03
-5.433100074494384354e-03
4.279225239499383215e-03
-3.369837560125993423e-03
2.654009049088159027e-03
-2.090077541227208530e-03
1.646057220672333520e-03
-1.296320159312258375e-03
1.020915630720915009e-03
-8.040083080143302320e-04
