0.000000000000000000e+00
-5.546479898470929593e-01
-1.197757132534971847e+00
-1.858610603935404670e+00
-2.459004620727910595e+00
-2.923877125594013027e+00
-3.191910957756351142e+00
-3.224564058471997896e+00
-3.012162534292702087e+00
-2.576082735992141437e+00
-1.966593029021889372e+00
-1.256547575517713122e+00
-5.317330343823846173e-01
1.208254850322869195e-01
6.249672033344193522e-01
9.261807158591413014e-01
9.994998749374610636e-01
8.533254787753560278e-01
5.285530318176250297e-01
9.305151564282572452e-02
-3.677930880891521204e-01
-7.631800249034921269e-01
-1.009954387327147041e+00
-1.044778743159162193e+00
-8.336721699868416824e-01
-3.775285543418259171e-01
2.872156628265281619e-01
1.092911616890724913e+00
1.949464003169632420e+00
2.756336602624321230e+00
3.416133501815268314e+00
3.847859460450255842e+00
3.997999499749843810e+00
3.847859460450255842e+00
3.416133501815281637e+00
2.756336602624321230e+00
1.949464003169632420e+00
1.092911616890724913e+00
2.872156628265281619e-01
-3.775285543418259171e-01
-8.336721699868416824e-01
-1.044778743159161749e+00
-1.009954387327147485e+00
-7.631800249034921269e-01
-3.677930880891561172e-01
9.305151564282383714e-02
5.285530318176238085e-01
8.533254787753569159e-01
9.994998749374609526e-01
9.261807158591423006e-01
6.249672033344193522e-01
1.208254850322883628e-01
-5.317330343823846173e-01
-1.256547575517711124e+00
-1.966593029021885819e+00
-2.576082735992142325e+00
-3.012162534292701643e+00
-3.224564058471997008e+00
-3.191910957756352030e+00
-2.923877125594014359e+00
-2.459004620727914592e+00
-1.858610603935405559e+00
-1.197757132534974733e+00
-5.546479898470924041e-01
-1.221245327087672194e-15
4.121089245546489255e-01
6.506738810546784935e-01
7.106711977405865133e-01
6.121696663232886193e-01
3.959326531731861554e-01
1.162971320081975096e-01
-1.675185988554360184e-01
-4.003434943089888565e-01
-5.389042347779378073e-01
-5.574980065490178216e-01
-4.507584690684035555e-01
-2.332510511967089972e-01
6.387960332261101437e-02
3.985535704790898470e-01
7.247179995432340149e-01
9.994998749374605085e-01
1.189445714631511830e+00
1.274938751822402239e+00
1.252211567160459005e+00
1.132777173668243043e+00
9.405178983314244068e-01
7.070328654445159344e-01
4.660958051200003172e-01
2.481786988386919246e-01
7.594130286001637975e-02
-3.861439453190858295e-02
-9.493531562808134316e-02
-1.026290487650116101e-01
-7.842902527131610790e-02
-4.203769288144358629e-02
-1.165048634856741608e-02
0.000000000000000000e+00
-1.165048634856741608e-02
-4.203769288144358629e-02
-7.842902527131610790e-02
-1.026290487650114713e-01
-9.493531562808134316e-02
-3.861439453190902704e-02
7.594130286001549157e-02
2.481786988386908144e-01
4.660958051199978747e-01
7.070328654445147132e-01
9.405178983314226304e-01
1.132777173668241932e+00
1.252211567160458339e+00
1.274938751822402461e+00
1.189445714631512718e+00
9.994998749374620628e-01
7.247179995432359023e-01
3.985535704790957312e-01
6.387960332261101437e-02
-2.332510511967074984e-01
-4.507584690684023343e-01
-5.574980065490173775e-01
-5.389042347779388065e-01
-4.003434943089918541e-01
-1.675185988554353522e-01
1.162971320081951782e-01
3.959326531731842680e-01
6.121696663232873981e-01
7.106711977405860692e-01
6.506738810546782714e-01
4.121089245546513680e-01
