0.000000000000000000e+00
2.453492800805889829e-02
4.520931830494223647e-02
6.201455884367335081e-02
7.497838066460538187e-02
8.416413412830014984e-02
8.966972542892870379e-02
9.162622472239201343e-02
9.019616035529431919e-02
8.557151669068807642e-02
7.797145586524045768e-02
6.763978645284463020e-02
5.484220442628262582e-02
3.986333397820529534e-02
2.300359766448645260e-02
4.575946948760289956e-03
-1.509751445884788268e-02
-3.568898107578633017e-02
-5.686843586454481958e-02
-7.830714577795871989e-02
-9.968112820391916706e-02
-1.206745542016534056e-01
-1.409830550725124088e-01
-1.603168997828627873e-01
-1.784040120456760192e-01
-1.949927974582579271e-01
-2.098547529708112425e-01
-2.227868331059796869e-01
-2.336135497424256524e-01
-2.421887848926207454e-01
-2.483972987211611194e-01
-2.521559180376571341e-01
-2.534143936288462129e-01
-2.521559180376571341e-01
-2.483972987211611194e-01
-2.421887848926207454e-01
-2.336135497424256524e-01
-2.227868331059796869e-01
-2.098547529708112425e-01
-1.949927974582579271e-01
-1.784040120456760192e-01
-1.603168997828632314e-01
-1.409830550725124088e-01
-1.206745542016534056e-01
-9.968112820391983320e-02
-7.830714577795916398e-02
-5.686843586454548571e-02
-3.568898107578633017e-02
-1.509751445884810472e-02
4.575946948760289956e-03
2.300359766448645260e-02
3.986333397820551738e-02
5.484220442628262582e-02
6.763978645284485225e-02
7.797145586524045768e-02
8.557151669068807642e-02
9.019616035529409714e-02
9.162622472239179139e-02
8.966972542892892584e-02
8.416413412829992780e-02
7.497838066460493778e-02
6.201455884367335081e-02
4.520931830494245851e-02
2.453492800805867624e-02
0.000000000000000000e+00
-2.835013460780144712e-02
-6.043340217875292630e-02
-9.613131694100185420e-02
-1.352896631543416550e-01
-1.777195235900528303e-01
-2.231986455190879681e-01
-2.714731321456425039e-01
-3.222594442783144331e-01
-3.752466940300882570e-01
-4.300992095101694446e-01
-4.864593468425750800e-01
-5.439505234436858849e-01
-6.021804443368252713e-01
-6.607444913972511102e-01
-7.192292438238769847e-01
-7.772160968399646208e-01
-8.342849446467233143e-01
-8.900178930003135314e-01
-9.440029664610474214e-01
-9.958377753763034690e-01
-1.045133108006242040e+00
-1.091516413880184277e+00
-1.134635145475360485e+00
-1.174159926628928208e+00
-1.209787517716117478e+00
-1.241243549536655166e+00
-1.268285000029893084e+00
-1.290702390365463081e+00
-1.308321679607677090e+00
-1.321005840002653642e+00
-1.328656097960226212e+00
-1.331212828968778794e+00
-1.328656097960226212e+00
-1.321005840002653642e+00
-1.308321679607677090e+00
-1.290702390365463970e+00
-1.268285000029893084e+00
-1.241243549536655166e+00
-1.209787517716117922e+00
-1.174159926628929096e+00
-1.134635145475361817e+00
-1.091516413880184277e+00
-1.045133108006242040e+00
-9.958377753763034690e-01
-9.440029664610487536e-01
-8.900178930003139754e-01
-8.342849446467233143e-01
-7.772160968399655090e-01
-7.192292438238760965e-01
-6.607444913972528866e-01
-6.021804443368252713e-01
-5.439505234436858849e-01
-4.864593468425759681e-01
-4.300992095101703327e-01
-3.752466940300891451e-01
-3.222594442783153212e-01
-2.714731321456425039e-01
-2.231986455190884122e-01
-1.777195235900532744e-01
-1.352896631543420991e-01
-9.613131694100207625e-02
-6.043340217875314835e-02
-2.835013460780166916e-02
