6.805778569489058516e-02
1.504112498588890678e-01
2.189612097728979578e-01
2.743614987081789969e-01
3.189940414644902855e-01
3.563593062395860600e-01
3.903193449139352178e-01
4.243229918354045060e-01
4.607435468090998465e-01
5.004392640699544259e-01
5.426094175643408901e-01
5.849695581219531704e-01
6.242165770487653198e-01
6.567057136023736197e-01
6.792253787355496675e-01
6.897374272595173661e-01
6.879533259514353238e-01
6.756403036281996011e-01
6.565925545072142100e-01
6.362546964582742604e-01
6.210399730439949417e-01
6.174355762356656951e-01
6.310241416437590845e-01
6.655680628105247187e-01
7.222987776053148012e-01
7.995269304465747462e-01
8.926449563573383150e-01
9.945375992662580655e-01
1.096356429478815064e+00
1.188560417591169704e+00
1.262084166866363821e+00
1.309474648295070542e+00
1.325839465977877829e+00
1.309474648295070542e+00
1.262084166866365154e+00
1.188560417591169704e+00
1.096356429478815064e+00
9.945375992662580655e-01
8.926449563573383150e-01
7.995269304465747462e-01
7.222987776053148012e-01
6.655680628105249408e-01
6.310241416437591955e-01
6.174355762356656951e-01
6.210399730439949417e-01
6.362546964582742604e-01
6.565925545072142100e-01
6.756403036281998231e-01
6.879533259514353238e-01
6.897374272595173661e-01
6.792253787355496675e-01
6.567057136023736197e-01
6.242165770487653198e-01
5.849695581219532814e-01
5.426094175643411122e-01
5.004392640699543149e-01
4.607435468090998465e-01
4.243229918354047836e-01
3.903193449139352733e-01
3.563593062395862265e-01
3.189940414644906741e-01
2.743614987081790524e-01
2.189612097728982354e-01
1.504112498588890123e-01
6.805778569489080720e-02
-2.667086152682817193e-02
-1.302347252612024164e-01
-2.372958705410837532e-01
-3.413396423199012708e-01
-4.355184166385596689e-01
-5.135957759915182885e-01
-5.708503498629684536e-01
-6.048012924131745960e-01
-6.156413214326100780e-01
-6.063049672783182853e-01
-5.821529832062520837e-01
-5.503107437101550925e-01
-5.187503026803842454e-01
-4.952447085160320284e-01
-4.863432064670884514e-01
-4.965139612235893174e-01
-5.275770885548234368e-01
-5.785085822899536101e-01
-6.456414368968838025e-01
-7.232320135470243772e-01
-8.043062128853433190e-01
-8.816593300697205260e-01
-9.488616847226909456e-01
-1.001122499256947407e+00
-1.035886957695969501e+00
-1.053082493409071674e+00
-1.054983889879307357e+00
-1.045724621458985926e+00
-1.030535253495644898e+00
-1.014830587545581642e+00
-1.003289407941154510e+00
-9.990708323119350531e-01
-1.003289407941154510e+00
-1.014830587545581642e+00
-1.030535253495644898e+00
-1.045724621458985482e+00
-1.054983889879307357e+00
-1.053082493409071674e+00
-1.035886957695969723e+00
-1.001122499256947629e+00
-9.488616847226913897e-01
-8.816593300697208591e-01
-8.043062128853440962e-01
-7.232320135470248212e-01
-6.456414368968843576e-01
-5.785085822899540542e-01
-5.275770885548237699e-01
-4.965139612235894284e-01
-4.863432064670884514e-01
-4.952447085160317508e-01
-5.187503026803842454e-01
-5.503107437101548705e-01
-5.821529832062518617e-01
-6.063049672783181743e-01
-6.156413214326101890e-01
-6.048012924131749291e-01
-5.708503498629683426e-01
-5.135957759915188436e-01
-4.355184166385602795e-01
-3.413396423199019925e-01
-2.372958705410855018e-01
-1.302347252612022777e-01
-2.667086152682891440e-02
