-1.340344641052934604e-01
-1.118007878881516343e-01
-8.776231218844134097e-02
-6.195131953356651511e-02
-3.444091327055208429e-02
-5.349247678447192206e-03
2.515760873776861153e-02
5.686525513059459414e-02
8.951387330172703993e-02
1.228049339156001701e-01
1.564115501817953113e-01
1.899916881411171932e-01
2.232029078074997397e-01
2.557170253773123347e-01
2.872331235762481949e-01
3.174876712733485373e-01
3.462610397024277198e-01
3.733802775236789162e-01
3.987184998826924232e-01
4.221915763040990366e-01
4.437529474027699372e-01
4.633873876770994160e-01
4.811044128361809391e-01
4.969318602501278104e-01
5.109099944525921089e-01
5.230863343405010024e-01
5.335112779592079413e-01
5.422345167564966983e-01
5.493021798077472040e-01
5.547546229557455133e-01
5.586247709886129620e-01
5.609369267821990857e-01
5.617059750607112933e-01
5.609369267821990857e-01
5.586247709886129620e-01
5.547546229557455133e-01
5.493021798077472040e-01
5.422345167564966983e-01
5.335112779592079413e-01
5.230863343405010024e-01
5.109099944525921089e-01
4.969318602501278659e-01
4.811044128361809391e-01
4.633873876770994160e-01
4.437529474027700482e-01
4.221915763040992031e-01
3.987184998826925897e-01
3.733802775236788607e-01
3.462610397024279418e-01
3.174876712733487594e-01
2.872331235762481949e-01
2.557170253773125013e-01
2.232029078074997397e-01
1.899916881411171932e-01
1.564115501817954224e-01
1.228049339156001701e-01
8.951387330172738688e-02
5.686525513059469822e-02
2.515760873776872603e-02
-5.349247678447192206e-03
-3.444091327055164020e-02
-6.195131953356651511e-02
-8.776231218844134097e-02
-1.118007878881513983e-01
-1.340344641052932384e-01
-1.544673060765610062e-01
-1.731353763136037061e-01
-1.901034789668274438e-01
-2.054625282660662855e-01
-2.193271730279968690e-01
-2.318329572291176477e-01
-2.431322748061117422e-01
-2.533886238693742188e-01
-2.627691408618038627e-01
-2.714359683169503823e-01
-2.795374919260735780e-01
-2.872006979062327048e-01
-2.945257660148309919e-01
-3.015835744793265438e-01
-3.084162060101958702e-01
-3.150399989261712386e-01
-3.214503292990455452e-01
-3.276271942223396572e-01
-3.335407615628241951e-01
-3.391562761230358380e-01
-3.444379764458296300e-01
-3.493519126799876640e-01
-3.538677284412647395e-01
-3.579595712178184619e-01
-3.616063372157016786e-01
-3.647914555969757888e-01
-3.675023917756921055e-01
-3.697300139747357051e-01
-3.714679310038540572e-01
-3.727118773627888237e-01
-3.734591963721455854e-01
-3.737084531956388345e-01
-3.734591963721455854e-01
-3.727118773627888237e-01
-3.714679310038540572e-01
-3.697300139747357051e-01
-3.675023917756921055e-01
-3.647914555969755113e-01
-3.616063372157018452e-01
-3.579595712178184619e-01
-3.538677284412647395e-01
-3.493519126799876640e-01
-3.444379764458296300e-01
-3.391562761230360601e-01
-3.335407615628241951e-01
-3.276271942223396572e-01
-3.214503292990455452e-01
-3.150399989261712386e-01
-3.084162060101960923e-01
-3.015835744793267659e-01
-2.945257660148309919e-01
-2.872006979062327048e-01
-2.795374919260735780e-01
-2.714359683169501603e-01
-2.627691408618038627e-01
-2.533886238693746629e-01
-2.431322748061117422e-01
-2.318329572291180918e-01
-2.193271730279972576e-01
-2.054625282660662855e-01
-1.901034789668278879e-01
-1.731353763136039281e-01
-1.544673060765613948e-01
