9.553902535491580750e-01
5.031620559539569104e-01
-3.314415984558750222e-02
-5.907260965300570321e-01
-1.101257753812687978e+00
-1.500096809878074700e+00
-1.735338594102170395e+00
-1.775408048012800943e+00
-1.614049864071023910e+00
-1.271918367582037579e+00
-7.944368762331276423e-01
-2.461255009491301604e-01
2.978896611297994768e-01
7.620499834604899103e-01
1.080816353163177146e+00
1.207924950704639677e+00
1.123112707476826122e+00
8.353142631925135619e-01
3.818179105886078117e-01
-1.765644420773549994e-01
-7.636897143257086462e-01
-1.298527547258490067e+00
-1.706409941308689504e+00
-1.929508989763968563e+00
-1.935057271690298064e+00
-1.720130930314605067e+00
-1.312292308254638940e+00
-7.659702276318269831e-01
-1.550589754292065470e-01
4.372445532370562993e-01
9.299498442721940705e-01
1.255515540437313504e+00
1.369245638777150553e+00
1.255515540437313504e+00
9.299498442722038405e-01
4.372445532370562993e-01
-1.550589754292065470e-01
-7.659702276318269831e-01
-1.312292308254638940e+00
-1.720130930314605067e+00
-1.935057271690298064e+00
-1.929508989763968785e+00
-1.706409941308690392e+00
-1.298527547258490067e+00
-7.636897143257136422e-01
-1.765644420773573586e-01
3.818179105886061464e-01
8.353142631925147832e-01
1.123112707476825456e+00
1.207924950704639677e+00
1.080816353163177146e+00
7.620499834604909095e-01
2.978896611297994768e-01
-2.461255009491286894e-01
-7.944368762331248668e-01
-1.271918367582038245e+00
-1.614049864071023244e+00
-1.775408048012800277e+00
-1.735338594102170839e+00
-1.500096809878076032e+00
-1.101257753812691531e+00
-5.907260965300578093e-01
-3.314415984559016676e-02
5.031620559539573545e-01
9.553902535491570758e-01
1.274337398968898860e+00
1.430264866934131573e+00
1.415829056361399552e+00
1.245799597638793665e+00
9.537572978590252992e-01
5.863882845113855824e-01
1.963087307683070437e-01
-1.654769969433598220e-01
-4.563824520626656445e-01
-6.473703563877892808e-01
-7.257652460706269792e-01
-6.954820054440989940e-01
-5.748056163625610004e-01
-3.922192495503974974e-01
-1.810469629343039177e-01
2.618386549027884591e-02
2.027629392956657450e-01
3.314501470663624438e-01
4.062696694451105595e-01
4.322780202645022385e-01
4.234758394261488590e-01
3.993281923154514135e-01
3.805652088400153787e-01
3.850235886750768000e-01
4.242491703555626992e-01
5.014219213505752837e-01
6.109168799897221058e-01
7.395211699786031767e-01
8.690382069791710018e-01
9.797739654805122100e-01
1.054255492153509888e+00
1.080501796249533797e+00
1.054255492153509888e+00
9.797739654805122100e-01
8.690382069791710018e-01
7.395211699786045090e-01
6.109168799897221058e-01
5.014219213505762829e-01
4.242491703555630322e-01
3.850235886750772440e-01
3.805652088400152122e-01
3.993281923154513580e-01
4.234758394261486925e-01
4.322780202645023495e-01
4.062696694451109480e-01
3.314501470663631100e-01
2.027629392956668275e-01
2.618386549028006716e-02
-1.810469629343025300e-01
-3.922192495503940002e-01
-5.748056163625610004e-01
-6.954820054440986610e-01
-7.257652460706270903e-01
-6.473703563877901690e-01
-4.563824520626695302e-01
-1.654769969433649290e-01
1.963087307683078764e-01
5.863882845113824738e-01
9.537572978590228567e-01
1.245799597638791889e+00
1.415829056361397997e+00
1.430264866934131573e+00
1.274337398968900636e+00
