1.273250018333845213e-01
1.228579695037446129e-01
-2.840622517697204835e-02
2.130027300933012499e-02
-5.408084971620349783e-03
3.708744139340352120e-03
-1.018247464246757475e-03
6.482688124116003621e-04
-1.900774321309553440e-04
1.137105952225328498e-04
-3.524245976404585779e-05
2.000795473789535039e-05
-6.499075067379718556e-06
3.530274534837159563e-06
-1.193268689947868937e-06
6.244209206779744662e-07
-2.183119502619344373e-07
1.106829255311979509e-07
-3.982414566947918763e-08
1.965627313658920297e-08
-7.247136292437064413e-09
3.496505019849427589e-09
-1.316181880060650535e-09
6.228537130137803033e-10
-2.386382801135135351e-10
1.110897817276543808e-10
-4.320738490460454411e-11
1.983469248763773930e-11
-7.813894256906550147e-12
3.544674184318415447e-12
-1.411724374636596765e-12
6.339733579183831002e-13
