2.990907430648803711e-02
-9.965269565582275391e-01
-9.694896936416625977e-01
1.120333075523376465e-01
3.036755323410034180e-02
-1.114626288414001465e+00
-9.761401414871215820e-01
2.328000068664550781e-01
1.768642663955688477e-02
-1.280466914176940918e+00
-9.937561154365539551e-01
3.949878811836242676e-01
1.690727472305297852e-02
-1.481760978698730469e+00
-9.940577745437622070e-01
6.392001509666442871e-01
1.623231172561645508e-02
-1.793006896972656250e+00
-1.017148494720458984e+00
9.963892698287963867e-01
-4.178881645202636719e-04
-2.306725502014160156e+00
-1.017925620079040527e+00
1.711623549461364746e+00
1.683527231216430664e-02
-3.356979846954345703e+00
-1.017565965652465820e+00
3.505522966384887695e+00
-2.276927232742309570e-02
-7.308771133422851562e+00
-1.196544885635375977e+00
1.940352630615234375e+01
3.140107154846191406e+01
1.940352630615234375e+01
-1.196544885635375977e+00
-7.308771133422851562e+00
-2.276927232742309570e-02
3.505522966384887695e+00
-1.017565965652465820e+00
-3.356979846954345703e+00
1.683527231216430664e-02
1.711623549461364746e+00
-1.017925620079040527e+00
-2.306725502014160156e+00
-4.178881645202636719e-04
9.963892698287963867e-01
-1.017148494720458984e+00
-1.793006896972656250e+00
1.623231172561645508e-02
6.392001509666442871e-01
-9.940577745437622070e-01
-1.481760978698730469e+00
1.690727472305297852e-02
3.949878811836242676e-01
-9.937561154365539551e-01
-1.280466914176940918e+00
1.768642663955688477e-02
2.328000068664550781e-01
-9.761401414871215820e-01
-1.114626288414001465e+00
3.036755323410034180e-02
1.120333075523376465e-01
-9.694896936416625977e-01
-9.965269565582275391e-01
2.990907430648803711e-02
7.701590191572904587e-03
-9.699379205703735352e-01
-9.040649533271789551e-01
2.884525060653686523e-02
-7.507577538490295410e-02
-9.621618986129760742e-01
-8.175542950630187988e-01
3.017377853393554688e-02
-1.532998234033584595e-01
-9.682735800743103027e-01
-7.531727552413940430e-01
2.658849954605102539e-02
-2.223015576601028442e-01
-9.722235798835754395e-01
-6.939336657524108887e-01
2.609175443649291992e-02
-2.805040776729583740e-01
-9.715434908866882324e-01
-6.385123133659362793e-01
2.066153287887573242e-02
-3.459336757659912109e-01
-9.849032163619995117e-01
-5.957874655723571777e-01
1.702797412872314453e-02
-3.958289027214050293e-01
-9.811325669288635254e-01
-5.416927933692932129e-01
1.882320642471313477e-02
-4.471684396266937256e-01
-9.866107702255249023e-01
-5.001235008239746094e-01
1.186931133270263672e-02
-5.001235008239746094e-01
-9.866107702255249023e-01
-4.471684396266937256e-01
1.882320642471313477e-02
-5.416927933692932129e-01
-9.811325669288635254e-01
-3.958289027214050293e-01
1.702797412872314453e-02
-5.957874655723571777e-01
-9.849032163619995117e-01
-3.459336757659912109e-01
2.066153287887573242e-02
-6.385123133659362793e-01
-9.715434908866882324e-01
-2.805040776729583740e-01
2.609175443649291992e-02
-6.939336657524108887e-01
-9.722235798835754395e-01
-2.223015576601028442e-01
2.658849954605102539e-02
-7.531727552413940430e-01
-9.682735800743103027e-01
-1.532998234033584595e-01
3.017377853393554688e-02
-8.175542950630187988e-01
-9.621618986129760742e-01
-7.507577538490295410e-02
2.884525060653686523e-02
-9.040649533271789551e-01
-9.699379205703735352e-01
7.701590191572904587e-03
