-7.339903271998522438e-01
-7.534180558270973105e-01
-7.448232705217968652e-01
-7.091030792706264352e-01
-6.481704089199409324e-01
-5.648695497811386801e-01
-4.628566762185422623e-01
-3.464501543020111485e-01
-2.204565876794327139e-01
-8.997945988786919258e-02
3.978212893708626963e-02
1.637367845351034024e-01
2.770983092788926183e-01
3.755697307767926763e-01
4.555067924878089536e-01
5.140546571526610764e-01
5.492526399351901345e-01
5.601030519525239670e-01
5.466016470228213242e-01
5.097286699960298373e-01
4.514010454507806913e-01
3.743877610714735904e-01
2.821919319425325035e-01
1.789043249040697947e-01
6.903422604815168118e-02
-4.267559318234823845e-02
-1.514424485629934647e-01
-2.526381727002939837e-01
-3.419767015959354062e-01
-4.156874004322078653e-01
-4.706672827689226124e-01
-5.046061163298408703e-01
-5.160794817691828351e-01
-5.046061163298408703e-01
-4.706672827689237226e-01
-4.156874004322078653e-01
-3.419767015959354062e-01
-2.526381727002939837e-01
-1.514424485629934647e-01
-4.267559318234823845e-02
6.903422604815168118e-02
1.789043249040691841e-01
2.821919319425321149e-01
3.743877610714735904e-01
4.514010454507801917e-01
5.097286699960295042e-01
5.466016470228212132e-01
5.601030519525240781e-01
5.492526399351902455e-01
5.140546571526614095e-01
4.555067924878089536e-01
3.755697307767928983e-01
2.770983092788926183e-01
1.637367845351037354e-01
3.978212893708690800e-02
-8.997945988786935911e-02
-2.204565876794324364e-01
-3.464501543020103158e-01
-4.628566762185421513e-01
-5.648695497811383470e-01
-6.481704089199403773e-01
-7.091030792706264352e-01
-7.448232705217967542e-01
-7.534180558270971995e-01
-7.339903271998523548e-01
-6.867047455287812463e-01
-6.127931724693325144e-01
-5.145191227753830310e-01
-3.951023501458067466e-01
-2.586062168652911164e-01
-1.097919382293362084e-01
4.605491863712878747e-02
2.033192152927522645e-01
3.562649930437147838e-01
4.992503203475018303e-01
6.269400963407703031e-01
7.345087146086988206e-01
8.178248450234771871e-01
8.736112417548456133e-01
8.995734082070696580e-01
8.944921100118331525e-01
8.582760815027116186e-01
7.919727680278856319e-01
6.977365292082730042e-01
5.787553366416602341e-01
4.391385723504423466e-01
2.837700115104904164e-01
1.181313982926041062e-01
-5.189685366146937207e-02
-2.202504275052885874e-01
-3.809033297267393481e-01
-5.280892749510659456e-01
-6.565139453183482798e-01
-7.615501725263558175e-01
-8.394087235333088648e-01
-8.872782811292476701e-01
-9.034293637251592513e-01
-8.872782811292476701e-01
-8.394087235333088648e-01
-7.615501725263558175e-01
-6.565139453183497231e-01
-5.280892749510659456e-01
-3.809033297267402363e-01
-2.202504275052894478e-01
-5.189685366147021861e-02
1.181313982926023437e-01
2.837700115104897503e-01
4.391385723504410143e-01
5.787553366416592349e-01
6.977365292082721160e-01
7.919727680278850768e-01
8.582760815027111745e-01
8.944921100118330415e-01
8.995734082070696580e-01
8.736112417548462794e-01
8.178248450234771871e-01
7.345087146086994867e-01
6.269400963407711913e-01
4.992503203475027740e-01
3.562649930437172263e-01
2.033192152927547625e-01
4.605491863712847522e-02
-1.097919382293349733e-01
-2.586062168652901172e-01
-3.951023501458058584e-01
-5.145191227753811436e-01
-6.127931724693327364e-01
-6.867047455287808022e-01
