-6.212929925531034819e-02
-5.229755330355995158e-02
-4.162455226575341449e-02
-3.009975690011644847e-02
-1.772698412857735134e-02
-4.526700909569969511e-03
9.462112615810541402e-03
2.418075893396303203e-02
3.955048727245633056e-02
5.547318327969199409e-02
7.183315723945178644e-02
8.849999545137533785e-02
1.053323220352579692e-01
1.221822113556053496e-01
1.388999138908734443e-01
1.553385251880315676e-01
1.713582442874610479e-01
1.868299301944208179e-01
2.016377593749851260e-01
2.156808956732241545e-01
2.288741880564676145e-01
2.411479966214942205e-01
2.524473049646441258e-01
2.627303054913978086e-01
2.719666469235503814e-01
2.801355167140376912e-01
2.872237028795026625e-01
2.932237468664654068e-01
2.981322668683006327e-01
3.019485030221745747e-01
3.046731139204096883e-01
3.063072382954078465e-01
3.068518260832253097e-01
3.063072382954078465e-01
3.046731139204097993e-01
3.019485030221745747e-01
2.981322668683006327e-01
2.932237468664654068e-01
2.872237028795026625e-01
2.801355167140376912e-01
2.719666469235503814e-01
2.627303054913978642e-01
2.524473049646442369e-01
2.411479966214942205e-01
2.288741880564676423e-01
2.156808956732242655e-01
2.016377593749852370e-01
1.868299301944207347e-01
1.713582442874611034e-01
1.553385251880316786e-01
1.388999138908734443e-01
1.221822113556053496e-01
1.053323220352579692e-01
8.849999545137544887e-02
7.183315723945189746e-02
5.547318327969199409e-02
3.955048727245644158e-02
2.418075893396314652e-02
9.462112615810541402e-03
-4.526700909569969511e-03
-1.772698412857724032e-02
-3.009975690011644847e-02
-4.162455226575330347e-02
-5.229755330355995158e-02
-6.212929925531023023e-02
-7.114217956721394232e-02
-7.936790450424092980e-02
-8.684509963573454339e-02
-9.361712681536113467e-02
-9.973019236195088122e-02
-1.052317677516171751e-01
-1.101693209346636254e-01
-1.145893374924338431e-01
-1.185365993397756307e-01
-1.220536831437759873e-01
-1.251806395259966731e-01
-1.279548160121623812e-01
-1.304107903945905811e-01
-1.325803857597412649e-01
-1.344927432523359001e-01
-1.361744332709636240e-01
-1.376495899679097412e-01
-1.389400575379131642e-01
-1.400655397950726910e-01
-1.410437469783971942e-01
-1.418905356501845294e-01
-1.426200390276246566e-01
-1.432447861900583153e-01
-1.437758094019838950e-01
-1.442227393477688857e-01
-1.445938884418616899e-01
-1.448963226028920914e-01
-1.451359219976190440e-01
-1.453174312999328532e-01
-1.454444999932038851e-01
-1.455197131880629491e-01
-1.455446133446872403e-01
-1.455197131880629491e-01
-1.454444999932038851e-01
-1.453174312999328532e-01
-1.451359219976191550e-01
-1.448963226028920914e-01
-1.445938884418618009e-01
-1.442227393477688857e-01
-1.437758094019838950e-01
-1.432447861900583153e-01
-1.426200390276246566e-01
-1.418905356501845294e-01
-1.410437469783971942e-01
-1.400655397950726910e-01
-1.389400575379130809e-01
-1.376495899679097412e-01
-1.361744332709636240e-01
-1.344927432523359001e-01
-1.325803857597411539e-01
-1.304107903945905811e-01
-1.279548160121623812e-01
-1.251806395259966731e-01
-1.220536831437760983e-01
-1.185365993397756307e-01
-1.145893374924338431e-01
-1.101693209346636254e-01
-1.052317677516171751e-01
-9.973019236195088122e-02
-9.361712681536113467e-02
-8.684509963573464053e-02
-7.936790450424092980e-02
-7.114217956721403946e-02
