-9.505772136638367398e-01
9.763195001975789600e-01
-8.588824544108039083e-01
8.477641804291644601e-01
-7.847751178811512851e-01
7.526212253018031983e-01
-7.077612369813991444e-01
6.728327850160097379e-01
-6.357975593056343078e-01
6.028007878373341510e-01
-5.704660609643723568e-01
5.404156943310733929e-01
-5.116598851651641411e-01
4.845852902420231256e-01
-4.588641419196106686e-01
4.345497499347245052e-01
-4.115019757592419114e-01
3.896880196666299145e-01
-3.690244569372632677e-01
3.494597310904469234e-01
-3.309306347195775100e-01
3.133848508871540095e-01
-2.967688850892021279e-01
2.810341501481451454e-01
-2.661335495361902836e-01
2.520230527175248980e-01
-2.386606654966282604e-01
2.260067765101791970e-01
-2.140237926970659788e-01
2.026761571277475305e-01
-1.919301756162194172e-01
1.817539522504084404e-01
-1.721172760727843754e-01
1.629915411638928058e-01
-1.543496566050089336e-01
1.461659687399655405e-01
-1.384161836145084423e-01
1.310772955951767793e-01
-1.241275186893692067e-01
1.175462220747204162e-01
-1.113138687491073697e-01
1.054119575894543331e-01
-9.982296840084607659e-02
9.453030992201374993e-02
-8.951827056513346481e-02
8.477197177919452986e-02
-8.027732387989285068e-02
7.602098422467705452e-02
-7.199031760367737010e-02
6.817335873161366189e-02
-6.455877672793355893e-02
6.113584148047369882e-02
-5.789439179240676164e-02
5.482480521811867319e-02
-5.191796949836599562e-02
4.916525550997245808e-02
-4.655849164973500931e-02
4.408993957651177048e-02
-4.175227123947262281e-02
3.953854712432366275e-02
-3.744219565292584290e-02
3.545699367515543071e-02
-3.357704799509456800e-02
3.179677787671156275e-02
