5.951465762169128038e-01
6.663919797042761051e-01
6.628333274612353554e-01
5.868006307122789478e-01
4.483571163967154383e-01
2.638779893361928863e-01
5.388340223835589443e-02
-1.595486209039529146e-01
-3.554172856069132136e-01
-5.161196185269706360e-01
-6.291561027415418783e-01
-6.880246424171154729e-01
-6.922346256670762754e-01
-6.465059428096132654e-01
-5.593352535383760982e-01
-4.411962981455320731e-01
-3.026808760703247891e-01
-1.528777406565134389e-01
1.768713919343513959e-03
1.579692124088394045e-01
3.154303498096021618e-01
4.760990781657745696e-01
6.429816461468123023e-01
8.187733626132898124e-01
1.004560142584408178e+00
1.198833355666097722e+00
1.397000210682080690e+00
1.591483303607086119e+00
1.772400123237023895e+00
1.928713423760423540e+00
2.049662897160295483e+00
2.126240612248016415e+00
2.152464884642230292e+00
2.126240612248016415e+00
2.049662897160297703e+00
1.928713423760423540e+00
1.772400123237023895e+00
1.591483303607086119e+00
1.397000210682080690e+00
1.198833355666097722e+00
1.004560142584408178e+00
8.187733626132911446e-01
6.429816461468130795e-01
4.760990781657745696e-01
3.154303498096032721e-01
1.579692124088400984e-01
1.768713919344215221e-03
-1.528777406565139940e-01
-3.026808760703243451e-01
-4.411962981455312960e-01
-5.593352535383760982e-01
-6.465059428096129324e-01
-6.922346256670762754e-01
-6.880246424171155839e-01
-6.291561027415422114e-01
-5.161196185269704140e-01
-3.554172856069137687e-01
-1.595486209039541359e-01
5.388340223835566545e-02
2.638779893361921647e-01
4.483571163967141615e-01
5.868006307122789478e-01
6.628333274612351333e-01
6.663919797042759940e-01
5.951465762169131368e-01
4.549467778405396623e-01
2.591987091580978952e-01
2.722951288547243928e-02
-2.181547688320330247e-01
-4.535907400779374821e-01
-6.581549562352780880e-01
-8.160145775486298270e-01
-9.183519266261046532e-01
-9.642830625350393703e-01
-9.606329650484149996e-01
-9.205950109425979910e-01
-8.614660828122827629e-01
-8.017866522731560419e-01
-7.583067169908220828e-01
-7.432293087980633706e-01
-7.621479744764299014e-01
-8.129974203531296073e-01
-8.861908735085866073e-01
-9.659444409279464017e-01
-1.032612976340402833e+00
-1.065709498186109272e+00
-1.047173716112129505e+00
-9.644108858884581359e-01
-8.126472401962955283e-01
-5.962397564441261899e-01
-3.287233848514549694e-01
-3.155745143984898388e-02
2.682808642084484885e-01
5.415412281982548981e-01
7.603450622603844522e-01
9.017312017281983172e-01
9.506122837072582543e-01
9.017312017281983172e-01
7.603450622603844522e-01
5.415412281982548981e-01
2.682808642084520412e-01
-3.155745143984898388e-02
-3.287233848514531376e-01
-5.962397564441247466e-01
-8.126472401962945291e-01
-9.644108858884570257e-01
-1.047173716112129283e+00
-1.065709498186109272e+00
-1.032612976340403277e+00
-9.659444409279467347e-01
-8.861908735085873845e-01
-8.129974203531298294e-01
-7.621479744764301234e-01
-7.432293087980635926e-01
-7.583067169908213057e-01
-8.017866522731560419e-01
-8.614660828122824299e-01
-9.205950109425974359e-01
-9.606329650484146665e-01
-9.642830625350399254e-01
-9.183519266261055414e-01
-8.160145775486297159e-01
-6.581549562352797533e-01
-4.535907400779390919e-01
-2.181547688320347733e-01
2.722951288546851534e-02
2.591987091580982838e-01
4.549467778405383300e-01
