9.151357407126641252e-01
9.326316167925183809e-01
9.404546617642756123e-01
9.378503264058976052e-01
9.241879729423597700e-01
8.989780750997500292e-01
8.618873320909724578e-01
8.127513331942571861e-01
7.515844535571023499e-01
6.785867131609942815e-01
5.941473884890832169e-01
4.988452291814951534e-01
3.934451985559506149e-01
2.788917259401020310e-01
1.562985288712301912e-01
2.693513290342629957e-02
-1.077897154418836489e-01
-2.463474825707948346e-01
-3.871118087591639556e-01
-5.283826225221713857e-01
-6.684119880897293475e-01
-8.054312270966480503e-01
-9.376788260031043709e-01
-1.063428620803048563e+00
-1.181017740715521569e+00
-1.288873793036391824e+00
-1.385540782190048059e+00
-1.469703277079935422e+00
-1.540208371697778578e+00
-1.596085024013062625e+00
-1.636560406633043030e+00
-1.661072958628908136e+00
-1.669281890139272750e+00
-1.661072958628908136e+00
-1.636560406633043918e+00
-1.596085024013062625e+00
-1.540208371697778578e+00
-1.469703277079935422e+00
-1.385540782190048059e+00
-1.288873793036391824e+00
-1.181017740715521569e+00
-1.063428620803049229e+00
-9.376788260031049260e-01
-8.054312270966480503e-01
-6.684119880897304578e-01
-5.283826225221720518e-01
-3.871118087591644552e-01
-2.463474825707943072e-01
-1.077897154418840237e-01
2.693513290342552241e-02
1.562985288712301912e-01
2.788917259401016424e-01
3.934451985559506149e-01
4.988452291814948758e-01
5.941473884890827728e-01
6.785867131609943925e-01
7.515844535571022389e-01
8.127513331942567421e-01
8.618873320909724578e-01
8.989780750997499181e-01
9.241879729423596590e-01
9.378503264058977162e-01
9.404546617642756123e-01
9.326316167925183809e-01
9.151357407126641252e-01
8.888266071856639750e-01
8.546486663595008748e-01
8.136102795103433705e-01
7.667623876856126675e-01
7.151772638996122256e-01
6.599277869781506878e-01
6.020676544392240537e-01
5.426129223710954852e-01
4.825252228514808062e-01
4.226969649355191150e-01
3.639387746680896041e-01
3.069693741158321942e-01
2.524080403334962308e-01
2.007697238169736387e-01
1.524628437326330244e-01
1.077897154418839820e-01
6.694950593473579514e-02
3.004355607096071551e-02
-2.917143751426476243e-03
-3.200258458205288564e-02
-5.735277675293642269e-02
-7.916552742149732258e-02
-9.768331520942599711e-02
-1.131796352126760163e-01
-1.259451945970895270e-01
-1.362743368790750031e-01
-1.444520619194266664e-01
-1.507419889301938321e-01
-1.553755819031785168e-01
-1.585429214907330686e-01
-1.603852653492741087e-01
-1.609895912860556111e-01
-1.603852653492741087e-01
-1.585429214907330686e-01
-1.553755819031785168e-01
-1.507419889301939153e-01
-1.444520619194266664e-01
-1.362743368790750864e-01
-1.259451945970895548e-01
-1.131796352126760719e-01
-9.768331520942613588e-02
-7.916552742149739197e-02
-5.735277675293663086e-02
-3.200258458205308687e-02
-2.917143751426683543e-03
3.004355607096047265e-02
6.694950593473557310e-02
1.077897154418836767e-01
1.524628437326327468e-01
2.007697238169727227e-01
2.524080403334962308e-01
3.069693741158318612e-01
3.639387746680891045e-01
4.226969649355186154e-01
4.825252228514797515e-01
5.426129223710944860e-01
6.020676544392240537e-01
6.599277869781502437e-01
7.151772638996118925e-01
7.667623876856123344e-01
8.136102795103425933e-01
8.546486663595010969e-01
8.888266071856637529e-01
