-8.180653873768811701e-01
-8.494576826698879701e-01
-8.745206643818905778e-01
-8.922808252544436325e-01
-9.017692134153101335e-01
-9.020505389737129009e-01
-8.922543032946500530e-01
-8.716069749866076632e-01
-8.394641465292534965e-01
-7.953415513814245941e-01
-7.389438063641267096e-01
-6.701897697282034327e-01
-5.892334717296640045e-01
-4.964796803758582122e-01
-3.925933074207731965e-01
-2.785020344303562045e-01
-1.553917403043673096e-01
-2.469453345463731506e-02
1.119305735166752080e-01
2.526240693190140996e-01
3.953589163193845235e-01
5.379793521274848223e-01
6.782445782756683084e-01
8.138762164217386852e-01
9.426082686977620417e-01
1.062238214042591666e+00
1.170677810667965391e+00
1.266002158821858403e+00
1.346495608753755624e+00
1.410693175655502563e+00
1.457416244136787720e+00
1.485801505742838424e+00
1.495322268966299051e+00
1.485801505742838424e+00
1.457416244136788830e+00
1.410693175655502563e+00
1.346495608753755624e+00
1.266002158821858403e+00
1.170677810667965391e+00
1.062238214042591666e+00
9.426082686977620417e-01
8.138762164217394623e-01
6.782445782756688635e-01
5.379793521274848223e-01
3.953589163193857448e-01
2.526240693190147102e-01
1.119305735166757632e-01
-2.469453345463780078e-02
-1.553917403043669210e-01
-2.785020344303554829e-01
-3.925933074207731965e-01
-4.964796803758579347e-01
-5.892334717296640045e-01
-6.701897697282032107e-01
-7.389438063641262655e-01
-7.953415513814247051e-01
-8.394641465292534965e-01
-8.716069749866074412e-01
-8.922543032946500530e-01
-9.020505389737127899e-01
-9.017692134153101335e-01
-8.922808252544436325e-01
-8.745206643818906889e-01
-8.494576826698879701e-01
-8.180653873768812812e-01
-7.812956113523565893e-01
-7.400558659512112003e-01
-6.951908142253638845e-01
-6.474682203430653926e-01
-5.975695434972856379e-01
-5.460851580771309832e-01
-4.935140036558285370e-01
-4.402673049857567800e-01
-3.866758595556981093e-01
-3.330002732940574584e-01
-2.794434375204802312e-01
-2.261644848433171651e-01
-1.732934396372814434e-01
-1.209457899312436080e-01
-6.923625058374269226e-02
-1.829105986980517073e-02
3.174175072864852953e-02
8.068455537501005581e-02
1.283251096452465989e-01
1.744144686963457758e-01
2.186678675926750359e-01
2.607684411556507875e-01
3.003735276860990955e-01
3.371231828172477907e-01
3.706504314291290125e-01
4.005927109306802181e-01
4.266039111776633863e-01
4.483663965618701619e-01
4.656024048731837173e-01
4.780842546566443918e-01
4.856428560194935296e-01
4.881741061358074729e-01
4.856428560194935296e-01
4.780842546566443918e-01
4.656024048731837173e-01
4.483663965618704950e-01
4.266039111776633863e-01
4.005927109306804401e-01
3.706504314291291791e-01
3.371231828172479572e-01
3.003735276860994841e-01
2.607684411556509541e-01
2.186678675926754523e-01
1.744144686963461366e-01
1.283251096452469320e-01
8.068455537501040276e-02
3.174175072864884178e-02
-1.829105986980485155e-02
-6.923625058374240082e-02
-1.209457899312427059e-01
-1.732934396372814434e-01
-2.261644848433168875e-01
-2.794434375204797871e-01
-3.330002732940570698e-01
-3.866758595556972211e-01
-4.402673049857559473e-01
-4.935140036558285925e-01
-5.460851580771306502e-01
-5.975695434972853048e-01
-6.474682203430650596e-01
-6.951908142253631073e-01
-7.400558659512113113e-01
-7.812956113523562562e-01
