-4.923737052170138462e-01
-2.890910680276111977e-01
-1.547253097100044772e-01
-1.025870696918951414e-01
-1.342682193567773519e-01
-2.400810595001380554e-01
-4.009274696016643103e-01
-5.912657339320079863e-01
-7.827149445930516869e-01
-9.477800282626128725e-01
-1.063198585688026165e+00
-1.112496922136450017e+00
-1.087480502836653873e+00
-9.885506457637676103e-01
-8.239087709762714651e-01
-6.078572874456545927e-01
-3.585122786353864832e-01
-9.529507841415119085e-02
1.634359275699484582e-01
4.023099621390283098e-01
6.102189303910087181e-01
7.808552103299010172e-01
9.125437619523497634e-01
1.007501585097110519e+00
1.070726552896063888e+00
1.108746007306827153e+00
1.128442348066839518e+00
1.136124346244018923e+00
1.136940849743725668e+00
1.134652998198171892e+00
1.131707621518073470e+00
1.129501502715193562e+00
1.128702450547442782e+00
1.129501502715193562e+00
1.131707621518073248e+00
1.134652998198171892e+00
1.136940849743725668e+00
1.136124346244018923e+00
1.128442348066839518e+00
1.108746007306827153e+00
1.070726552896063888e+00
1.007501585097110963e+00
9.125437619523500965e-01
7.808552103299010172e-01
6.102189303910101614e-01
4.023099621390291980e-01
1.634359275699492631e-01
-9.529507841415216229e-02
-3.585122786353857061e-01
-6.078572874456530384e-01
-8.239087709762714651e-01
-9.885506457637670552e-01
-1.087480502836653873e+00
-1.112496922136450017e+00
-1.063198585688026387e+00
-9.477800282626128725e-01
-7.827149445930521310e-01
-5.912657339320089855e-01
-4.009274696016646433e-01
-2.400810595001384440e-01
-1.342682193567779902e-01
-1.025870696918949332e-01
-1.547253097100039498e-01
-2.890910680276113642e-01
-4.923737052170134021e-01
-7.406829674761827853e-01
-1.002199038063954939e+00
-1.241048222121067246e+00
-1.421930957506664539e+00
-1.514899343062291015e+00
-1.499631843225251782e+00
-1.368593886527963654e+00
-1.128602570505705227e+00
-8.005165391603108471e-01
-4.170220686259709097e-01
-1.874953090361999516e-02
3.508062632844803352e-01
6.509075294623705155e-01
8.489875562187481073e-01
9.251149873277995095e-01
8.748764843334898567e-01
7.102471556664107233e-01
4.582840809278944660e-01
1.577731033915912573e-01
-1.457578367274912079e-01
-4.060139997587531857e-01
-5.821062093127414849e-01
-6.440887125599816798e-01
-5.771049719654959276e-01
-3.835632057659740246e-01
-8.302475098737904791e-02
2.902038065123033195e-01
6.914714730083640903e-01
1.071599836660590999e+00
1.383342749937415128e+00
1.587623269459112141e+00
1.658708416826750742e+00
1.587623269459112141e+00
1.383342749937415128e+00
1.071599836660590999e+00
6.914714730083690863e-01
2.902038065123033195e-01
-8.302475098737684134e-02
-3.835632057659727479e-01
-5.771049719654952614e-01
-6.440887125599817908e-01
-5.821062093127419290e-01
-4.060139997587551286e-01
-1.457578367274937337e-01
1.577731033915889258e-01
4.582840809278924121e-01
7.102471556664091690e-01
8.748764843334890795e-01
9.251149873277993985e-01
8.489875562187506608e-01
6.509075294623705155e-01
3.508062632844823892e-01
-1.874953090361709818e-02
-4.170220686259683562e-01
-8.005165391603046299e-01
-1.128602570505700786e+00
-1.368593886527964099e+00
-1.499631843225251338e+00
-1.514899343062291459e+00
-1.421930957506665649e+00
-1.241048222121071021e+00
-1.002199038063954939e+00
-7.406829674761847837e-01
