-4.802774786949157715e-01
-1.225552797317504883e+00
-5.735398530960083008e-01
-1.718430519104003906e+00
-1.329046249389648438e+00
-2.680676937103271484e+00
-2.991577863693237305e+00
-1.511682748794555664e+00
-1.065176129341125488e+00
3.096320629119873047e-01
-8.337984681129455566e-01
2.195030212402343750e+01
2.195030212402343750e+01
2.195030212402343750e+01
2.195030212402343750e+01
2.195030212402343750e+01
2.195030212402343750e+01
2.195030212402343750e+01
2.195030212402343750e+01
2.195030212402343750e+01
2.195030212402343750e+01
2.195030212402343750e+01
2.195030212402343750e+01
2.195030212402343750e+01
2.195030212402343750e+01
2.195030212402343750e+01
2.195030212402343750e+01
2.195030212402343750e+01
2.195030212402343750e+01
2.195030212402343750e+01
2.195030212402343750e+01
2.195030212402343750e+01
2.195030212402343750e+01
2.195030212402343750e+01
2.195030212402343750e+01
2.195030212402343750e+01
2.195030212402343750e+01
2.195030212402343750e+01
2.195030212402343750e+01
2.195030212402343750e+01
2.195030212402343750e+01
2.195030212402343750e+01
2.195030212402343750e+01
2.195030212402343750e+01
2.195030212402343750e+01
2.195030212402343750e+01
2.195030212402343750e+01
2.195030212402343750e+01
2.195030212402343750e+01
2.195030212402343750e+01
2.195030212402343750e+01
2.195030212402343750e+01
2.195030212402343750e+01
2.195030212402343750e+01
-8.337984681129455566e-01
3.096320629119873047e-01
-1.065176129341125488e+00
-1.511682748794555664e+00
-2.991577863693237305e+00
-2.680676937103271484e+00
-1.329046249389648438e+00
-1.718430519104003906e+00
-5.735398530960083008e-01
-1.225552797317504883e+00
-4.802774786949157715e-01
-1.763604402542114258e+00
3.738644719123840332e-01
-2.396866083145141602e-01
1.547021746635437012e+00
2.617957592010498047e-01
1.276417493820190430e+00
9.910416603088378906e-02
-6.405348777770996094e-01
4.930417537689208984e-01
4.880939126014709473e-01
6.973066329956054688e-01
6.973066329956054688e-01
6.973066329956054688e-01
6.973066329956054688e-01
6.973066329956054688e-01
6.973066329956054688e-01
6.973066329956054688e-01
6.973066329956054688e-01
6.973066329956054688e-01
6.973066329956054688e-01
6.973066329956054688e-01
6.973066329956054688e-01
6.973066329956054688e-01
6.973066329956054688e-01
6.973066329956054688e-01
6.973066329956054688e-01
6.973066329956054688e-01
6.973066329956054688e-01
6.973066329956054688e-01
6.973066329956054688e-01
6.973066329956054688e-01
6.973066329956054688e-01
6.973066329956054688e-01
6.973066329956054688e-01
6.973066329956054688e-01
6.973066329956054688e-01
6.973066329956054688e-01
6.973066329956054688e-01
6.973066329956054688e-01
6.973066329956054688e-01
6.973066329956054688e-01
6.973066329956054688e-01
6.973066329956054688e-01
6.973066329956054688e-01
6.973066329956054688e-01
6.973066329956054688e-01
6.973066329956054688e-01
6.973066329956054688e-01
6.973066329956054688e-01
6.973066329956054688e-01
6.973066329956054688e-01
6.973066329956054688e-01
6.973066329956054688e-01
4.880939126014709473e-01
4.930417537689208984e-01
-6.405348777770996094e-01
9.910416603088378906e-02
1.276417493820190430e+00
2.617957592010498047e-01
1.547021746635437012e+00
-2.396866083145141602e-01
3.738644719123840332e-01
-1.763604402542114258e+00
