-4.250303786420123187e-02
2.160742567029826783e-02
9.418562446250218489e-02
1.738138664979917980e-01
2.587010670818181701e-01
3.467398223505318011e-01
4.355771130599498941e-01
5.226961311634363838e-01
6.055062662879082680e-01
6.814379434731936414e-01
7.480387813721506296e-01
8.030674507540881413e-01
8.445816608153876581e-01
8.710168844671084543e-01
8.812527472351989744e-01
8.746644364976989827e-01
8.511570227568064917e-01
8.111812027888203325e-01
7.557296528835026894e-01
6.863138936574695315e-01
6.049222893713491755e-01
5.139605071641987211e-01
4.161764186365957130e-01
3.145720128983828245e-01
2.123053842646828171e-01
1.125862403855203281e-01
1.856863303686726377e-02
-6.675526588966908259e-02
-1.406565413535107445e-01
-2.007624245086575276e-01
-2.451373499672420131e-01
-2.723492567115361473e-01
-2.815187371613760980e-01
-2.723492567115361473e-01
-2.451373499672427902e-01
-2.007624245086575276e-01
-1.406565413535107445e-01
-6.675526588966908259e-02
1.856863303686726377e-02
1.125862403855203281e-01
2.123053842646828171e-01
3.145720128983822139e-01
4.161764186365953244e-01
5.139605071641987211e-01
6.049222893713486204e-01
6.863138936574690874e-01
7.557296528835024674e-01
8.111812027888205545e-01
8.511570227568063807e-01
8.746644364976989827e-01
8.812527472351989744e-01
8.710168844671084543e-01
8.445816608153876581e-01
8.030674507540882523e-01
7.480387813721508516e-01
6.814379434731935303e-01
6.055062662879086011e-01
5.226961311634368279e-01
4.355771130599499497e-01
3.467398223505321342e-01
2.587010670818188363e-01
1.738138664979918258e-01
9.418562446250255960e-02
2.160742567029815681e-02
-4.250303786420106533e-02
-9.714294960400608747e-02
-1.417489173715092143e-01
-1.762039085200821642e-01
-2.008265754851652207e-01
-2.163436538220296079e-01
-2.238467609865831542e-01
-2.247355137419088378e-01
-2.206493928105757452e-01
-2.133911960158103305e-01
-2.048452203083650502e-01
-1.968934878540968270e-01
-1.913333757080536990e-01
-1.897999215444498289e-01
-1.936958635618571123e-01
-2.041321400710341960e-01
-2.218811369842539349e-01
-2.473444470586369237e-01
-2.805363142205010152e-01
-3.210833030308382074e-01
-3.682400823447968818e-01
-4.209205690796432031e-01
-4.777430679563356986e-01
-5.370874899710622596e-01
-5.971622577420145905e-01
-6.560781281917512642e-01
-7.119258968542793165e-01
-7.628548036233799845e-01
-8.071484423770278749e-01
-8.432950870185418335e-01
-8.700495794600938693e-01
-8.864842715116041383e-01
-8.920269586553262187e-01
-8.864842715116041383e-01
-8.700495794600938693e-01
-8.432950870185418335e-01
-8.071484423770284300e-01
-7.628548036233799845e-01
-7.119258968542796495e-01
-6.560781281917517083e-01
-5.971622577420148126e-01
-5.370874899710629258e-01
-4.777430679563359761e-01
-4.209205690796436472e-01
-3.682400823447972149e-01
-3.210833030308384850e-01
-2.805363142205012927e-01
-2.473444470586371735e-01
-2.218811369842540460e-01
-2.041321400710343348e-01
-1.936958635618572511e-01
-1.897999215444498289e-01
-1.913333757080536990e-01
-1.968934878540967714e-01
-2.048452203083649947e-01
-2.133911960158102195e-01
-2.206493928105756619e-01
-2.247355137419088655e-01
-2.238467609865832098e-01
-2.163436538220297189e-01
-2.008265754851653873e-01
-1.762039085200826360e-01
-1.417489173715091311e-01
-9.714294960400644829e-02
