-1.431717395782470703e+00
-1.268569350242614746e+00
-4.386778548359870911e-02
6.014385223388671875e-01
1.581200808286666870e-01
-1.679982542991638184e-01
2.273044548928737640e-03
-3.297047615051269531e-01
-1.117551803588867188e+00
-1.029304623603820801e+00
-2.622310817241668701e-01
-6.329799294471740723e-01
-1.952506899833679199e+00
-1.622175693511962891e+00
7.257065773010253906e-01
1.752441406250000000e+00
-2.727102935314178467e-01
-2.266136646270751953e+00
-1.329263329505920410e+00
4.956054389476776123e-01
1.070389077067375183e-01
-1.220995545387268066e+00
-7.127511501312255859e-01
3.870609104633331299e-01
-6.461986303329467773e-01
-2.210020065307617188e+00
-1.071478962898254395e+00
8.086857199668884277e-01
-7.815395593643188477e-01
-3.098281860351562500e+00
1.491441130638122559e+00
1.245307636260986328e+01
1.850691795349121094e+01
1.245307636260986328e+01
1.491441130638122559e+00
-3.098281860351562500e+00
-7.815395593643188477e-01
8.086857199668884277e-01
-1.071478962898254395e+00
-2.210020065307617188e+00
-6.461986303329467773e-01
3.870609104633331299e-01
-7.127511501312255859e-01
-1.220995545387268066e+00
1.070389077067375183e-01
4.956054389476776123e-01
-1.329263329505920410e+00
-2.266136646270751953e+00
-2.727102935314178467e-01
1.752441406250000000e+00
7.257065773010253906e-01
-1.622175693511962891e+00
-1.952506899833679199e+00
-6.329799294471740723e-01
-2.622310817241668701e-01
-1.029304623603820801e+00
-1.117551803588867188e+00
-3.297047615051269531e-01
2.273044548928737640e-03
-1.679982542991638184e-01
1.581200808286666870e-01
6.014385223388671875e-01
-4.386778548359870911e-02
-1.268569350242614746e+00
-1.431717395782470703e+00
-6.388056278228759766e-01
-5.885457396507263184e-01
-1.608504295349121094e+00
-2.194145917892456055e+00
-1.658128023147583008e+00
-1.026201248168945312e+00
-9.390847682952880859e-01
-7.066393494606018066e-01
2.329302392899990082e-02
5.023534297943115234e-01
4.304919838905334473e-01
6.298192143440246582e-01
1.469567298889160156e+00
2.064311742782592773e+00
1.759984731674194336e+00
1.132568717002868652e+00
8.148839473724365234e-01
5.252916216850280762e-01
-3.606618568301200867e-02
-4.328235089778900146e-01
-3.546271622180938721e-01
-2.581136822700500488e-01
-4.888154566287994385e-01
-6.686447858810424805e-01
-5.295626521110534668e-01
-4.288980960845947266e-01
-4.989176988601684570e-01
-2.813011407852172852e-01
2.182380110025405884e-01
1.824341565370559692e-01
-6.161073446273803711e-01
-1.135368466377258301e+00
-6.161073446273803711e-01
1.824341565370559692e-01
2.182380110025405884e-01
-2.813011407852172852e-01
-4.989176988601684570e-01
-4.288980960845947266e-01
-5.295626521110534668e-01
-6.686447858810424805e-01
-4.888154566287994385e-01
-2.581136822700500488e-01
-3.546271622180938721e-01
-4.328235089778900146e-01
-3.606618568301200867e-02
5.252916216850280762e-01
8.148839473724365234e-01
1.132568717002868652e+00
1.759984731674194336e+00
2.064311742782592773e+00
1.469567298889160156e+00
6.298192143440246582e-01
4.304919838905334473e-01
5.023534297943115234e-01
2.329302392899990082e-02
-7.066393494606018066e-01
-9.390847682952880859e-01
-1.026201248168945312e+00
-1.658128023147583008e+00
-2.194145917892456055e+00
-1.608504295349121094e+00
-5.885457396507263184e-01
-6.388056278228759766e-01
