-1.000489494090620823e+00
-8.979641648069143223e-01
-7.889094415204948030e-01
-6.764550335647508961e-01
-5.636861416451507401e-01
-4.535771746663243009e-01
-3.489289482828507594e-01
-2.523106931733075653e-01
-1.660080869476298626e-01
-9.197838366852714720e-02
-3.181355231899231362e-02
1.328784621313560538e-02
4.253951092129860945e-02
5.557665614634096918e-02
5.245555945608592480e-02
3.364350601216746506e-02
-5.543561071077947450e-07
-4.725411683173690730e-02
-1.065672854652970347e-01
-1.761061030451044063e-01
-2.538020035090249871e-01
-3.374062117432815588e-01
-4.245478104045948831e-01
-5.127941169230557650e-01
-5.997119677203585075e-01
-6.829284918708228291e-01
-7.601899732132468834e-01
-8.294174478700584441e-01
-8.887577621433876418e-01
-9.366289220743666544e-01
-9.717586981913950428e-01
-9.932156041873066998e-01
-1.000431543003856172e+00
-9.932156041873066998e-01
-9.717586981913957089e-01
-9.366289220743666544e-01
-8.887577621433876418e-01
-8.294174478700584441e-01
-7.601899732132468834e-01
-6.829284918708228291e-01
-5.997119677203585075e-01
-5.127941169230562091e-01
-4.245478104045952716e-01
-3.374062117432815588e-01
-2.538020035090255977e-01
-1.761061030451047948e-01
-1.065672854652973123e-01
-4.725411683173668526e-02
-5.543561072189702546e-07
3.364350601216724301e-02
5.245555945608592480e-02
5.557665614634096918e-02
4.253951092129860945e-02
1.328784621313571640e-02
-3.181355231899209157e-02
-9.197838366852714720e-02
-1.660080869476296406e-01
-2.523106931733070102e-01
-3.489289482828506483e-01
-4.535771746663238568e-01
-5.636861416451500739e-01
-6.764550335647507850e-01
-7.889094415204942479e-01
-8.979641648069144333e-01
-1.000489494090620601e+00
-1.093379562623043144e+00
-1.173621296483816634e+00
-1.238362471178501734e+00
-1.284977390520642526e+00
-1.311128744524968637e+00
-1.314824275245745744e+00
-1.294466981649984749e+00
-1.248897724607122672e+00
-1.177429248186219857e+00
-1.079870810412188131e+00
-9.565428116991600005e-01
-8.082810182089216200e-01
-6.364301959234938133e-01
-4.428271946078721766e-01
-2.297737442932301644e-01
5.543561066637055352e-07
2.433843551127981564e-01
4.969389206170793938e-01
7.569596428222583606e-01
1.019543510796647068e+00
1.280661177229304393e+00
1.536232173135774648e+00
1.782201748777799688e+00
2.014617779275108322e+00
2.229706166694115144e+00
2.423943196741842332e+00
2.594123367061350827e+00
2.737421294309179132e+00
2.851446426817618285e+00
2.934289436195707701e+00
2.984559331617264721e+00
3.001410531185097597e+00
2.984559331617264721e+00
2.934289436195707701e+00
2.851446426817618285e+00
2.737421294309180908e+00
2.594123367061350827e+00
2.423943196741843664e+00
2.229706166694116476e+00
2.014617779275109655e+00
1.782201748777801908e+00
1.536232173135775758e+00
1.280661177229306835e+00
1.019543510796649066e+00
7.569596428222603590e-01
4.969389206170813367e-01
2.433843551127999327e-01
5.543561082183241838e-07
-2.297737442932287211e-01
-4.428271946078685684e-01
-6.364301959234938133e-01
-8.082810182089207318e-01
-9.565428116991588903e-01
-1.079870810412187465e+00
-1.177429248186218302e+00
-1.248897724607121784e+00
-1.294466981649984749e+00
-1.314824275245745522e+00
-1.311128744524968637e+00
-1.284977390520642748e+00
-1.238362471178502844e+00
-1.173621296483816634e+00
-1.093379562623043810e+00
