4.219037241622247518e-03
1.539385680062947855e-02
2.679041592314180750e-02
3.392318463429151720e-02
3.809784827151053987e-02
4.023331663701911615e-02
4.097557652558974500e-02
4.077807124866240918e-02
3.995844597308999269e-02
3.873860587497542085e-02
3.727299224434107300e-02
3.566853994991568688e-02
3.399876169485808314e-02
3.231368571739590134e-02
3.064686607493839407e-02
2.902032630304998695e-02
2.744804421874738609e-02
2.593840698406705766e-02
2.449593940261363123e-02
2.312251935517018256e-02
2.181823139296086567e-02
2.058196510428040443e-02
1.941183351896498543e-02
1.830546467943890837e-02
1.726020387819877933e-02
1.627325302707347682e-02
1.534176583302648139e-02
1.446291195515676635e-02
1.363391943466270642e-02
1.285210194849685343e-02
1.211487550261350007e-02
1.141976781510447257e-02
1.076442267579766354e-02
1.014660088890755735e-02
9.564178925655260344e-03
9.015146075515772378e-03
8.497600646314740561e-03
8.009745595422427047e-03
7.549883856047678345e-03
7.116413539482372222e-03
6.707823135753383272e-03
6.322686794209259227e-03
5.959659736952359343e-03
5.617473838088881712e-03
5.294933387942919040e-03
4.990911051855639359e-03
4.704344026688974875e-03
4.434230393773407053e-03
4.179625664145772412e-03
3.939639510067257516e-03
3.713432675678098125e-03
3.500214059011546273e-03
3.299237957299019572e-03
3.109801467441047386e-03
2.931242033617626613e-03
2.762935134212946963e-03
2.604292100495498013e-03
2.454758059799211183e-03
2.313809996276460640e-03
2.180954922627115038e-03
2.055728156540990396e-03
1.937691695918501060e-03
1.826432687252374379e-03
1.721561981859796951e-03
