5.894821985734328695e-01
4.861832290296185244e-01
3.709815288692983049e-01
2.461524068403161403e-01
1.143142708489121168e-01
-2.164292487103138679e-02
-1.586405856339818954e-01
-2.935030874890744990e-01
-4.230550711460078772e-01
-5.442211271133343686e-01
-6.541244289584190463e-01
-7.501808446218268811e-01
-8.301851558972308531e-01
-8.923862413301397734e-01
-9.355484209927082961e-01
-9.589966114710701817e-01
-9.626434804832231240e-01
-9.469974038251877113e-01
-9.131506909764928182e-01
-8.627482358002266372e-01
-7.979374403094334767e-01
-7.213009271763199948e-01
-6.357741759862000075e-01
-5.445507662731986498e-01
-4.509783667058666623e-01
-3.584489572727838080e-01
-2.702869967249174610e-01
-1.896393420618199821e-01
-1.193706864685689650e-01
-6.196810771653669947e-02
-1.945801644204164099e-02
6.661626570551496158e-03
1.547147810484023056e-02
6.661626570551496158e-03
-1.945801644204086384e-02
-6.196810771653669947e-02
-1.193706864685689650e-01
-1.896393420618199821e-01
-2.702869967249174610e-01
-3.584489572727838080e-01
-4.509783667058666623e-01
-5.445507662731980947e-01
-6.357741759861997854e-01
-7.213009271763199948e-01
-7.979374403094330326e-01
-8.627482358002263041e-01
-9.131506909764927071e-01
-9.469974038251879334e-01
-9.626434804832231240e-01
-9.589966114710702927e-01
-9.355484209927082961e-01
-8.923862413301398844e-01
-8.301851558972308531e-01
-7.501808446218271031e-01
-6.541244289584194904e-01
-5.442211271133342576e-01
-4.230550711460082103e-01
-2.935030874890752206e-01
-1.586405856339819787e-01
-2.164292487103193496e-02
1.143142708489111453e-01
2.461524068403160015e-01
3.709815288692977497e-01
4.861832290296185799e-01
5.894821985734326475e-01
6.790042453129598865e-01
7.533191304727480109e-01
8.114671679382295943e-01
8.529691449196737940e-01
8.778197435323941145e-01
8.864652441875371380e-01
8.797668514946355156e-01
8.589514809501540560e-01
8.255522620044358773e-01
7.813413354379058484e-01
7.282577394453527697e-01
6.683332827550512167e-01
6.036192922703564889e-01
5.361169993785118715e-01
4.677140998522760218e-01
4.001296978711214591e-01
3.348694394241984451e-01
2.731921715690420194e-01
2.160889513733648404e-01
1.642746930597885902e-01
1.181922057877084625e-01
7.802785934137497492e-02
4.373764140548715845e-02
1.508195690172071946e-02
-8.332816756166542410e-03
-2.700825166329928403e-02
-4.150565003445642193e-02
-5.239810890819160405e-02
-6.022523357536395394e-02
-6.545270187835704190e-02
-6.843862489334626154e-02
-6.940831002750252887e-02
-6.843862489334626154e-02
-6.545270187835704190e-02
-6.022523357536395394e-02
-5.239810890819174283e-02
-4.150565003445642193e-02
-2.700825166329934648e-02
-8.332816756166643024e-03
1.508195690172060496e-02
4.373764140548687396e-02
7.802785934137483614e-02
1.181922057877080323e-01
1.642746930597882016e-01
2.160889513733644240e-01
2.731921715690415198e-01
3.348694394241978900e-01
4.001296978711210151e-01
4.677140998522755222e-01
5.361169993785106502e-01
6.036192922703564889e-01
6.683332827550508837e-01
7.282577394453523256e-01
7.813413354379056264e-01
8.255522620044351001e-01
8.589514809501536119e-01
8.797668514946355156e-01
8.864652441875370270e-01
8.778197435323943365e-01
8.529691449196740161e-01
8.114671679382305935e-01
7.533191304727478999e-01
6.790042453129605526e-01
