-3.958947907635879115e-02
3.327584634415449716e-01
5.877109571423259071e-01
7.154635226648227153e-01
7.251587511641053307e-01
6.415974220471255540e-01
4.998624075070049466e-01
3.387922862786130196e-01
1.943728813359706376e-01
9.407830202924541418e-02
5.299930115468715064e-02
7.228039724862446447e-02
1.400007586732836817e-01
2.342393026283946245e-01
3.277235905285807993e-01
3.932268816479329021e-01
4.087824748093232818e-01
3.618409109587472083e-01
2.516913589349290548e-01
8.976948966026863930e-02
-1.021697180937525401e-01
-2.956824714609592175e-01
-4.604442885110844874e-01
-5.694219622151451832e-01
-6.035421108588586714e-01
-5.550773258719104986e-01
-4.291852599693574133e-01
-2.433407346724671960e-01
-2.474625615871929238e-02
1.938637470538666918e-01
3.793482467788191204e-01
5.033867560701271726e-01
5.469638675003096751e-01
5.033867560701271726e-01
3.793482467788228951e-01
1.938637470538666918e-01
-2.474625615871929238e-02
-2.433407346724671960e-01
-4.291852599693574133e-01
-5.550773258719104986e-01
-6.035421108588586714e-01
-5.694219622151455162e-01
-4.604442885110849315e-01
-2.956824714609592175e-01
-1.021697180937542193e-01
8.976948966026793153e-02
2.516913589349286107e-01
3.618409109587475414e-01
4.087824748093232263e-01
3.932268816479331797e-01
3.277235905285807993e-01
2.342393026283948465e-01
1.400007586732836817e-01
7.228039724862454773e-02
5.299930115468724084e-02
9.407830202924556684e-02
1.943728813359706376e-01
3.387922862786120759e-01
4.998624075070047801e-01
6.415974220471251099e-01
7.251587511641049977e-01
7.154635226648229374e-01
5.877109571423266843e-01
3.327584634415446940e-01
-3.958947907635779195e-02
-5.000325384267439999e-01
-1.002221345294067145e+00
-1.488002703923231529e+00
-1.894826151177708473e+00
-2.164315841701060616e+00
-2.250791065116433121e+00
-2.128474155579288318e+00
-1.796268150327975377e+00
-1.279302112831588234e+00
-6.268870353578320787e-01
9.296331350201086918e-02
8.017887101369330916e-01
1.420637316026484687e+00
1.880366454666317688e+00
2.130853201936833585e+00
2.147801714165325393e+00
1.936149834843149176e+00
1.529543075982399580e+00
9.858942095762744939e-01
3.796026914542018349e-01
-2.085107075445580826e-01
-7.021631375981763901e-01
-1.039932233764753411e+00
-1.183490084831024802e+00
-1.122584241615097511e+00
-8.760581045606002926e-01
-4.887641658602918104e-01
-2.480878599835592210e-02
4.419079047546872752e-01
8.385048437124912324e-01
1.103737933098340562e+00
1.196901642066885874e+00
1.103737933098340562e+00
8.385048437124912324e-01
4.419079047546872752e-01
-2.480878599835013507e-02
-4.887641658602918104e-01
-8.760581045605981831e-01
-1.122584241615096845e+00
-1.183490084831024802e+00
-1.039932233764756520e+00
-7.021631375981779444e-01
-2.085107075445629121e-01
3.796026914541967279e-01
9.858942095762699420e-01
1.529543075982396028e+00
1.936149834843146733e+00
2.147801714165324505e+00
2.130853201936834473e+00
1.880366454666324127e+00
1.420637316026484687e+00
8.017887101369371994e-01
9.296331350201643418e-02
-6.268870353578274157e-01
-1.279302112831578242e+00
-1.796268150327968716e+00
-2.128474155579288762e+00
-2.250791065116433565e+00
-2.164315841701061505e+00
-1.894826151177710916e+00
-1.488002703923238634e+00
-1.002221345294066257e+00
-5.000325384267474416e-01
