5.386286829889286309e-07
2.659952770045492798e-06
5.464931746246293187e-06
9.614490409148856997e-06
1.568457082612439990e-05
2.412962203379720449e-05
3.525347347022034228e-05
4.918922786600887775e-05
6.588939868379384279e-05
8.512700151186436415e-05
1.065073083736933768e-04
1.294898102059960365e-04
1.534188631922006607e-04
1.775613782228901982e-04
2.011490287259221077e-04
2.234229468740522861e-04
2.436772920191287994e-04
2.613004762679338455e-04
2.758100745268166065e-04
2.868805022444576025e-04
2.943611470982432365e-04
2.982841979246586561e-04
2.988612686749547720e-04
2.964698942378163338e-04
2.916297235060483217e-04
2.849701268132776022e-04
2.771920699160546064e-04
2.690248365979641676e-04
2.611819072626531124e-04
2.543173031881451607e-04
2.489862090442329645e-04
2.456111251376569271e-04
2.444561396259814501e-04
2.456111251376569271e-04
2.489862090442329645e-04
2.543173031881451607e-04
2.611819072626531124e-04
2.690248365979641676e-04
2.771920699160546064e-04
2.849701268132776022e-04
2.916297235060483217e-04
2.964698942378163338e-04
2.988612686749547720e-04
2.982841979246586561e-04
2.943611470982432365e-04
2.868805022444576025e-04
2.758100745268166065e-04
2.613004762679338455e-04
2.436772920191287994e-04
2.234229468740522861e-04
2.011490287259221077e-04
1.775613782228901982e-04
1.534188631922006607e-04
1.294898102059960365e-04
1.065073083736933768e-04
8.512700151186436415e-05
6.588939868379384279e-05
4.918922786600887775e-05
3.525347347022034228e-05
2.412962203379720449e-05
1.568457082612439990e-05
9.614490409148856997e-06
5.464931746246293187e-06
2.659952770045492798e-06
5.386286829889286309e-07
-1.603394593985285610e-06
-4.469675332074984908e-06
-8.718783647054806352e-06
-1.492283627158030868e-05
-2.353113086428493261e-05
-3.484121771180070937e-05
-4.897906910628080368e-05
-6.588939868379384279e-05
-8.533716027159243822e-05
-1.069195641321130097e-04
-1.300883013755083084e-04
-1.541805977467447519e-04
-1.784570777090266347e-04
-2.021442924160510302e-04
-2.244795032311230898e-04
-2.447545411996543407e-04
-2.623570326250046492e-04
-2.768053382169455290e-04
-2.877762017305940390e-04
-2.951229107566177845e-04
-2.988826890941709280e-04
-2.992734953295439482e-04
-2.966800821013748646e-04
-2.916297235060483217e-04
-2.847599389497190714e-04
-2.767798432614654303e-04
-2.684263454284518957e-04
-2.604201436042785645e-04
-2.534216037020087242e-04
-2.479909744579344988e-04
-2.445545396767556667e-04
-2.433788758935406804e-04
-2.445545396767556667e-04
-2.479909744579344988e-04
-2.534216037020087242e-04
-2.604201436042785645e-04
-2.684263454284518957e-04
-2.767798432614654303e-04
-2.847599389497190714e-04
-2.916297235060483217e-04
-2.966800821013748646e-04
-2.992734953295439482e-04
-2.988826890941709280e-04
-2.951229107566177845e-04
-2.877762017305940390e-04
-2.768053382169455290e-04
-2.623570326250046492e-04
-2.447545411996543407e-04
-2.244795032311230898e-04
-2.021442924160510302e-04
-1.784570777090266347e-04
-1.541805977467447519e-04
-1.300883013755083084e-04
-1.069195641321130097e-04
-8.533716027159243822e-05
-6.588939868379384279e-05
-4.897906910628080368e-05
-3.484121771180070937e-05
-2.353113086428493261e-05
-1.492283627158030868e-05
-8.718783647054806352e-06
-4.469675332074984908e-06
-1.603394593985285610e-06
