9.551051852395427144e-02
4.455877736905442671e-02
-6.132272971114925697e-03
-5.539896621859632941e-02
-1.021197095170462560e-01
-1.452391976855706424e-01
-1.837910892403107066e-01
-2.169186563603352214e-01
-2.438929657840980814e-01
-2.641282019804571668e-01
-2.771938066586105975e-01
-2.828231783983712888e-01
-2.809187513791425173e-01
-2.715533512279935668e-01
-2.549678071770588028e-01
-2.315648812554920721e-01
-2.018996553717447573e-01
-1.666665941295944198e-01
-1.266835733966899802e-01
-8.287323044305082431e-02
-3.624204946362286073e-02
1.214235476184848637e-02
6.117525349517997924e-02
1.097395915071872896e-01
1.567309996272703010e-01
2.010824822068204287e-01
2.417882369138949217e-01
2.779260836879593466e-01
3.086780104939821912e-01
3.333483850509172397e-01
3.513794330639338770e-01
3.623636435428091995e-01
3.660528292320718302e-01
3.623636435428091995e-01
3.513794330639342656e-01
3.333483850509172397e-01
3.086780104939821912e-01
2.779260836879593466e-01
2.417882369138949217e-01
2.010824822068204287e-01
1.567309996272703010e-01
1.097395915071875672e-01
6.117525349518016659e-02
1.214235476184848637e-02
-3.624204946362247909e-02
-8.287323044305061615e-02
-1.266835733966898137e-01
-1.666665941295945863e-01
-2.018996553717446463e-01
-2.315648812554919056e-01
-2.549678071770588028e-01
-2.715533512279935113e-01
-2.809187513791425173e-01
-2.828231783983712888e-01
-2.771938066586105975e-01
-2.641282019804571668e-01
-2.438929657840981646e-01
-2.169186563603353601e-01
-1.837910892403107621e-01
-1.452391976855708089e-01
-1.021197095170465891e-01
-5.539896621859639186e-02
-6.132272971115139935e-03
4.455877736905446140e-02
9.551051852395414654e-02
1.455424411741077506e-01
1.934828943550637725e-01
2.381947015431364889e-01
2.786001359246892961e-01
3.137047121959960494e-01
3.426192768561652779e-01
3.645799148105591803e-01
3.789652364299609388e-01
3.853106650176252312e-01
3.833194087229632174e-01
3.728698719278734086e-01
3.540193374905752366e-01
3.270038313162584864e-01
2.922341628065902586e-01
2.502882170497150449e-01
2.018996553717447850e-01
1.479432583353718078e-01
8.941721776715935710e-02
2.742275035478555084e-02
-3.685853664780975453e-02
-1.021890482913503095e-01
-1.673008555595325575e-01
-2.309220545443547434e-01
-2.918032702731324646e-01
-3.487437406570443876e-01
-4.006164245297493265e-01
-4.463915981983848091e-01
-4.851584369016246900e-01
-5.161441203754572049e-01
-5.387300544478831332e-01
-5.524648620859716752e-01
-5.570738662799803453e-01
-5.524648620859716752e-01
-5.387300544478831332e-01
-5.161441203754572049e-01
-4.851584369016250786e-01
-4.463915981983848091e-01
-4.006164245297496040e-01
-3.487437406570447207e-01
-2.918032702731327421e-01
-2.309220545443553818e-01
-1.673008555595328073e-01
-1.021890482913508924e-01
-3.685853664781027494e-02
2.742275035478505124e-02
8.941721776715891301e-02
1.479432583353713637e-01
2.018996553717444520e-01
2.502882170497147674e-01
2.922341628065895924e-01
3.270038313162584864e-01
3.540193374905751256e-01
3.728698719278732976e-01
3.833194087229631619e-01
3.853106650176252868e-01
3.789652364299611054e-01
3.645799148105591247e-01
3.426192768561654445e-01
3.137047121959963270e-01
2.786001359246895737e-01
2.381947015431372106e-01
1.934828943550636893e-01
1.455424411741081114e-01
