-1.343751655896859045e-05
4.905430151617412582e-02
9.800396101111438774e-02
1.467176155537543991e-01
1.950779073696116417e-01
2.429683290716704858e-01
2.902735043677787119e-01
3.368794660514527473e-01
3.826739306060086276e-01
4.275465687600212283e-01
4.713892713417917602e-01
5.140964097917647413e-01
5.555650907046428832e-01
5.956954037872759233e-01
6.343906626342129540e-01
6.715576377400720443e-01
7.071067811865474617e-01
7.409524424619053917e-01
7.730130748921695272e-01
8.032114321858022654e-01
8.314747546175045301e-01
8.577349444017290381e-01
8.819287298325607649e-01
9.039978177937041393e-01
9.238890342703678371e-01
9.415544525237881102e-01
9.569515086188925546e-01
9.700431040261373594e-01
9.807976950497470092e-01
9.891893688663883077e-01
9.951979059906430614e-01
9.988088290164163219e-01
1.000013437516559023e+00
9.988088290164163219e-01
9.951979059906431724e-01
9.891893688663883077e-01
9.807976950497470092e-01
9.700431040261373594e-01
9.569515086188925546e-01
9.415544525237881102e-01
9.238890342703678371e-01
9.039978177937042503e-01
8.819287298325608759e-01
8.577349444017290381e-01
8.314747546175047521e-01
8.032114321858023764e-01
7.730130748921696382e-01
7.409524424619052807e-01
7.071067811865475727e-01
6.715576377400722663e-01
6.343906626342129540e-01
5.956954037872760344e-01
5.555650907046428832e-01
5.140964097917648523e-01
4.713892713417919822e-01
4.275465687600211728e-01
3.826739306060087387e-01
3.368794660514530248e-01
2.902735043677787674e-01
2.429683290716706801e-01
1.950779073696120025e-01
1.467176155537544546e-01
9.800396101111460978e-02
4.905430151617407725e-02
-1.343751655884612643e-05
-4.908104713866161262e-02
-9.803031964800680564e-02
-1.467433333569689302e-01
-1.951027366626449655e-01
-2.429920307348572006e-01
-2.902958501411457282e-01
-3.369002407329874105e-01
-3.826929341241708249e-01
-4.275636181005426639e-01
-4.714042023102035239e-01
-5.141090785946784703e-01
-5.555753753345612500e-01
-5.957032051975906795e-01
-6.343959056930777995e-01
-6.715602719539647270e-01
-7.071067811865474617e-01
-7.409498082480125980e-01
-7.730078318333041265e-01
-8.032036307754876203e-01
-8.314644699875859413e-01
-8.577222755988150871e-01
-8.819137988641491122e-01
-9.039807684531823151e-01
-9.238700307522054178e-01
-9.415336778422535025e-01
-9.569291628455252052e-01
-9.700194023629505891e-01
-9.807728657567137409e-01
-9.891636510631736101e-01
-9.951715473537506851e-01
-9.987820833939284881e-01
-9.999865624834409772e-01
-9.987820833939284881e-01
-9.951715473537506851e-01
-9.891636510631736101e-01
-9.807728657567138519e-01
-9.700194023629505891e-01
-9.569291628455253162e-01
-9.415336778422536135e-01
-9.238700307522055288e-01
-9.039807684531825371e-01
-8.819137988641492232e-01
-8.577222755988153091e-01
-8.314644699875861633e-01
-8.032036307754878424e-01
-7.730078318333043486e-01
-7.409498082480128200e-01
-7.071067811865476838e-01
-6.715602719539649490e-01
-6.343959056930784657e-01
-5.957032051975906795e-01
-5.555753753345614721e-01
-5.141090785946788033e-01
-4.714042023102038015e-01
-4.275636181005433856e-01
-3.826929341241715465e-01
-3.369002407329872995e-01
-2.902958501411461167e-01
-2.429920307348575614e-01
-1.951027366626453263e-01
-1.467433333569697351e-01
-9.803031964800672238e-02
-4.908104713866198038e-02
