-3.164062500000000000e-01
-2.920209467411041260e-01
-2.058112174272537231e-01
-6.660804897546768188e-02
1.077711731195449829e-01
2.932031452655792236e-01
4.628525376319885254e-01
5.911363959312438965e-01
6.574693322181701660e-01
6.492464542388916016e-01
5.636393427848815918e-01
4.079671800136566162e-01
1.986197829246520996e-01
-4.127960652112960815e-02
-2.851001918315887451e-01
-5.063269138336181641e-01
-6.820430159568786621e-01
-7.957788705825805664e-01
-8.393302559852600098e-01
-8.133322596549987793e-01
-7.265579104423522949e-01
-5.941085219383239746e-01
-4.348260164260864258e-01
-2.683584988117218018e-01
-1.123478412628173828e-01
1.983173377811908722e-02
1.204576194286346436e-01
1.878052502870559692e-01
2.254592776298522949e-01
2.407692372798919678e-01
2.427668422460556030e-01
2.399412095546722412e-01
2.382812500000000000e-01
2.399412095546722412e-01
2.427668422460556030e-01
2.407692372798919678e-01
2.254592776298522949e-01
1.878052502870559692e-01
1.204576194286346436e-01
1.983173377811908722e-02
-1.123478412628173828e-01
-2.683584988117218018e-01
-4.348260164260864258e-01
-5.941085219383239746e-01
-7.265579104423522949e-01
-8.133322596549987793e-01
-8.393302559852600098e-01
-7.957788705825805664e-01
-6.820430159568786621e-01
-5.063269138336181641e-01
-2.851001918315887451e-01
-4.127960652112960815e-02
1.986197829246520996e-01
4.079671800136566162e-01
5.636393427848815918e-01
6.492464542388916016e-01
6.574693322181701660e-01
5.911363959312438965e-01
4.628525376319885254e-01
2.932031452655792236e-01
1.077711731195449829e-01
-6.660804897546768188e-02
-2.058112174272537231e-01
-2.920209467411041260e-01
-3.164062500000000000e-01
-2.804732620716094971e-01
-1.958638876676559448e-01
-8.260739594697952271e-02
3.393642604351043701e-02
1.270052492618560791e-01
1.726567298173904419e-01
1.536590307950973511e-01
6.245842948555946350e-02
-9.723474085330963135e-02
-3.105045855045318604e-01
-5.529524683952331543e-01
-7.938627004623413086e-01
-1.000366687774658203e+00
-1.142015576362609863e+00
-1.195098876953125000e+00
-1.146081924438476562e+00
-9.936521649360656738e-01
-7.490716576576232910e-01
-4.347679913043975830e-01
-8.136472851037979126e-02
2.764328122138977051e-01
6.044983863830566406e-01
8.738259673118591309e-01
1.064294576644897461e+00
1.167116165161132812e+00
1.185614705085754395e+00
1.134244918823242188e+00
1.035998463630676270e+00
9.185948371887207031e-01
8.100378513336181641e-01
7.341879010200500488e-01
7.070312500000000000e-01
7.341879010200500488e-01
8.100378513336181641e-01
9.185948371887207031e-01
1.035998463630676270e+00
1.134244918823242188e+00
1.185614705085754395e+00
1.167116165161132812e+00
1.064294576644897461e+00
8.738259673118591309e-01
6.044983863830566406e-01
2.764328122138977051e-01
-8.136472851037979126e-02
-4.347679913043975830e-01
-7.490716576576232910e-01
-9.936521649360656738e-01
-1.146081924438476562e+00
-1.195098876953125000e+00
-1.142015576362609863e+00
-1.000366687774658203e+00
-7.938627004623413086e-01
-5.529524683952331543e-01
-3.105045855045318604e-01
-9.723474085330963135e-02
6.245842948555946350e-02
1.536590307950973511e-01
1.726567298173904419e-01
1.270052492618560791e-01
3.393642604351043701e-02
-8.260739594697952271e-02
-1.958638876676559448e-01
-2.804732620716094971e-01
