-1.130605101585388184e+00
-3.878040313720703125e+00
-2.489698171615600586e+00
3.936839699745178223e-01
5.087706446647644043e-01
-1.344898343086242676e+00
-1.608180522918701172e+00
-1.929482817649841309e-01
2.484037578105926514e-01
-5.106447339057922363e-01
-3.956466913223266602e-01
6.688877344131469727e-01
7.725754380226135254e-01
-1.642334461212158203e-01
-3.361516594886779785e-01
4.748755693435668945e-01
7.639254927635192871e-01
3.541189432144165039e-01
3.972005844116210938e-01
7.113581299781799316e-01
2.610345482826232910e-01
-2.512776553630828857e-01
4.424270987510681152e-01
1.135876893997192383e+00
-6.333374977111816406e-02
-1.734052181243896484e+00
-1.214689612388610840e+00
1.029118001461029053e-01
-1.118131518363952637e+00
-2.883169651031494141e+00
7.685649991035461426e-01
9.462110519409179688e+00
1.426959323883056641e+01
9.462110519409179688e+00
7.685649991035461426e-01
-2.883169651031494141e+00
-1.118131518363952637e+00
1.029118001461029053e-01
-1.214689612388610840e+00
-1.734052181243896484e+00
-6.333374977111816406e-02
1.135876893997192383e+00
4.424270987510681152e-01
-2.512776553630828857e-01
2.610345482826232910e-01
7.113581299781799316e-01
3.972005844116210938e-01
3.541189432144165039e-01
7.639254927635192871e-01
4.748755693435668945e-01
-3.361516594886779785e-01
-1.642334461212158203e-01
7.725754380226135254e-01
6.688877344131469727e-01
-3.956466913223266602e-01
-5.106447339057922363e-01
2.484037578105926514e-01
-1.929482817649841309e-01
-1.608180522918701172e+00
-1.344898343086242676e+00
5.087706446647644043e-01
3.936839699745178223e-01
-2.489698171615600586e+00
-3.878040313720703125e+00
-1.130605101585388184e+00
2.152343273162841797e+00
1.831230998039245605e+00
-2.861177325248718262e-01
-7.095915079116821289e-02
1.856330037117004395e+00
1.717640519142150879e+00
-6.665730476379394531e-01
-1.871285200119018555e+00
-8.516646027565002441e-01
-1.558613777160644531e-01
-1.124800682067871094e+00
-2.076952457427978516e+00
-1.754457473754882812e+00
-9.815006852149963379e-01
-3.237783908843994141e-01
7.025266885757446289e-01
1.572942733764648438e+00
9.303234219551086426e-01
-6.830691695213317871e-01
-1.159861326217651367e+00
-3.094075918197631836e-01
-8.736377954483032227e-02
-9.906046986579895020e-01
-1.355379581451416016e+00
-7.352967858314514160e-01
-6.163871288299560547e-01
-1.038663864135742188e+00
-1.289494037628173828e-01
1.846616506576538086e+00
1.798050642013549805e+00
-1.008366823196411133e+00
-2.833072423934936523e+00
-1.008366823196411133e+00
1.798050642013549805e+00
1.846616506576538086e+00
-1.289494037628173828e-01
-1.038663864135742188e+00
-6.163871288299560547e-01
-7.352967858314514160e-01
-1.355379581451416016e+00
-9.906046986579895020e-01
-8.736377954483032227e-02
-3.094075918197631836e-01
-1.159861326217651367e+00
-6.830691695213317871e-01
9.303234219551086426e-01
1.572942733764648438e+00
7.025266885757446289e-01
-3.237783908843994141e-01
-9.815006852149963379e-01
-1.754457473754882812e+00
-2.076952457427978516e+00
-1.124800682067871094e+00
-1.558613777160644531e-01
-8.516646027565002441e-01
-1.871285200119018555e+00
-6.665730476379394531e-01
1.717640519142150879e+00
1.856330037117004395e+00
-7.095915079116821289e-02
-2.861177325248718262e-01
1.831230998039245605e+00
2.152343273162841797e+00
