3.817655705954102995e-03
3.803081210864899149e-03
3.788562356180033910e-03
-2.898228138129884722e-05
-1.435278232454674354e-05
1.654383532245059624e-07
5.416239466445188401e-08
-8.383600482100683222e-10
-2.035728050171896774e-10
3.977740902344080502e-12
7.619852353983153574e-13
-1.809464253441206162e-14
-2.839918166452461093e-15
7.992094511129797164e-17
1.053671914047056042e-17
-3.453362180780446239e-19
-3.890719116523498746e-20
1.466909043772863855e-21
1.429341066735312738e-22
-6.145826888992809660e-24
-5.222105568270895749e-25
2.545627120254996142e-26
1.896436832971677933e-27
-1.044232219051058243e-28
-6.841290987435716258e-30
4.247696025144150851e-31
2.449606947752132769e-32
-1.715141656169320542e-33
-8.696973908411305857e-35
6.879840850854181119e-36
3.057556569794841682e-37
-2.743213350881506985e-38
