-3.802015044947523181e-01
-3.134573563968952037e-01
-2.130509103431380835e-01
-8.368006864170256243e-02
6.735043069859437959e-02
2.307575389890078321e-01
3.960820691646643743e-01
5.525949769230353859e-01
6.902291414861225771e-01
8.004557581780293862e-01
8.770291679721483602e-01
9.165352499869360292e-01
9.186954194883206748e-01
8.863993494468386247e-01
8.254629519821425898e-01
7.441318981623472606e-01
6.523729727926845801e-01
5.610139548134071008e-01
4.808058949212705713e-01
4.214884896360654998e-01
3.909391316828952911e-01
3.944791548397001413e-01
4.343973898770507325e-01
5.097325557662404361e-01
6.163338233902538876e-01
7.471950142616613499e-01
8.930343871471606576e-01
1.043070843475657039e+00
1.185930465871695594e+00
1.310606049952020236e+00
1.407387667967863409e+00
1.468684714155709115e+00
1.489669121282478415e+00
1.468684714155709115e+00
1.407387667967865408e+00
1.310606049952020236e+00
1.185930465871695594e+00
1.043070843475657039e+00
8.930343871471606576e-01
7.471950142616613499e-01
6.163338233902538876e-01
5.097325557662409912e-01
4.343973898770510100e-01
3.944791548397001413e-01
3.909391316828951246e-01
4.214884896360653332e-01
4.808058949212705158e-01
5.610139548134073229e-01
6.523729727926842470e-01
7.441318981623467055e-01
8.254629519821425898e-01
8.863993494468385137e-01
9.186954194883206748e-01
9.165352499869360292e-01
8.770291679721486933e-01
8.004557581780292752e-01
6.902291414861227992e-01
5.525949769230362740e-01
3.960820691646645964e-01
2.307575389890084983e-01
6.735043069859554532e-02
-8.368006864170240977e-02
-2.130509103431375006e-01
-3.134573563968953147e-01
-3.802015044947521516e-01
-4.115927050517311225e-01
-4.090851910022592630e-01
-3.771410175524261832e-01
-3.228302133336619639e-01
-2.552028208175199930e-01
-1.844872853442605931e-01
-1.211847298614046331e-01
-7.513772324405716685e-02
-5.465442868253487380e-02
-6.576430567984689612e-02
-1.116702383995071962e-01
-1.924450465508830976e-01
-3.049992595380277560e-01
-4.433236163451474421e-01
-5.989860115316899547e-01
-7.618405895804103434e-01
-9.208882958965101118e-01
-1.065215011804201861e+00
-1.184926573325224997e+00
-1.272000092922195069e+00
-1.320978065160843817e+00
-1.329445138819659089e+00
-1.298246030480646684e+00
-1.231425241632320589e+00
-1.135893116104380374e+00
-1.020846284317257879e+00
-8.969916629134307984e-01
-7.756400949347665996e-01
-6.677469699775432366e-01
-5.829817853765284497e-01
-5.289061982546354734e-01
-5.103308787175215855e-01
-5.289061982546354734e-01
-5.829817853765284497e-01
-6.677469699775432366e-01
-7.756400949347651563e-01
-8.969916629134307984e-01
-1.020846284317257213e+00
-1.135893116104379708e+00
-1.231425241632320144e+00
-1.298246030480646240e+00
-1.329445138819659089e+00
-1.320978065160844039e+00
-1.272000092922195735e+00
-1.184926573325225663e+00
-1.065215011804202971e+00
-9.208882958965111110e-01
-7.618405895804113426e-01
-5.989860115316909539e-01
-4.433236163451501066e-01
-3.049992595380277560e-01
-1.924450465508836805e-01
-1.116702383995076264e-01
-6.576430567984709041e-02
-5.465442868253483910e-02
-7.513772324405659786e-02
-1.211847298614047302e-01
-1.844872853442600380e-01
-2.552028208175194934e-01
-3.228302133336615198e-01
-3.771410175524254615e-01
-4.090851910022593185e-01
-4.115927050517312336e-01
