1.741411375810601736e-02
2.422300612784668850e-01
4.420292210955091283e-01
6.003316812880933329e-01
7.058151365304539127e-01
7.534344045676980572e-01
7.447793595999870897e-01
6.876583054628055969e-01
5.949845440492729232e-01
4.831214997116582421e-01
3.698977178888264716e-01
2.725318751713977639e-01
2.057076437291689708e-01
1.800104122748602542e-01
2.008871791644414317e-01
2.682244757261124657e-01
3.765654070109833995e-01
5.159145695757935135e-01
6.730167423661959081e-01
8.329482672085773975e-01
9.808331539456482950e-01
1.103490873041200748e+00
1.190838759448934470e+00
1.236905976237920868e+00
1.240363419271321987e+00
1.204529080796679308e+00
1.136865156815883626e+00
1.048035779844738613e+00
9.506376967261275235e-01
8.577467111448174863e-01
7.814379386399090688e-01
7.314370707057554766e-01
7.140435776620308594e-01
7.314370707057554766e-01
7.814379386399076255e-01
8.577467111448174863e-01
9.506376967261275235e-01
1.048035779844738613e+00
1.136865156815883626e+00
1.204529080796679308e+00
1.240363419271321987e+00
1.236905976237920868e+00
1.190838759448934470e+00
1.103490873041200748e+00
9.808331539456495163e-01
8.329482672085779527e-01
6.730167423661965742e-01
5.159145695757929584e-01
3.765654070109838991e-01
2.682244757261127988e-01
2.008871791644414317e-01
1.800104122748602542e-01
2.057076437291689708e-01
2.725318751713974863e-01
3.698977178888259720e-01
4.831214997116584642e-01
5.949845440492727011e-01
6.876583054628050418e-01
7.447793595999870897e-01
7.534344045676981683e-01
7.058151365304544678e-01
6.003316812880936659e-01
4.420292210955099055e-01
2.422300612784666352e-01
1.741411375810658635e-02
-2.125560021468870242e-01
-4.266748331911727754e-01
-6.052442800431168113e-01
-7.322440817888663522e-01
-7.973317938317903142e-01
-7.972167724565986102e-01
-7.362210903053338917e-01
-6.259344565868051324e-01
-4.839791693028129838e-01
-3.320116431252861378e-01
-1.931852160335234270e-01
-8.937192177936990889e-02
-3.847870714076541410e-02
-5.219035091092791984e-02
-1.344263666805295132e-01
-2.807170364559639086e-01
-4.785939079055592238e-01
-7.089658658989632656e-01
-9.483286964948886011e-01
-1.171549552826603779e+00
-1.354891754187871111e+00
-1.478910108995276529e+00
-1.530857622584080424e+00
-1.506300409938362117e+00
-1.409732446699562436e+00
-1.254103954179323743e+00
-1.059311566856985465e+00
-8.498280745365622835e-01
-6.517579899524460485e-01
-4.896785462621342511e-01
-3.836544338704241941e-01
-3.467947398791400015e-01
-3.836544338704241941e-01
-4.896785462621342511e-01
-6.517579899524460485e-01
-8.498280745365598410e-01
-1.059311566856985465e+00
-1.254103954179322411e+00
-1.409732446699561770e+00
-1.506300409938361673e+00
-1.530857622584080868e+00
-1.478910108995276751e+00
-1.354891754187872221e+00
-1.171549552826605556e+00
-9.483286964948903774e-01
-7.089658658989649309e-01
-4.785939079055606116e-01
-2.807170364559650189e-01
-1.344263666805303736e-01
-5.219035091092883577e-02
-3.847870714076541410e-02
-8.937192177936924276e-02
-1.931852160335226221e-01
-3.320116431252851386e-01
-4.839791693028104858e-01
-6.259344565868030230e-01
-7.362210903053340028e-01
-7.972167724565983882e-01
-7.973317938317905362e-01
-7.322440817888669073e-01
-6.052442800431193648e-01
-4.266748331911724423e-01
-2.125560021468887173e-01
