-1.194676871463428713e-01
5.177613484031409058e-02
2.777255759822128689e-01
5.156705970521509030e-01
7.184750530196315488e-01
8.411748176842517299e-01
8.474996694659595597e-01
7.154046702539988978e-01
4.408127770556214964e-01
3.900275920196553253e-02
-4.566057642637106895e-01
-9.981591315813606036e-01
-1.529107307579294472e+00
-1.991221037362692625e+00
-2.331948716543865707e+00
-2.511115155221884887e+00
-2.506046576917061675e+00
-2.314418345001516997e+00
-1.954434956429377923e+00
-1.462321864545639283e+00
-8.874831786205925610e-01
-2.860046913989833239e-01
2.865888038380645653e-01
7.823125579197082180e-01
1.166471395392041366e+00
1.421395184958011981e+00
1.547668939062555982e+00
1.562729132199335957e+00
1.497077980671313036e+00
1.388709824482094346e+00
1.276598797651438355e+00
1.194227713074286656e+00
1.164125617298257698e+00
1.194227713074286656e+00
1.276598797651435913e+00
1.388709824482094346e+00
1.497077980671313036e+00
1.562729132199335957e+00
1.547668939062555982e+00
1.421395184958011981e+00
1.166471395392041366e+00
7.823125579197106605e-01
2.865888038380666747e-01
-2.860046913989833239e-01
-8.874831786205880091e-01
-1.462321864545636396e+00
-1.954434956429376591e+00
-2.314418345001518329e+00
-2.506046576917061675e+00
-2.511115155221885331e+00
-2.331948716543865707e+00
-1.991221037362693957e+00
-1.529107307579294472e+00
-9.981591315813617138e-01
-4.566057642637134095e-01
3.900275920196609458e-02
4.408127770556204417e-01
7.154046702539976765e-01
8.474996694659596708e-01
8.411748176842520630e-01
7.184750530196328810e-01
5.156705970521513471e-01
2.777255759822140346e-01
5.177613484031380608e-02
-1.194676871463425383e-01
-2.034960767106437918e-01
-1.821882538327077861e-01
-5.389569509447234008e-02
1.667941599219744109e-01
4.515011616471625300e-01
7.622902219630444121e-01
1.057059448396496570e+00
1.295301423356746362e+00
1.443441303729749770e+00
1.479048621933770624e+00
1.393407382183229126e+00
1.192180440539512221e+00
8.941803693304514189e-01
5.285191490527136882e-01
1.306163236881577594e-01
-2.623276632712999157e-01
-6.157535910022464698e-01
-9.014829602635403560e-01
-1.100337426368246607e+00
-1.203394918600437569e+00
-1.211854345530554156e+00
-1.135682808143777089e+00
-9.913779580742019260e-01
-7.992718226820593186e-01
-5.808208755120696232e-01
-3.562728199801523110e-01
-1.429876571246203043e-01
4.545777064789439242e-02
1.994085644278899838e-01
3.126765005073748327e-01
3.817459054598749124e-01
4.049306911264466402e-01
3.817459054598749124e-01
3.126765005073748327e-01
1.994085644278899838e-01
4.545777064789643940e-02
-1.429876571246203043e-01
-3.562728199801508677e-01
-5.808208755120684019e-01
-7.992718226820582084e-01
-9.913779580742001496e-01
-1.135682808143776423e+00
-1.211854345530553712e+00
-1.203394918600438235e+00
-1.100337426368247717e+00
-9.014829602635420214e-01
-6.157535910022483572e-01
-2.623276632713023582e-01
1.306163236881552892e-01
5.285191490527068048e-01
8.941803693304514189e-01
1.192180440539510888e+00
1.393407382183227794e+00
1.479048621933770402e+00
1.443441303729751324e+00
1.295301423356749471e+00
1.057059448396496348e+00
7.622902219630469656e-01
4.515011616471648059e-01
1.667941599219764093e-01
-5.389569509446957840e-02
-1.821882538327079248e-01
-2.034960767106440416e-01
