-6.554087778803864561e-02
6.232129013555072206e-01
2.823263095619062968e-01
4.073100011314365609e-01
3.038208222778752132e-01
3.171428507841445588e-01
2.752118993183689244e-01
2.634382837188683490e-01
2.391172516310933749e-01
2.233152496785735519e-01
2.053771557103097334e-01
1.904469161078302386e-01
1.758180682432154696e-01
1.627019316450808162e-01
1.503703699163917440e-01
1.390698576997795866e-01
1.285705919060238789e-01
1.188878638102087160e-01
1.099224616344071231e-01
1.016390602676651850e-01
9.397692571853644150e-02
8.689387157031608355e-02
8.034393924606690607e-02
7.428809395925976833e-02
6.868852151642351744e-02
6.351111477893581214e-02
5.872391107628560647e-02
5.429756912888253351e-02
5.020485368000174309e-02
4.642063489490575595e-02
4.292165096459080870e-02
3.968640646646821868e-02
3.669501973197417805e-02
3.392911090802219753e-02
3.137168393002892630e-02
2.900702462004481688e-02
2.682060286843226254e-02
2.479898397887666389e-02
2.292974580492299075e-02
2.120140257574748208e-02
1.960333424297415819e-02
1.812572126281441001e-02
1.675948423940129897e-02
1.549622814473503030e-02
1.432819072955139432e-02
1.324819482948578174e-02
1.224960426283724750e-02
1.132628305423256238e-02
1.047255773100091644e-02
9.683182461894817780e-03
8.953306823295110323e-03
8.278445995159746870e-03
7.654453203419750960e-03
7.077494239571313454e-03
6.544023900856180825e-03
6.050764206283739365e-03
5.594684254630273405e-03
5.172981600655060519e-03
4.783065035094491088e-03
4.422538662624752974e-03
4.089187179957367788e-03
3.780962263607120198e-03
3.495969983690039827e-03
3.232459166413861017e-03
2.988810633752685478e-03
2.763527254187566826e-03
2.555224743378445209e-03
2.362623158240903347e-03
2.184539032161952020e-03
2.019878103028600533e-03
1.867628589385603773e-03
1.726854973406814027e-03
1.596692252478770562e-03
1.476340624074592598e-03
1.365060571258666427e-03
1.262168318624339730e-03
1.167031630743014690e-03
1.079065927307641627e-03
9.977306910995823504e-04
9.225261467071074100e-04
8.529901895874632180e-04
7.886955466027127009e-04
7.292471505818759947e-04
6.742797127770116345e-04
6.234554782968648691e-04
5.764621507260398554e-04
5.330109731772365985e-04
4.928349539853172203e-04
4.556872261407370799e-04
4.213395303816573341e-04
3.895808126238918903e-04
3.602159271104063963e-04
3.330644373116955310e-04
3.079595072090070100e-04
2.847468761477530905e-04
2.632839109619553443e-04
2.434387295453734762e-04
2.250893904839819403e-04
2.081231437703803117e-04
1.924357379960511480e-04
1.779307797644131943e-04
1.645191413884970354e-04
1.521184132337607367e-04
1.406523973408915068e-04
1.300506392170899751e-04
1.202479949188650020e-04
1.111842307662202177e-04
1.028036532286221252e-04
9.505476670853323855e-05
8.788995711971529605e-05
8.126519931600586783e-05
7.513978657282514319e-05
6.947608045917496396e-05
6.423927956318479604e-05
5.939720565010722105e-05
5.492010593878180434e-05
5.078047028162798972e-05
4.695286212480495667e-05
4.341376220984982789e-05
4.014142405639802241e-05
3.711574033797941777e-05
3.431811932981845939e-05
3.173137066945476371e-05
2.933959972822498225e-05
2.712810994455697668e-05
2.508331251895012102e-05
2.319264291575012180e-05
2.144448365865229251e-05
