1.693413740756567698e+00
1.101791883694204444e+00
4.662571351070831094e-01
-1.587889454402761913e-01
-7.213074497668906515e-01
-1.177217913307444075e+00
-1.495063408356403389e+00
-1.659190389840348390e+00
-1.671063879602390889e+00
-1.548563440611118169e+00
-1.323352425686372902e+00
-1.036651143617149051e+00
-7.339433375542048221e-01
-4.592787250182399639e-01
-2.498843769065621223e-01
-1.317570735061575349e-01
-1.167818779179609912e-01
-2.017247818486986033e-01
-3.692046170659498694e-01
-5.904929207809618275e-01
-8.297536425303764229e-01
-1.049148696728072760e+00
-1.214125083679168160e+00
-1.298179415426890859e+00
-1.286469027124445219e+00
-1.177795837598874407e+00
-9.847089296169564410e-01
-7.317251468442033113e-01
-4.519199592034550128e-01
-1.823595012153543804e-01
4.100035083496472027e-02
1.882515918396131527e-01
2.396357654376639335e-01
1.882515918396131527e-01
4.100035083496918892e-02
-1.823595012153543804e-01
-4.519199592034550128e-01
-7.317251468442033113e-01
-9.847089296169564410e-01
-1.177795837598874407e+00
-1.286469027124445219e+00
-1.298179415426891081e+00
-1.214125083679168826e+00
-1.049148696728072760e+00
-8.297536425303784213e-01
-5.904929207809628267e-01
-3.692046170659507021e-01
-2.017247818486981592e-01
-1.167818779179611022e-01
-1.317570735061570075e-01
-2.498843769065621223e-01
-4.592787250182394643e-01
-7.339433375542048221e-01
-1.036651143617148163e+00
-1.323352425686371570e+00
-1.548563440611118613e+00
-1.671063879602391111e+00
-1.659190389840348612e+00
-1.495063408356403611e+00
-1.177217913307445851e+00
-7.213074497668944263e-01
-1.587889454402769129e-01
4.662571351070801118e-01
1.101791883694205332e+00
1.693413740756566366e+00
2.190225689606440707e+00
2.550291506251557649e+00
2.745058186095607589e+00
2.762254212664748465e+00
2.606960793406091881e+00
2.300771280299938493e+00
1.879175580900006359e+00
1.387504946072255496e+00
8.759254757134390390e-01
3.940598794722813825e-01
-1.416153063782001759e-02
-3.148672703454744037e-01
-4.873830964043706082e-01
-5.258497736327281125e-01
-4.392055877722718660e-01
-2.496008387386975114e-01
1.052323508950799361e-02
3.023272452220560624e-01
5.849888872562004627e-01
8.201581393100130235e-01
9.759889569796869058e-01
1.030349665979091167e+00
9.729165506189374479e-01
8.059811171233695060e-01
5.439369950081659466e-01
2.115436131773963668e-01
-1.588214563915644195e-01
-5.306206925743546243e-01
-8.669677473521226752e-01
-1.134412061400231098e+00
-1.306330475865956187e+00
-1.365604126575052923e+00
-1.306330475865956187e+00
-1.134412061400231098e+00
-8.669677473521226752e-01
-5.306206925743590652e-01
-1.588214563915644195e-01
2.115436131773941464e-01
5.439369950081643923e-01
8.059811171233682847e-01
9.729165506189364487e-01
1.030349665979090945e+00
9.759889569796879050e-01
8.201581393100147999e-01
5.849888872562023501e-01
3.023272452220581719e-01
1.052323508950994690e-02
-2.496008387386961236e-01
-4.392055877722710333e-01
-5.258497736327278904e-01
-4.873830964043706082e-01
-3.148672703454757360e-01
-1.416153063782304121e-02
3.940598794722786624e-01
8.759254757134311564e-01
1.387504946072247280e+00
1.879175580900007914e+00
2.300771280299935384e+00
2.606960793406090549e+00
2.762254212664748021e+00
2.745058186095609365e+00
2.550291506251557649e+00
2.190225689606443815e+00
