-4.787262480829790334e-02
2.292465868253377309e-02
1.030748391486776966e-01
1.910119318808180811e-01
2.847578484190688153e-01
3.819854125250644050e-01
4.800964174140117113e-01
5.763119564056946587e-01
6.677717566128194004e-01
7.516388637827680075e-01
8.252057812916154811e-01
8.859980677528471738e-01
9.318714503841372121e-01
9.610987140554961838e-01
9.724429719717366805e-01
9.652144008846522683e-01
9.393081142148986817e-01
8.952215287330707039e-01
8.340503291763554650e-01
7.574629224178472953e-01
6.676540690566239444e-01
5.672791556122132040e-01
4.593712956357038357e-01
3.472440955467563928e-01
2.343834662784151923e-01
1.243322840577958249e-01
2.057198665480802074e-02
-7.359467581386738844e-02
-1.551555393047312770e-01
-2.214915552850025282e-01
-2.704662598345042301e-01
-3.004989548365710750e-01
-3.106189573118311453e-01
-3.004989548365710750e-01
-2.704662598345051183e-01
-2.214915552850025282e-01
-1.551555393047312770e-01
-7.359467581386738844e-02
2.057198665480802074e-02
1.243322840577958249e-01
2.343834662784151923e-01
3.472440955467556711e-01
4.593712956357032806e-01
5.672791556122132040e-01
6.676540690566232783e-01
7.574629224178469622e-01
8.340503291763551319e-01
8.952215287330710369e-01
9.393081142148985707e-01
9.652144008846521572e-01
9.724429719717366805e-01
9.610987140554961838e-01
9.318714503841372121e-01
8.859980677528473958e-01
8.252057812916158142e-01
7.516388637827677854e-01
6.677717566128197335e-01
5.763119564056952138e-01
4.800964174140118779e-01
3.819854125250647936e-01
2.847578484190694814e-01
1.910119318808181643e-01
1.030748391486780297e-01
2.292465868253371758e-02
-4.787262480829773681e-02
-1.082089409208603081e-01
-1.574612557051380812e-01
-1.954992545330593856e-01
-2.226735895626648087e-01
-2.397854439494134238e-01
-2.480388780798268578e-01
-2.489780738603753762e-01
-2.444121568025982849e-01
-2.363307310857159504e-01
-2.268135930032660341e-01
-2.179382811728049207e-01
-2.116891709268761135e-01
-2.098717243259669574e-01
-2.140352707777456731e-01
-2.254073262767935792e-01
-2.448419767858419638e-01
-2.727842726831181119e-01
-3.092519295845945204e-01
-3.538349320566088196e-01
-4.057129183528555005e-01
-4.636895146008874202e-01
-5.262421136586977743e-01
-5.915849834831449217e-01
-6.577430660886354197e-01
-7.226334113637783441e-01
-7.841508962543483063e-01
-8.402547203531515185e-01
-8.890521497127019668e-01
-9.288761021535236750e-01
-9.583534243947866571e-01
-9.764610935829136640e-01
-9.825680679296863174e-01
-9.764610935829136640e-01
-9.583534243947866571e-01
-9.288761021535236750e-01
-8.890521497127024109e-01
-8.402547203531515185e-01
-7.841508962543485284e-01
-7.226334113637786771e-01
-6.577430660886358638e-01
-5.915849834831455878e-01
-5.262421136586978854e-01
-4.636895146008879198e-01
-4.057129183528560001e-01
-3.538349320566092637e-01
-3.092519295845947980e-01
-2.727842726831182785e-01
-2.448419767858420748e-01
-2.254073262767936348e-01
-2.140352707777457564e-01
-2.098717243259669574e-01
-2.116891709268760302e-01
-2.179382811728049207e-01
-2.268135930032659231e-01
-2.363307310857158394e-01
-2.444121568025981461e-01
-2.489780738603753762e-01
-2.480388780798269133e-01
-2.397854439494135348e-01
-2.226735895626649753e-01
-1.954992545330599130e-01
-1.574612557051379980e-01
-1.082089409208606967e-01
