0.000000000000000000e+00
-8.784098601958834074e-04
-4.407977654210915031e-03
-1.055144802486601696e-02
-1.924640804827915108e-02
-3.040589612902944161e-02
-4.391924725566642707e-02
-5.965316645758045322e-02
-7.745302010672594495e-02
-9.714433260995736230e-02
-1.185344740599646451e-01
-1.414145225741036960e-01
-1.655612833684024787e-01
-1.907394451050001827e-01
-2.167038527296855088e-01
-2.432018748948231446e-01
-2.699758431525586255e-01
-2.967655394125682244e-01
-3.233107076943934066e-01
-3.493535659710548247e-01
-3.746412939004252207e-01
-3.989284724737386378e-01
-4.219794520744041266e-01
-4.435706261304913633e-01
-4.634925884541990504e-01
-4.815521534825987215e-01
-4.975742199550819977e-01
-5.114034600715916534e-01
-5.229058178572719706e-01
-5.319698022975217766e-01
-5.385075627847762947e-01
-5.424557365157282041e-01
-5.437760596748305586e-01
-5.424557365157282041e-01
-5.385075627847762947e-01
-5.319698022975217766e-01
-5.229058178572719706e-01
-5.114034600715916534e-01
-4.975742199550819977e-01
-4.815521534825987215e-01
-4.634925884541990504e-01
-4.435706261304915854e-01
-4.219794520744041266e-01
-3.989284724737386378e-01
-3.746412939004254428e-01
-3.493535659710548247e-01
-3.233107076943936287e-01
-2.967655394125680024e-01
-2.699758431525584035e-01
-2.432018748948235887e-01
-2.167038527296855088e-01
-1.907394451050004047e-01
-1.655612833684024787e-01
-1.414145225741035850e-01
-1.185344740599646451e-01
-9.714433260995725128e-02
-7.745302010672605597e-02
-5.965316645758034220e-02
-4.391924725566664911e-02
-3.040589612902966365e-02
-1.924640804827904006e-02
-1.055144802486596145e-02
-4.407977654211248097e-03
-8.784098601959389185e-04
1.110223024625156540e-16
-1.784479212133038839e-03
-6.217933557654653498e-03
-1.326093013751117322e-02
-2.284888899039344556e-02
-3.489269720848364731e-02
-4.927955937566319555e-02
-6.587407615671392325e-02
-8.451954066864397763e-02
-1.050394401676718603e-01
-1.272391486078398026e-01
-1.509077937887143284e-01
-1.758202811278798405e-01
-2.017394545851598497e-01
-2.284183739442028349e-01
-2.556026865360214728e-01
-2.830330705790115031e-01
-3.104477266197266383e-01
-3.375848930948576188e-01
-3.641853618019248451e-01
-3.899949690664317181e-01
-4.147670386265833731e-01
-4.382647527209311278e-01
-4.602634285550192272e-01
-4.805526782335700631e-01
-4.989384313662467152e-01
-5.152448008767281928e-01
-5.293157740540347378e-01
-5.410167125671950794e-01
-5.502356470032409019e-01
-5.568843534664974504e-01
-5.608992018750823538e-01
-5.622417677883094766e-01
-5.608992018750823538e-01
-5.568843534664974504e-01
-5.502356470032409019e-01
-5.410167125671950794e-01
-5.293157740540347378e-01
-5.152448008767279708e-01
-4.989384313662468262e-01
-4.805526782335698410e-01
-4.602634285550194493e-01
-4.382647527209312388e-01
-4.147670386265834841e-01
-3.899949690664320512e-01
-3.641853618019247341e-01
-3.375848930948578408e-01
-3.104477266197266383e-01
-2.830330705790112811e-01
-2.556026865360215838e-01
-2.284183739442035010e-01
-2.017394545851598497e-01
-1.758202811278801736e-01
-1.509077937887145504e-01
-1.272391486078399137e-01
-1.050394401676720824e-01
-8.451954066864464377e-02
-6.587407615671381222e-02
-4.927955937566308453e-02
-3.489269720848386935e-02
-2.284888899039372312e-02
-1.326093013751122873e-02
-6.217933557654709009e-03
-1.784479212133205372e-03
