3.434084935591429077e-02
-1.974395395421016039e-02
3.421018089812700308e-02
-1.965247604188397751e-02
1.128999920088481074e-02
-6.485904446083499801e-03
3.726037153344753314e-03
-2.140542307324448494e-03
1.229703618315458472e-03
-7.064429344488196974e-04
4.058389454170362697e-04
-2.331472813805099929e-04
1.339389810390555246e-04
-7.694557078065137018e-05
4.420386669235466738e-05
-2.539433798113832698e-05
1.458859710143454986e-05
-8.380890478265751571e-06
4.814673043632046225e-06
-2.765944332191525103e-06
1.588985997481389021e-06
-9.128442936490349944e-07
5.244128681866283539e-07
-3.012658985032334374e-07
1.730719192967256207e-07
-9.942675024910200098e-08
5.711890585871797485e-08
-3.281379908649436310e-08
1.885094600992739871e-08
-1.082953438376653797e-08
6.221375569556011003e-09
-3.574070002075796765e-09
