-2.998306050867090983e-16
4.359954595565795898e-01
8.210175037384033203e-01
1.110052227973937988e+00
1.269307613372802734e+00
1.280164837837219238e+00
1.141354084014892578e+00
8.691040277481079102e-01
4.952441155910491943e-01
6.348294019699096680e-02
-3.757015168666839600e-01
-7.709628343582153320e-01
-1.076089978218078613e+00
-1.255409836769104004e+00
-1.287957072257995605e+00
-1.169926404953002930e+00
-9.151172041893005371e-01
-5.533185601234436035e-01
-1.268293410539627075e-01
3.144892156124114990e-01
7.190415263175964355e-01
1.039531111717224121e+00
1.238488435745239258e+00
1.292652726173400879e+00
1.195691466331481934e+00
9.589400291442871094e-01
6.100769639015197754e-01
1.898893117904663086e-01
-2.524979412555694580e-01
-6.653687953948974609e-01
-1.000449299812316895e+00
-1.218567252159118652e+00
-1.294221758842468262e+00
-1.218567252159118652e+00
-1.000449299812316895e+00
-6.653687953948974609e-01
-2.524979412555694580e-01
1.898893117904663086e-01
6.100769639015197754e-01
9.589400291442871094e-01
1.195691466331481934e+00
1.292652726173400879e+00
1.238488435745239258e+00
1.039531111717224121e+00
7.190415263175964355e-01
3.144892156124114990e-01
-1.268293410539627075e-01
-5.533185601234436035e-01
-9.151172041893005371e-01
-1.169926404953002930e+00
-1.287957072257995605e+00
-1.255409836769104004e+00
-1.076089978218078613e+00
-7.709628343582153320e-01
-3.757015168666839600e-01
6.348294019699096680e-02
4.952441155910491943e-01
8.691040277481079102e-01
1.141354084014892578e+00
1.280164837837219238e+00
1.269307613372802734e+00
1.110052227973937988e+00
8.210175037384033203e-01
4.359954595565795898e-01
8.096072199963427057e-16
-4.359954595565795898e-01
-8.210175037384033203e-01
-1.110052227973937988e+00
-1.269307613372802734e+00
-1.280164837837219238e+00
-1.141354084014892578e+00
-8.691040277481079102e-01
-4.952441155910491943e-01
-6.348294019699096680e-02
3.757015168666839600e-01
7.709628343582153320e-01
1.076089978218078613e+00
1.255409836769104004e+00
1.287957072257995605e+00
1.169926404953002930e+00
9.151172041893005371e-01
5.533185601234436035e-01
1.268293410539627075e-01
-3.144892156124114990e-01
-7.190415263175964355e-01
-1.039531111717224121e+00
-1.238488435745239258e+00
-1.292652726173400879e+00
-1.195691466331481934e+00
-9.589400291442871094e-01
-6.100769639015197754e-01
-1.898893117904663086e-01
2.524979412555694580e-01
6.653687953948974609e-01
1.000449299812316895e+00
1.218567252159118652e+00
1.294221758842468262e+00
1.218567252159118652e+00
1.000449299812316895e+00
6.653687953948974609e-01
2.524979412555694580e-01
-1.898893117904663086e-01
-6.100769639015197754e-01
-9.589400291442871094e-01
-1.195691466331481934e+00
-1.292652726173400879e+00
-1.238488435745239258e+00
-1.039531111717224121e+00
-7.190415263175964355e-01
-3.144892156124114990e-01
1.268293410539627075e-01
5.533185601234436035e-01
9.151172041893005371e-01
1.169926404953002930e+00
1.287957072257995605e+00
1.255409836769104004e+00
1.076089978218078613e+00
7.709628343582153320e-01
3.757015168666839600e-01
-6.348294019699096680e-02
-4.952441155910491943e-01
-8.691040277481079102e-01
-1.141354084014892578e+00
-1.280164837837219238e+00
-1.269307613372802734e+00
-1.110052227973937988e+00
-8.210175037384033203e-01
-4.359954595565795898e-01
