4.219037241622247518e-03
1.539385680062947855e-02
2.679041592314180750e-02
3.392318463429151720e-02
3.809784827151053987e-02
4.023331663701911615e-02
4.097557652558974500e-02
4.077807124866240918e-02
3.995844597308999269e-02
3.873860587497542085e-02
3.727299224434107300e-02
3.566853994991568688e-02
3.399876169485808314e-02
3.231368571739590134e-02
3.064686607493839407e-02
2.902032630304998695e-02
2.744804421874738609e-02
2.593840698406705766e-02
2.449593940261363123e-02
2.312251935517018256e-02
2.181823139296086567e-02
2.058196510428040443e-02
1.941183351896498543e-02
1.830546467943890837e-02
1.726020387819877933e-02
1.627325302707347682e-02
1.534176583302648139e-02
1.446291195515676635e-02
1.363391943466270642e-02
1.285210194849685343e-02
1.211487550261350007e-02
1.141976781510447257e-02
1.076442267579766354e-02
1.014660088890755735e-02
9.564178925655260344e-03
9.015146075515772378e-03
8.497600646314740561e-03
8.009745595422427047e-03
7.549883856047678345e-03
7.116413539482372222e-03
6.707823135753383272e-03
6.322686794209259227e-03
5.959659736952359343e-03
5.617473838088881712e-03
5.294933387942919040e-03
4.990911051855639359e-03
4.704344026688974875e-03
4.434230393773407053e-03
4.179625664145772412e-03
3.939639510067257516e-03
3.713432675678098125e-03
3.500214059011546273e-03
3.299237957299019572e-03
3.109801467441047386e-03
2.931242033617626613e-03
2.762935134212946963e-03
2.604292100495498013e-03
2.454758059799211183e-03
2.313809996276460640e-03
2.180954922627115038e-03
2.055728156540990396e-03
1.937691695918501060e-03
1.826432687252374379e-03
1.721561981859796951e-03
1.622712774947964202e-03
1.529539322776077900e-03
1.441715733443186490e-03
1.358934827083967947e-03
1.280907061493924068e-03
1.207359519431917697e-03
1.138034954062007139e-03
1.072690889198699756e-03
1.011098771210583447e-03
9.530431696173827369e-04
8.983210235853851576e-04
8.467409316864201937e-04
7.981224824366863705e-04
7.522956232742127785e-04
7.091000657680796189e-04
6.683847249791782016e-04
6.300071910116902167e-04
5.938332309070213592e-04
5.597363191380289602e-04
5.275971950613986576e-04
4.973034457803039926e-04
4.687491129583513526e-04
4.418343222095803043e-04
4.164649337682487201e-04
3.925522132165598643e-04
3.700125211186421829e-04
3.487670204752199251e-04
3.287414009757418294e-04
3.098656190834884008e-04
2.920736530445548545e-04
2.753032719638073399e-04
2.594958181401104498e-04
2.445960018995009836e-04
2.305517082086976685e-04
2.173138143925393653e-04
2.048360183177830968e-04
1.930746764423009920e-04
1.819886511632216029e-04
1.715391669300856791e-04
1.616896746197439821e-04
1.524057236986218783e-04
1.436548417252128901e-04
1.354064207713378274e-04
1.276316103649052769e-04
1.203032165797199413e-04
1.133956069193854974e-04
1.068846206626148651e-04
1.007474843563628547e-04
9.496273216120196291e-05
8.951013077033356921e-05
8.437060863962405873e-05
7.952618928113397662e-05
7.495992838682131597e-05
7.065585456249659242e-05
6.659891346473531862e-05
6.277491514535549753e-05
5.917048441928727365e-05
5.577301408223657328e-05
5.257062081451229207e-05
4.955210361678208148e-05
4.670690463237754192e-05
4.402507221911722155e-05
4.149722614148376634e-05
3.911452476140817416e-05
3.686863411290432262e-05
3.475169875238632178e-05
3.275631428271195240e-05
3.087550145484960689e-05
2.910268175658421762e-05
2.743165440287892697e-05
2.585657464741170794e-05
2.437193333942734536e-05
2.297253765440078409e-05
2.165349293111359829e-05
2.041018555161518272e-05
1.923826680418794599e-05
1.813363767287410981e-05
1.709243450036242531e-05
1.611101547408798937e-05
1.518594788827763942e-05
1.431399613738739682e-05
1.349211039893668354e-05
1.271741596615527564e-05
1.198720319313183922e-05
1.129891801729525447e-05
1.065015302607920073e-05
1.003863903652395304e-05
9.462237158363355236e-06
8.918931312836093027e-06
8.406821181054305179e-06
7.924115557265095554e-06
7.469126083756664748e-06
7.040261345495649827e-06
6.636021303840529807e-06
6.254992049861904831e-06
5.895840858918352414e-06
5.557311529190277407e-06
5.238219987867359901e-06
4.937450149621374962e-06
4.653950012878580872e-06
4.386727980237626760e-06
4.134849390162915361e-06
3.897433247822332784e-06
3.673649143634816398e-06
3.462714348749772242e-06
3.263891077299209229e-06
3.076483905846781016e-06
2.899837341007751616e-06
2.733333526732158349e-06
2.576390083231943602e-06
2.428458069993279497e-06
2.289020065749321625e-06
2.157588358697718203e-06
2.033703240632806040e-06
1.916931399025883943e-06
1.806864401429550681e-06
1.703117266905014049e-06
1.605327119475655290e-06
1.513151918897040333e-06
1.426269264303995363e-06
1.344375266550269506e-06
1.267183485296567872e-06
1.194423927129214481e-06
1.125842101205167076e-06
1.061198129120318055e-06
1.000265905887669000e-06
9.428323090907365955e-07
8.886964534460482991e-07
8.376689881674145708e-07
7.895714346743690489e-07
7.442355623282852416e-07
7.015028000126802627e-07
6.612236814995954374e-07
6.232573226621125362e-07
5.874709287044529338e-07
5.537393296861014868e-07
5.219445427153589615e-07
4.919753592810095215e-07
4.637269562787135507e-07
4.371005293716153004e-07
4.120029474027719284e-07
3.883464266506430237e-07
3.660482237882859563e-07
3.450303464723207627e-07
3.252192805493934364e-07
3.065457329259877782e-07
2.889443892022234828e-07
2.723536852219160150e-07
2.567155917398505952e-07
2.419754114531015642e-07
2.280815876864740152e-07
2.149855240629076123e-07
2.026414145281046749e-07
1.910060831348598675e-07
1.800388330267062256e-07
1.697013040926676375e-07
1.599573387952375868e-07
1.507728557022911892e-07
1.421157302805836344e-07
1.339556825338864778e-07
1.262641710927546173e-07
1.190142933854816902e-07
1.121806915410725181e-07
1.057394636951095580e-07
9.966808038828833550e-08
9.394530576520920036e-08
8.855112329780286723e-08
8.346666577359268071e-08
7.867414930391386450e-08
7.415681112127055033e-08
6.989885094826465521e-08
6.588537573302286291e-08
6.210234755782302088e-08
5.853653453872014796e-08
5.517546454443392590e-08
5.200738157262029490e-08
4.902120463094461667e-08
4.620648897913494874e-08
4.355338959645183002e-08
4.105262674679487998e-08
3.869545352100348627e-08
3.647362524282427772e-08
3.437937063153690475e-08
3.240536462037357603e-08
3.054470273565956702e-08
2.879087694706066581e-08
2.713775290446905521e-08
2.557954848190914122e-08
2.411081355341649674e-08
2.272641093015198876e-08
2.142149839207501128e-08
2.019151175132797110e-08
