5.953033985949996998e-01
1.792671374766872106e-01
-1.255936746260571668e-01
1.982791185924066835e-02
-6.623677566389149507e-02
-3.800570054885001742e-02
-7.214961783002810103e-02
-8.005901687060232308e-02
-1.082797775124305639e-01
-1.350822248933852276e-01
-1.739700072476789983e-01
-2.212187859612773644e-01
-2.827273016536563932e-01
-3.606097901603949607e-01
-4.603159749526303246e-01
-5.874023350412163058e-01
-7.496708254177659736e-01
-9.567170631423198568e-01
-1.220970591397221972e+00
-1.558200692708711754e+00
-1.988579574208486189e+00
-2.537826927641456010e+00
-3.238778508736374739e+00
-4.133333125010304698e+00
-5.274965254128920478e+00
-6.731917485836281578e+00
-8.591281919820490387e+00
-1.096420519195784138e+01
-1.399253299531107331e+01
-1.785728888131129111e+01
-2.278949539729607565e+01
-2.908398379220954411e+01
-3.711701810514919941e+01
-4.736878698711875302e+01
-6.045210782538328687e+01
-7.714905896817178643e+01
-9.845772982597149792e+01
-1.256518834076552622e+02
-1.603570977291566066e+02
-2.046479375775879532e+02
-2.611719652440854134e+02
-3.333080031827644234e+02
-4.253681090229425763e+02
-5.428553363434808716e+02
-6.927926893097186394e+02
-8.841429350107853224e+02
-1.128344368512838855e+03
-1.439994556919810975e+03
-1.837722934436827018e+03
-2.345304409329909504e+03
-2.993080550582527849e+03
-3.819773308163011734e+03
-4.874799685198880979e+03
-6.221225725629101362e+03
-7.939536397104349817e+03
-1.013244672046847882e+04
-1.293104173948698190e+04
-1.650261235823437528e+04
-2.106065544700302416e+04
-2.687763599052592326e+04
-3.430127415820833266e+04
-4.377533088443127053e+04
-5.586613445328456874e+04
-7.129643376065179473e+04
