1.687372445414964395e-01
-7.693813475409284897e-02
-5.001706023287310066e-01
-6.212552494941998571e-01
-1.521822846918767125e+00
-2.608063321880545349e+00
-5.317188936785617770e+00
-9.923482045786267136e+00
-1.935409430652817875e+01
-3.691851638512796541e+01
-7.121070388681413021e+01
-1.365901288072216744e+02
-2.627309841677313216e+02
-5.046515916205539725e+02
-9.700163151081048909e+02
-1.863855630803001986e+03
-3.581977858323551573e+03
-6.883267789708325836e+03
-1.322774894745828351e+04
-2.541952476535071037e+04
-4.884879191047485074e+04
-9.387236495793575887e+04
-1.803943497712808021e+05
-3.466629908835769165e+05
-6.661811517897448502e+05
-1.280197708928274689e+06
-2.460151366862969007e+06
-4.727663668370625935e+06
-9.085133981577385217e+06
-1.745886834572406113e+07
-3.355064306630174443e+07
-6.447414696991929412e+07
