-4.063624739646911621e-01
-3.099546432495117188e-01
-1.507556736469268799e-01
4.482424259185791016e-02
2.429346293210983276e-01
4.078087806701660156e-01
5.076880455017089844e-01
5.202287435531616211e-01
4.365432262420654297e-01
2.632188200950622559e-01
2.195692062377929688e-02
-2.531646788120269775e-01
-5.204462409019470215e-01
-7.366587519645690918e-01
-8.635807037353515625e-01
-8.740025162696838379e-01
-7.562764286994934082e-01
-5.166940093040466309e-01
-1.792844831943511963e-01
2.170052230358123779e-01
6.233881115913391113e-01
9.878836870193481445e-01
1.262590169906616211e+00
1.410542607307434082e+00
1.411153554916381836e+00
1.263425469398498535e+00
9.864408373832702637e-01
6.170229911804199219e-01
2.048621177673339844e-01
-1.942262053489685059e-01
-5.259462594985961914e-01
-7.450410127639770508e-01
-8.215622305870056152e-01
-7.450410127639770508e-01
-5.259462594985961914e-01
-1.942262053489685059e-01
2.048621177673339844e-01
6.170229911804199219e-01
9.864408373832702637e-01
1.263425469398498535e+00
1.411153554916381836e+00
1.410542607307434082e+00
1.262590169906616211e+00
9.878836870193481445e-01
6.233881115913391113e-01
2.170052230358123779e-01
-1.792844831943511963e-01
-5.166940093040466309e-01
-7.562764286994934082e-01
-8.740025162696838379e-01
-8.635807037353515625e-01
-7.366587519645690918e-01
-5.204462409019470215e-01
-2.531646788120269775e-01
2.195692062377929688e-02
2.632188200950622559e-01
4.365432262420654297e-01
5.202287435531616211e-01
5.076880455017089844e-01
4.078087806701660156e-01
2.429346293210983276e-01
4.482424259185791016e-02
-1.507556736469268799e-01
-3.099546432495117188e-01
-4.063624739646911621e-01
-4.252912402153015137e-01
-3.661720752716064453e-01
-2.427163124084472656e-01
-8.083227276802062988e-02
8.537161350250244141e-02
2.188812345266342163e-01
2.855660021305084229e-01
2.595881819725036621e-01
1.276335120201110840e-01
-1.086666882038116455e-01
-4.324593842029571533e-01
-8.135735988616943359e-01
-1.212299704551696777e+00
-1.584485411643981934e+00
-1.887197971343994141e+00
-2.084136486053466797e+00
-2.150046586990356445e+00
-2.073535680770874023e+00
-1.857962369918823242e+00
-1.520348429679870605e+00
-1.088568687438964844e+00
-5.973058938980102539e-01
-8.343613147735595703e-02
4.184590578079223633e-01
8.797895908355712891e-01
1.280358314514160156e+00
1.609226465225219727e+00
1.864015579223632812e+00
2.048911809921264648e+00
2.171818256378173828e+00
2.241260290145874023e+00
2.263623714447021484e+00
2.241260290145874023e+00
2.171818256378173828e+00
2.048911809921264648e+00
1.864015579223632812e+00
1.609226465225219727e+00
1.280358314514160156e+00
8.797895908355712891e-01
4.184590578079223633e-01
-8.343613147735595703e-02
-5.973058938980102539e-01
-1.088568687438964844e+00
-1.520348429679870605e+00
-1.857962369918823242e+00
-2.073535680770874023e+00
-2.150046586990356445e+00
-2.084136486053466797e+00
-1.887197971343994141e+00
-1.584485411643981934e+00
-1.212299704551696777e+00
-8.135735988616943359e-01
-4.324593842029571533e-01
-1.086666882038116455e-01
1.276335120201110840e-01
2.595881819725036621e-01
2.855660021305084229e-01
2.188812345266342163e-01
8.537161350250244141e-02
-8.083227276802062988e-02
-2.427163124084472656e-01
-3.661720752716064453e-01
-4.252912402153015137e-01
