-1.470073912223917589e-01
-1.843882557261624922e-01
-2.193179252558456471e-01
-2.507976214264331372e-01
-2.778876097087221164e-01
-2.997284682809908674e-01
-3.155607713580066975e-01
-3.247427542506006182e-01
-3.267655696528354303e-01
-3.212657954199746868e-01
-3.080349123034525349e-01
-2.870255345015287896e-01
-2.583542450840782823e-01
-2.223009608697305295e-01
-1.793048256130912177e-01
-1.299567047994775459e-01
-7.498842834018856762e-02
-1.525899743839408650e-02
4.826196265619884379e-02
1.145131627805428126e-01
1.823626293803415344e-01
2.506302660077646682e-01
3.181115247807417834e-01
3.836016912546030833e-01
4.459202722229009819e-01
5.039349729391385813e-01
5.565847582075814648e-01
6.029015105657412610e-01
6.420298279768058558e-01
6.732445424461607208e-01
6.959655889399536388e-01
7.097699098898749837e-01
7.144001432203217483e-01
7.097699098898749837e-01
6.959655889399540829e-01
6.732445424461607208e-01
6.420298279768058558e-01
6.029015105657412610e-01
5.565847582075814648e-01
5.039349729391385813e-01
4.459202722229009819e-01
3.836016912546034718e-01
3.181115247807420054e-01
2.506302660077646682e-01
1.823626293803420617e-01
1.145131627805430763e-01
4.826196265619910053e-02
-1.525899743839431895e-02
-7.498842834018840109e-02
-1.299567047994772129e-01
-1.793048256130912177e-01
-2.223009608697304185e-01
-2.583542450840782823e-01
-2.870255345015287340e-01
-3.080349123034524239e-01
-3.212657954199746868e-01
-3.267655696528354303e-01
-3.247427542506006182e-01
-3.155607713580066975e-01
-2.997284682809909229e-01
-2.778876097087222830e-01
-2.507976214264331927e-01
-2.193179252558457859e-01
-1.843882557261624922e-01
-1.470073912223918422e-01
-1.082107651787350411e-01
-6.904744558695616319e-02
-3.055698319651046005e-02
6.253369952227928394e-03
4.043057961018079599e-02
7.109641418742521091e-02
9.746625397761204956e-02
1.188657232170414607e-01
1.347447919921686277e-01
1.446890511093965048e-01
1.484279254784521829e-01
1.458396589720333536e-01
1.369529746397055991e-01
1.219453870284366304e-01
1.011382166096218421e-01
7.498842834018851211e-02
4.407748562824993777e-02
9.097475928456291716e-03
-2.916517655051821534e-02
-6.984804326829664733e-02
-1.120326569846878534e-01
-1.547656635866858088e-01
-1.970806878267967188e-01
-2.380204257871066098e-01
-2.766584726661499571e-01
-3.121204010369998394e-01
-3.436036218949312659e-01
-3.703955882203112671e-01
-3.918899378232168496e-01
-4.076002180971521893e-01
-4.171708889849776725e-01
-4.203853607755381749e-01
-4.171708889849776725e-01
-4.076002180971521893e-01
-3.918899378232168496e-01
-3.703955882203115446e-01
-3.436036218949312659e-01
-3.121204010370000614e-01
-2.766584726661501792e-01
-2.380204257871068318e-01
-1.970806878267971629e-01
-1.547656635866859753e-01
-1.120326569846882420e-01
-6.984804326829693877e-02
-2.916517655051853453e-02
9.097475928456028038e-03
4.407748562824969490e-02
7.498842834018834558e-02
1.011382166096216895e-01
1.219453870284362973e-01
1.369529746397055991e-01
1.458396589720333258e-01
1.484279254784521551e-01
1.446890511093965603e-01
1.347447919921688497e-01
1.188657232170417521e-01
9.746625397761200793e-02
7.109641418742544683e-02
4.043057961018100416e-02
6.253369952228199011e-03
-3.055698319650982514e-02
-6.904744558695623258e-02
-1.082107651787347358e-01
