-8.185996223446643238e-01
-8.499571621880234185e-01
-8.749774085119604861e-01
-8.926882713473290876e-01
-9.021223949208552195e-01
-9.023462214094812861e-01
-8.924910719691868666e-01
-8.717852705370142674e-01
-8.395862459730552008e-01
-7.954114941430935337e-01
-7.389672665562353471e-01
-6.701738777818196935e-01
-5.891865902132192856e-01
-4.964111404527913329e-01
-3.925131138141968457e-01
-2.784205479343725420e-01
-1.553193477612562212e-01
-2.464131566969842563e-02
1.119551652492366545e-01
2.526115175666541202e-01
3.953019127478015204e-01
5.378720345017343751e-01
6.780827212933718817e-01
8.136573699165905449e-01
9.423318384549594917e-01
1.061905482346531260e+00
1.170291895692455952e+00
1.265567914005747641e+00
1.346019465309890917e+00
1.410182933268632866e+00
1.456880816649745336e+00
1.485250630149120621e+00
1.494766187267656754e+00
1.485250630149120621e+00
1.456880816649746002e+00
1.410182933268632866e+00
1.346019465309890917e+00
1.265567914005747641e+00
1.170291895692455952e+00
1.061905482346531260e+00
9.423318384549594917e-01
8.136573699165913220e-01
6.780827212933725479e-01
5.378720345017343751e-01
3.953019127478027417e-01
2.526115175666547308e-01
1.119551652492372096e-01
-2.464131566969891135e-02
-1.553193477612558326e-01
-2.784205479343717649e-01
-3.925131138141968457e-01
-4.964111404527909999e-01
-5.891865902132192856e-01
-6.701738777818195825e-01
-7.389672665562349030e-01
-7.954114941430936447e-01
-8.395862459730550897e-01
-8.717852705370140454e-01
-8.924910719691868666e-01
-9.023462214094812861e-01
-9.021223949208552195e-01
-8.926882713473291986e-01
-8.749774085119605971e-01
-8.499571621880234185e-01
-8.185996223446644349e-01
-7.818554195476072888e-01
-7.406311064469592864e-01
-6.957706512341641503e-01
-6.480413986420433536e-01
-5.981246666875355000e-01
-5.466109611778761090e-01
-4.939996120715242633e-01
-4.407024726849677054e-01
-3.870511803267316364e-01
-3.333073601489052740e-01
-2.796750666546998221e-01
-2.263147019703795337e-01
-1.733576279453534486e-01
-1.209207003027012034e-01
-6.911999602006885235e-02
-1.808307722886318136e-02
3.204076759107131467e-02
8.107274619527125858e-02
1.287995566737794306e-01
1.749713182663872046e-01
2.193024586189359082e-01
2.614754350604704403e-01
3.011470346938341369e-01
3.379568802030628594e-01
3.715376701214071486e-01
4.015266078059046007e-01
4.275774254071179614e-01
4.493723894224171400e-01
4.666336834705717140e-01
4.791336009815634345e-01
4.867030436195782794e-01
4.892379074019100327e-01
4.867030436195782794e-01
4.791336009815634345e-01
4.666336834705717140e-01
4.493723894224173065e-01
4.275774254071179614e-01
4.015266078059048227e-01
3.715376701214073707e-01
3.379568802030630259e-01
3.011470346938345255e-01
2.614754350604706068e-01
2.193024586189362690e-01
1.749713182663875655e-01
1.287995566737797359e-01
8.107274619527163328e-02
3.204076759107161998e-02
-1.808307722886282054e-02
-6.911999602006857479e-02
-1.209207003027002458e-01
-1.733576279453534486e-01
-2.263147019703792562e-01
-2.796750666546993780e-01
-3.333073601489048854e-01
-3.870511803267306372e-01
-4.407024726849669283e-01
-4.939996120715242633e-01
-5.466109611778757760e-01
-5.981246666875351670e-01
-6.480413986420430206e-01
-6.957706512341634841e-01
-7.406311064469593974e-01
-7.818554195476069557e-01
