-9.206973336524730545e-02
1.527936273562513048e+00
4.960052611459812577e-01
-1.607873274886447712e+00
8.290493166010495241e-01
6.601512379188309021e-01
-1.171068869279113578e+00
3.634000319644872246e-01
6.644371782293889694e-01
-7.997822349161353150e-01
7.637910375929957141e-02
5.849954967758993485e-01
-5.082333961353324714e-01
-8.239237029979602778e-02
4.717418543493284155e-01
-2.940219736232142500e-01
-1.548989765161253862e-01
3.548115208761825068e-01
-1.463923821329152219e-01
-1.735956653566234076e-01
2.503406440470187233e-01
-5.156255587398737156e-02
-1.619882414822860772e-01
1.651959361894026479e-01
4.130647962366851451e-03
-1.360355110388949407e-01
1.005756834758829293e-01
3.260900963805394431e-02
-1.058067175321993486e-01
5.458068870171682574e-02
4.342257911786533142e-02
-7.706811393347419437e-02
