-1.948751750171184571e-01
-3.040988438784404946e-01
-4.182602437916074223e-01
1.306756281352458582e-01
-1.995752945942189105e-01
1.476479702198994493e-01
-1.410574949302172143e-01
1.214558617344008162e-01
-1.088855833411706553e-01
9.606901869435345576e-02
-8.529485055199581556e-02
7.554188354552723861e-02
-6.696929773568520428e-02
5.934677500417596951e-02
-5.259979870835675142e-02
4.661709620867293680e-02
-4.131583374310795337e-02
3.661708944214506212e-02
-3.245283913868415859e-02
2.876212388403251788e-02
-2.549115140205676991e-02
2.259216525247719279e-02
-2.002286861363512804e-02
1.774576492616878123e-02
-1.572762540433116085e-02
1.393899899893590207e-02
-1.235378440831853830e-02
1.094884855740425010e-02
-9.703689234793535026e-03
8.600135827955341511e-03
-7.622084186065174877e-03
6.755261602899997539e-03
-5.987018538498941819e-03
5.306144023324256206e-03
-4.702702056999624215e-03
4.167886612139641046e-03
-3.693893128058209612e-03
3.273804618813727207e-03
-2.901490733653275342e-03
2.571518296814624162e-03
-2.279072021204195560e-03
2.019884238922141622e-03
-1.790172623193524160e-03
1.586584992881421869e-03
-1.406150394114488549e-03
1.246235745163201377e-03
-1.104507411883587148e-03
9.788971529989477696e-04
-8.675719382591539968e-04
7.689071990339667057e-04
-6.814631209863500523e-04
6.039636328648058123e-04
-5.352777847982186175e-04
4.744032443467082090e-04
-4.204516694663909234e-04
3.726357449357563223e-04
-3.302576930662555151e-04
2.926990910339239945e-04
-2.594118462363808556e-04
2.299101979786067067e-04
-2.037636287681184434e-04
1.805905817740847486e-04
-1.600528927692768187e-04
1.418508553001944169e-04
