-4.293212534893429272e-02
-8.433287927716537347e-02
-1.252219282183495985e-01
-1.655052311696910972e-01
-2.050931348358346062e-01
-2.439005184156695372e-01
-2.818468999534017860e-01
-3.188565049483392810e-01
-3.548582982646017459e-01
-3.897859807146054623e-01
-4.235779520055309444e-01
-4.561772420330797440e-01
-4.875314127788974994e-01
-5.175924333145353051e-01
-5.463165306334620830e-01
-5.736640192214126355e-01
-5.995991124325541488e-01
-6.240897188631661097e-01
-6.471072270047045771e-01
-6.686262815134932369e-01
-6.886245544544840058e-01
-7.070825148614938715e-01
-7.239831999063546242e-01
-7.393119908851509825e-01
-7.530563971121395639e-01
-7.652058506623580225e-01
-7.757515147239375519e-01
-7.846861081126735860e-01
-7.920037482666574258e-01
-7.976998147801839245e-01
-8.017708352564172358e-01
-8.042143949603060005e-01
-8.050290714400540892e-01
-8.042143949603060005e-01
-8.017708352564172358e-01
-7.976998147801839245e-01
-7.920037482666574258e-01
-7.846861081126735860e-01
-7.757515147239375519e-01
-7.652058506623580225e-01
-7.530563971121395639e-01
-7.393119908851509825e-01
-7.239831999063547352e-01
-7.070825148614938715e-01
-6.886245544544841168e-01
-6.686262815134932369e-01
-6.471072270047046882e-01
-6.240897188631659986e-01
-5.995991124325542598e-01
-5.736640192214128575e-01
-5.463165306334620830e-01
-5.175924333145354161e-01
-4.875314127788974994e-01
-4.561772420330797995e-01
-4.235779520055311109e-01
-3.897859807146054623e-01
-3.548582982646018014e-01
-3.188565049483395586e-01
-2.818468999534018415e-01
-2.439005184156696759e-01
-2.050931348358349116e-01
-1.655052311696911249e-01
-1.252219282183497651e-01
-8.433287927716533183e-02
-4.293212534893439680e-02
-1.117911584506219762e-03
4.100753502102726794e-02
8.333826627947804599e-02
1.257649110416559635e-01
1.681750098778811153e-01
2.104533847149962500e-01
2.524825415887282376e-01
2.941431043346370289e-01
3.353142767221337639e-01
3.758743302372625772e-01
4.157011144440949657e-01
4.546725866043803688e-01
4.926673570130081781e-01
5.295652463151410139e-01
5.652478509114672311e-01
5.995991124325541488e-01
6.325058871731115140e-01
6.638585113230249801e-01
6.935513578150203085e-01
7.214833806290008589e-01
7.475586424504784278e-01
7.716868216746231024e-01
7.937836948776221258e-01
8.137715910421039478e-01
8.315798140219692325e-01
8.471450299623428659e-01
8.604116166504619523e-01
8.713319720608361241e-01
8.798667796703967259e-01
8.859852284537395040e-01
8.896651858219772890e-01
8.908933221379227163e-01
8.896651858219772890e-01
8.859852284537395040e-01
8.798667796703967259e-01
8.713319720608362351e-01
8.604116166504619523e-01
8.471450299623428659e-01
8.315798140219693435e-01
8.137715910421040588e-01
7.937836948776223478e-01
7.716868216746232134e-01
7.475586424504786498e-01
7.214833806290011919e-01
6.935513578150206415e-01
6.638585113230252022e-01
6.325058871731116250e-01
5.995991124325543709e-01
5.652478509114674532e-01
5.295652463151416800e-01
4.926673570130081781e-01
4.546725866043805353e-01
4.157011144440952433e-01
3.758743302372627992e-01
3.353142767221344300e-01
2.941431043346376950e-01
2.524825415887281821e-01
2.104533847149966108e-01
1.681750098778814206e-01
1.257649110416562688e-01
8.333826627947873988e-02
4.100753502102719161e-02
-1.117911584505902741e-03
