0.000000000000000000e+00
7.651758712963152576e-02
1.550963081821521428e-01
2.355225269871976668e-01
3.175621949547109413e-01
4.009618029793000638e-01
4.854495302087169506e-01
5.707365817273366559e-01
6.565187053558798613e-01
7.424778760059509430e-01
8.282841343692771696e-01
9.135975651829548738e-01
9.980703989084392935e-01
1.000000000000000000e+00
1.000000000000000000e+00
1.000000000000000000e+00
1.000000000000000000e+00
1.000000000000000000e+00
1.000000000000000000e+00
1.000000000000000000e+00
1.000000000000000000e+00
1.000000000000000000e+00
1.000000000000000000e+00
1.000000000000000000e+00
1.000000000000000000e+00
1.000000000000000000e+00
1.000000000000000000e+00
1.000000000000000000e+00
1.000000000000000000e+00
1.000000000000000000e+00
1.000000000000000000e+00
1.000000000000000000e+00
1.000000000000000000e+00
1.000000000000000000e+00
1.000000000000000000e+00
1.000000000000000000e+00
1.000000000000000000e+00
1.000000000000000000e+00
1.000000000000000000e+00
1.000000000000000000e+00
1.000000000000000000e+00
1.000000000000000000e+00
1.000000000000000000e+00
1.000000000000000000e+00
1.000000000000000000e+00
1.000000000000000000e+00
1.000000000000000000e+00
1.000000000000000000e+00
1.000000000000000000e+00
1.000000000000000000e+00
1.000000000000000000e+00
1.000000000000000000e+00
9.980703989084392935e-01
9.135975651829549848e-01
8.282841343692779468e-01
7.424778760059507210e-01
6.565187053558800834e-01
5.707365817273368780e-01
4.854495302087170616e-01
4.009618029793005078e-01
3.175621949547116074e-01
2.355225269871976668e-01
1.550963081821519207e-01
7.651758712963152576e-02
2.220446049250313081e-16
-7.426397846583876472e-02
-1.461035770103640274e-01
-2.153700608969413288e-01
-2.819368558833117433e-01
-3.456994650892217802e-01
-4.065751826957244575e-01
-4.645026103475002888e-01
-5.194409839994007516e-01
-5.713693207362116055e-01
-6.202853967833941162e-01
-6.662045694999716439e-01
-7.091584575879674723e-01
-7.491934950518519543e-01
-7.863693755842415811e-01
-8.207574050295556312e-01
-8.524387803764295057e-01
-8.815028143448313536e-01
-9.080451250593615242e-01
-9.321658105322834231e-01
-9.539676277164139684e-01
-9.735541957290627657e-01
-9.910282424955010327e-01
-1.000000000000000000e+00
-1.000000000000000000e+00
-1.000000000000000000e+00
-1.000000000000000000e+00
-1.000000000000000000e+00
-1.000000000000000000e+00
-1.000000000000000000e+00
-1.000000000000000000e+00
-1.000000000000000000e+00
-1.000000000000000000e+00
-1.000000000000000000e+00
-1.000000000000000000e+00
-1.000000000000000000e+00
-1.000000000000000000e+00
-1.000000000000000000e+00
-1.000000000000000000e+00
-1.000000000000000000e+00
-1.000000000000000000e+00
-1.000000000000000000e+00
-9.910282424955005887e-01
-9.735541957290636539e-01
-9.539676277164135243e-01
-9.321658105322834231e-01
-9.080451250593619683e-01
-8.815028143448317977e-01
-8.524387803764299498e-01
-8.207574050295560752e-01
-7.863693755842424693e-01
-7.491934950518519543e-01
-7.091584575879679164e-01
-6.662045694999720880e-01
-6.202853967833945603e-01
-5.713693207362124937e-01
-5.194409839994016398e-01
-4.645026103475002888e-01
-4.065751826957249015e-01
-3.456994650892226684e-01
-2.819368558833119653e-01
-2.153700608969422170e-01
-1.461035770103640274e-01
-7.426397846583943085e-02
