-6.561727497687664945e-01
-5.055799146047235126e-01
-3.513692050124448962e-01
-1.962460489678855280e-01
-4.286365452576119256e-02
1.062313686072916680e-01
2.486503891897618446e-01
3.822100511826805325e-01
5.049744969081896295e-01
6.152916424328825906e-01
7.118227655437481260e-01
7.935648168409287218e-01
8.598650269173266913e-01
9.104275537660465600e-01
9.453120907045642340e-01
9.649245323787624118e-01
9.699999709413296145e-01
9.615784624836628547e-01
9.409741615824882555e-01
9.097385659734200658e-01
8.696187407567743666e-01
8.225114994187119333e-01
7.704146049848876743e-01
7.153761169653731766e-01
6.594430470691573509e-01
6.046104981823935409e-01
5.527724465998031800e-01
5.056752873251711966e-01
4.648751973277291394e-01
4.317002834101979492e-01
4.072183717740391895e-01
3.922111678866905815e-01
3.871553707055922500e-01
3.922111678866905815e-01
4.072183717740388009e-01
4.317002834101979492e-01
4.648751973277291394e-01
5.056752873251711966e-01
5.527724465998031800e-01
6.046104981823935409e-01
6.594430470691573509e-01
7.153761169653729546e-01
7.704146049848875633e-01
8.225114994187119333e-01
8.696187407567740335e-01
9.097385659734198438e-01
9.409741615824881444e-01
9.615784624836629657e-01
9.699999709413296145e-01
9.649245323787625228e-01
9.453120907045642340e-01
9.104275537660465600e-01
8.598650269173266913e-01
7.935648168409289438e-01
7.118227655437485701e-01
6.152916424328824796e-01
5.049744969081898516e-01
3.822100511826812541e-01
2.486503891897620111e-01
1.062313686072922508e-01
-4.286365452576013091e-02
-1.962460489678853892e-01
-3.513692050124441746e-01
-5.055799146047237347e-01
-6.561727497687660504e-01
-8.004462826520231111e-01
-9.357599437373917972e-01
-1.059590293956214069e+00
-1.169585492080266187e+00
-1.263616770821306190e+00
-1.339825792897224144e+00
-1.396666840748736371e+00
-1.432942898890826156e+00
-1.447834813841878177e+00
-1.440922860524041837e+00
-1.412200202911205738e+00
-1.362077907129228604e+00
-1.291381343545645599e+00
-1.201337996805758923e+00
-1.093556885367800158e+00
-9.699999709413298365e-01
-8.329461094946261079e-01
-6.849482554812956758e-01
-5.287847761938201385e-01
-3.674058605448729531e-01
-2.038761133484356669e-01
-4.131451000459458039e-02
1.171670544436206191e-01
2.685253549134776763e-01
4.098462913836625754e-01
5.384029571076588416e-01
6.517101148888434503e-01
7.475739492782967899e-01
8.241360595139013423e-01
8.799107769757984476e-01
9.138150293700567639e-01
9.251901288319406280e-01
9.138150293700567639e-01
8.799107769757984476e-01
8.241360595139013423e-01
7.475739492782979001e-01
6.517101148888434503e-01
5.384029571076596188e-01
4.098462913836632415e-01
2.685253549134782869e-01
1.171670544436222289e-01
-4.131451000459392120e-02
-2.038761133484341959e-01
-3.674058605448716208e-01
-5.287847761938190283e-01
-6.849482554812945656e-01
-8.329461094946251087e-01
-9.699999709413290594e-01
-1.093556885367799270e+00
-1.201337996805757147e+00
-1.291381343545645599e+00
-1.362077907129228382e+00
-1.412200202911205293e+00
-1.440922860524041615e+00
-1.447834813841878177e+00
-1.432942898890826600e+00
-1.396666840748736371e+00
-1.339825792897224810e+00
-1.263616770821306856e+00
-1.169585492080266853e+00
-1.059590293956216067e+00
-9.357599437373917972e-01
-8.004462826520241103e-01
