-3.746957662514053267e-01
-3.697300824443698897e-01
-4.107781161903613087e-01
-4.857633503547098552e-01
-5.764464327436604751e-01
-6.612494988046155875e-01
-7.185957696044448229e-01
-7.302497134744725393e-01
-6.841433027051964100e-01
-5.762530687335299939e-01
-4.112386490876869805e-01
-2.017439925720136140e-01
3.353180394914049428e-02
2.726974291869816991e-01
4.940250907635369004e-01
6.792811380797870724e-01
8.165160577367129857e-01
9.018798399715970415e-01
9.401770503017634617e-01
9.440685653947128442e-01
9.320345097108208021e-01
9.254037830827925859e-01
9.449005086985672319e-01
1.007234504582538825e+00
1.122259578051599149e+00
1.291140319887126298e+00
1.505817540171448865e+00
1.749867227126808089e+00
2.000637453684903644e+00
2.232353897429992795e+00
2.419736991816430649e+00
2.541594653690520733e+00
2.583856129601842078e+00
2.541594653690520733e+00
2.419736991816434202e+00
2.232353897429992795e+00
2.000637453684903644e+00
1.749867227126808089e+00
1.505817540171448865e+00
1.291140319887126298e+00
1.122259578051599149e+00
1.007234504582539270e+00
9.449005086985673429e-01
9.254037830827925859e-01
9.320345097108208021e-01
9.440685653947128442e-01
9.401770503017637948e-01
9.018798399715965974e-01
8.165160577367132078e-01
6.792811380797880716e-01
4.940250907635369004e-01
2.726974291869823097e-01
3.353180394914049428e-02
-2.017439925720129756e-01
-4.112386490876859257e-01
-5.762530687335301050e-01
-6.841433027051964100e-01
-7.302497134744723173e-01
-7.185957696044449339e-01
-6.612494988046158095e-01
-5.764464327436612523e-01
-4.857633503547101328e-01
-4.107781161903616973e-01
-3.697300824443699452e-01
-3.746957662514053267e-01
-4.297157864597039301e-01
-5.301633796269433763e-01
-6.634544837995085542e-01
-8.109934878479383435e-01
-9.510587940543888674e-01
-1.062187416008303353e+00
-1.126540157519278162e+00
-1.132730459899965902e+00
-1.077680643232001634e+00
-9.672168002729089054e-01
-8.153055995785648546e-01
-6.420434726994931340e-01
-4.706994948066002271e-01
-3.242585728407650913e-01
-2.219890890680652207e-01
-1.765569718537458588e-01
-1.921264730410342514e-01
-2.637390313994035229e-01
-3.780680557206331782e-01
-5.154386577264451486e-01
-6.528090513079410906e-01
-7.672637863136453351e-01
-8.394905480815557652e-01
-8.567139381167238055e-01
-8.146412949172997520e-01
-7.181248983541373976e-01
-5.804392153079906969e-01
-4.212817163273321341e-01
-2.637993659143225145e-01
-1.310907620531469864e-01
-4.271359924025747851e-02
-1.172652352439290668e-02
-4.271359924025747851e-02
-1.310907620531469864e-01
-2.637993659143225145e-01
-4.212817163273302468e-01
-5.804392153079906969e-01
-7.181248983541367314e-01
-8.146412949172994189e-01
-8.567139381167236944e-01
-8.394905480815564314e-01
-7.672637863136457792e-01
-6.528090513079423118e-01
-5.154386577264462588e-01
-3.780680557206342884e-01
-2.637390313994040780e-01
-1.921264730410345567e-01
-1.765569718537458588e-01
-2.219890890680648599e-01
-3.242585728407629819e-01
-4.706994948066002271e-01
-6.420434726994920238e-01
-8.153055995785634114e-01
-9.672168002729079062e-01
-1.077680643231999857e+00
-1.132730459899965458e+00
-1.126540157519278162e+00
-1.062187416008304019e+00
-9.510587940543897556e-01
-8.109934878479392317e-01
-6.634544837995108857e-01
-5.301633796269431542e-01
-4.297157864597044297e-01
