2.693143414944643155e-07
1.329976385022746399e-06
2.732465873123146594e-06
4.807245204574428499e-06
7.842285413062199950e-06
1.206481101689860225e-05
1.762673673511017114e-05
2.459461393300443888e-05
3.294469934189692140e-05
4.256350075593218207e-05
5.325365418684668839e-05
6.474490510299801826e-05
7.670943159610033035e-05
8.878068911144509912e-05
1.005745143629610538e-04
1.117114734370261431e-04
1.218386460095643997e-04
1.306502381339669228e-04
1.379050372634083033e-04
1.434402511222288013e-04
1.471805735491216183e-04
1.491420989623293281e-04
1.494306343374773860e-04
1.482349471189081669e-04
1.458148617530241609e-04
1.424850634066388011e-04
1.385960349580273032e-04
1.345124182989820838e-04
1.305909536313265562e-04
1.271586515940725803e-04
1.244931045221164823e-04
1.228055625688284636e-04
1.222280698129907250e-04
1.228055625688284636e-04
1.244931045221164823e-04
1.271586515940725803e-04
1.305909536313265562e-04
1.345124182989820838e-04
1.385960349580273032e-04
1.424850634066388011e-04
1.458148617530241609e-04
1.482349471189081669e-04
1.494306343374773860e-04
1.491420989623293281e-04
1.471805735491216183e-04
1.434402511222288013e-04
1.379050372634083033e-04
1.306502381339669228e-04
1.218386460095643997e-04
1.117114734370261431e-04
1.005745143629610538e-04
8.878068911144509912e-05
7.670943159610033035e-05
6.474490510299801826e-05
5.325365418684668839e-05
4.256350075593218207e-05
3.294469934189692140e-05
2.459461393300443888e-05
1.762673673511017114e-05
1.206481101689860225e-05
7.842285413062199950e-06
4.807245204574428499e-06
2.732465873123146594e-06
1.329976385022746399e-06
2.693143414944643155e-07
-8.016972969926428050e-07
-2.234837666037492454e-06
-4.359391823527403176e-06
-7.461418135790154338e-06
-1.176556543214246631e-05
-1.742060885590035468e-05
-2.448953455314040184e-05
-3.294469934189692140e-05
-4.266858013579621911e-05
-5.345978206605650485e-05
-6.504415068775415421e-05
-7.709029887337237597e-05
-8.922853885451331735e-05
-1.010721462080255151e-04
-1.122397516155615449e-04
-1.223772705998271704e-04
-1.311785163125023246e-04
-1.384026691084727645e-04
-1.438881008652970195e-04
-1.475614553783088923e-04
-1.494413445470854640e-04
-1.496367476647719741e-04
-1.483400410506874323e-04
-1.458148617530241609e-04
-1.423799694748595357e-04
-1.383899216307327151e-04
-1.342131727142259479e-04
-1.302100718021392822e-04
-1.267108018510043621e-04
-1.239954872289672494e-04
-1.222772698383778334e-04
-1.216894379467703402e-04
-1.222772698383778334e-04
-1.239954872289672494e-04
-1.267108018510043621e-04
-1.302100718021392822e-04
-1.342131727142259479e-04
-1.383899216307327151e-04
-1.423799694748595357e-04
-1.458148617530241609e-04
-1.483400410506874323e-04
-1.496367476647719741e-04
-1.494413445470854640e-04
-1.475614553783088923e-04
-1.438881008652970195e-04
-1.384026691084727645e-04
-1.311785163125023246e-04
-1.223772705998271704e-04
-1.122397516155615449e-04
-1.010721462080255151e-04
-8.922853885451331735e-05
-7.709029887337237597e-05
-6.504415068775415421e-05
-5.345978206605650485e-05
-4.266858013579621911e-05
-3.294469934189692140e-05
-2.448953455314040184e-05
-1.742060885590035468e-05
-1.176556543214246631e-05
-7.461418135790154338e-06
-4.359391823527403176e-06
-2.234837666037492454e-06
-8.016972969926428050e-07
