-2.721766710281372070e+00
-2.547247886657714844e+00
-2.372245311737060547e+00
-2.197190284729003906e+00
-2.022520303726196289e+00
-1.848679542541503906e+00
-1.676114439964294434e+00
-1.505275726318359375e+00
-1.336614608764648438e+00
-1.170581936836242676e+00
-1.007627487182617188e+00
-8.481973409652709961e-01
-6.927330493927001953e-01
-5.416692495346069336e-01
-3.954331278800964355e-01
-2.544412016868591309e-01
-1.190997958183288574e-01
1.019874215126037598e-02
1.330759823322296143e-01
2.491700053215026855e-01
3.581361174583435059e-01
4.596492648124694824e-01
5.534043312072753906e-01
6.391180753707885742e-01
7.165300846099853516e-01
7.854052782058715820e-01
8.455322980880737305e-01
8.967262506484985352e-01
9.388297796249389648e-01
9.717130661010742188e-01
9.952741265296936035e-01
1.009440064430236816e+00
1.014167070388793945e+00
1.009440064430236816e+00
9.952741265296936035e-01
9.717130661010742188e-01
9.388297796249389648e-01
8.967262506484985352e-01
8.455322980880737305e-01
7.854052782058715820e-01
7.165300846099853516e-01
6.391180753707885742e-01
5.534043312072753906e-01
4.596492648124694824e-01
3.581361174583435059e-01
2.491700053215026855e-01
1.330759823322296143e-01
1.019874215126037598e-02
-1.190997958183288574e-01
-2.544412016868591309e-01
-3.954331278800964355e-01
-5.416692495346069336e-01
-6.927330493927001953e-01
-8.481973409652709961e-01
-1.007627487182617188e+00
-1.170581936836242676e+00
-1.336614608764648438e+00
-1.505275726318359375e+00
-1.676114439964294434e+00
-1.848679542541503906e+00
-2.022520303726196289e+00
-2.197190284729003906e+00
-2.372245311737060547e+00
-2.547247886657714844e+00
-2.721766710281372070e+00
-2.895377874374389648e+00
-3.067666292190551758e+00
-3.238226890563964844e+00
-3.406665325164794922e+00
-3.572597742080688477e+00
-3.735652923583984375e+00
-3.895473003387451172e+00
-4.051712036132812500e+00
-4.204039096832275391e+00
-4.352136611938476562e+00
-4.495701313018798828e+00
-4.634443759918212891e+00
-4.768092155456542969e+00
-4.896385192871093750e+00
-5.019079685211181641e+00
-5.135946273803710938e+00
-5.246769428253173828e+00
-5.351349353790283203e+00
-5.449501037597656250e+00
-5.541050910949707031e+00
-5.625843048095703125e+00
-5.703732013702392578e+00
-5.774588584899902344e+00
-5.838295459747314453e+00
-5.894748210906982422e+00
-5.943856239318847656e+00
-5.985540390014648438e+00
-6.019735813140869141e+00
-6.046387672424316406e+00
-6.065454006195068359e+00
-6.076905727386474609e+00
-6.080725193023681641e+00
-6.076905727386474609e+00
-6.065454006195068359e+00
-6.046387672424316406e+00
-6.019735813140869141e+00
-5.985540390014648438e+00
-5.943856239318847656e+00
-5.894748210906982422e+00
-5.838295459747314453e+00
-5.774588584899902344e+00
-5.703732013702392578e+00
-5.625843048095703125e+00
-5.541050910949707031e+00
-5.449501037597656250e+00
-5.351349353790283203e+00
-5.246769428253173828e+00
-5.135946273803710938e+00
-5.019079685211181641e+00
-4.896385192871093750e+00
-4.768092155456542969e+00
-4.634443759918212891e+00
-4.495701313018798828e+00
-4.352136611938476562e+00
-4.204039096832275391e+00
-4.051712036132812500e+00
-3.895473003387451172e+00
-3.735652923583984375e+00
-3.572597742080688477e+00
-3.406665325164794922e+00
-3.238226890563964844e+00
-3.067666292190551758e+00
-2.895377874374389648e+00
