1.070065430147034480e+00
1.016929721866365544e+00
9.369341145586090880e-01
8.322466484087528427e-01
7.058872635375414983e-01
5.616270150469269140e-01
4.038587706750889073e-01
2.374440783022730983e-01
6.754181824193251915e-02
-1.005750276163030060e-01
-2.617076792272823305e-01
-4.109179028642751530e-01
-5.437054109626741072e-01
-6.561696432043160332e-01
-7.451498208073424889e-01
-8.083379656815206094e-01
-8.443605795016511095e-01
-8.528258471049158240e-01
-8.343345197924907364e-01
-7.904539982487928107e-01
-7.236565201582678686e-01
-6.372237115848130573e-01
-5.351210322865254110e-01
-4.218467849584033869e-01
-3.022613234551021488e-01
-1.814028484731717294e-01
-6.429669210986668770e-02
4.423475457264733346e-02
1.397543342177771930e-01
2.183777863603361957e-01
2.769204774568125305e-01
3.130176786276310241e-01
3.252138654130972695e-01
3.130176786276310241e-01
2.769204774568136962e-01
2.183777863603361957e-01
1.397543342177771930e-01
4.423475457264733346e-02
-6.429669210986668770e-02
-1.814028484731717294e-01
-3.022613234551021488e-01
-4.218467849584027207e-01
-5.351210322865249669e-01
-6.372237115848130573e-01
-7.236565201582673135e-01
-7.904539982487924776e-01
-8.343345197924906254e-01
-8.528258471049158240e-01
-8.443605795016512205e-01
-8.083379656815208314e-01
-7.451498208073424889e-01
-6.561696432043162552e-01
-5.437054109626741072e-01
-4.109179028642755971e-01
-2.617076792272831076e-01
-1.005750276163028117e-01
6.754181824193211670e-02
2.374440783022720713e-01
4.038587706750887407e-01
5.616270150469263589e-01
7.058872635375406102e-01
8.322466484087527316e-01
9.369341145586086439e-01
1.016929721866365544e+00
1.070065430147034258e+00
1.095093781691143242e+00
1.091722130478167463e+00
1.060611385588255517e+00
1.003339588411520822e+00
9.223319771198247308e-01
8.207604565037663891e-01
7.024165384542278012e-01
5.715628044822611553e-01
4.327687294212306801e-01
2.907372652595257012e-01
1.501288951729171650e-01
1.538991915007278770e-02
-1.094084769450938965e-01
-2.207142784749343556e-01
-3.156164295594887093e-01
-3.919398555605229095e-01
-4.483102953842552640e-01
-4.841867169027154194e-01
-4.998603684630253396e-01
-4.964208304618145107e-01
-4.756907223032834642e-01
-4.401319415938114710e-01
-3.927274168164420209e-01
-3.368432992690921779e-01
-2.760772683134109506e-01
-2.140991472208942925e-01
-1.544903051599437471e-01
-1.005883437341557052e-01
-5.534333349611632313e-02
-2.119138651610579308e-02
4.935554504121668600e-05
7.256144417182475159e-03
4.935554504121668600e-05
-2.119138651610579308e-02
-5.534333349611632313e-02
-1.005883437341551223e-01
-1.544903051599437471e-01
-2.140991472208939317e-01
-2.760772683134106176e-01
-3.368432992690918448e-01
-3.927274168164414658e-01
-4.401319415938113044e-01
-4.756907223032832421e-01
-4.964208304618144552e-01
-4.998603684630253952e-01
-4.841867169027155859e-01
-4.483102953842554861e-01
-3.919398555605233536e-01
-3.156164295594892644e-01
-2.207142784749361597e-01
-1.094084769450938965e-01
1.538991915007196024e-02
1.501288951729161381e-01
2.907372652595247020e-01
4.327687294212283486e-01
5.715628044822590459e-01
7.024165384542281343e-01
8.207604565037655009e-01
9.223319771198240646e-01
1.003339588411520378e+00
1.060611385588254629e+00
1.091722130478167685e+00
1.095093781691143242e+00
