-8.042570855985915756e-02
-6.940188767143476434e-02
-5.768531395702373998e-02
-4.518644479358888133e-02
-3.183760154870585862e-02
-1.760080112426488583e-02
-2.472691424663735985e-03
1.351327177499292431e-02
3.028719232108397635e-02
4.774538193991027801e-02
6.575495941316372717e-02
8.415997971130947941e-02
1.027885760331986309e-01
1.214605290638771373e-01
1.399946654517919831e-01
1.582155449306268113e-01
1.759590162530050850e-01
1.930763833796426410e-01
2.094370946552910895e-01
2.249300203833530520e-01
2.394634986007339872e-01
2.529643969124265590e-01
2.653764623270510326e-01
2.766582203293533881e-01
2.867806509119780189e-01
2.957248244965042239e-01
3.034796337755966134e-01
3.100397146589745079e-01
3.154036140449663628e-01
3.195722352255739862e-01
3.225475730812207287e-01
3.243317397442769812e-01
3.249262756861802104e-01
3.243317397442769812e-01
3.225475730812207287e-01
3.195722352255739862e-01
3.154036140449663628e-01
3.100397146589745079e-01
3.034796337755966134e-01
2.957248244965042239e-01
2.867806509119780189e-01
2.766582203293534992e-01
2.653764623270508660e-01
2.529643969124265590e-01
2.394634986007342092e-01
2.249300203833530520e-01
2.094370946552910895e-01
1.930763833796426410e-01
1.759590162530051960e-01
1.582155449306269501e-01
1.399946654517919831e-01
1.214605290638771373e-01
1.027885760331986309e-01
8.415997971130957656e-02
6.575495941316396309e-02
4.774538193991017393e-02
3.028719232108408738e-02
1.351327177499259298e-02
-2.472691424663735985e-03
-1.760080112426488583e-02
-3.183760154870541453e-02
-4.518644479358888133e-02
-5.768531395702373998e-02
-6.940188767143455617e-02
-8.042570855985915756e-02
-9.085749836711072558e-02
-1.007960294219146791e-01
-1.103235573419962118e-01
-1.194915780535890787e-01
-1.283093689450098829e-01
-1.367380436476381689e-01
-1.446923227312400806e-01
-1.520507635273695701e-01
-1.586731084241112255e-01
-1.644214325222547457e-01
-1.691807237779398565e-01
-1.728748649474357302e-01
-1.754755173336886853e-01
-1.770034329725597988e-01
-1.775234585910331619e-01
-1.771354578827381288e-01
-1.759635141236221278e-01
-1.741453321872807325e-01
-1.718230747738745678e-01
-1.691362078311080541e-01
-1.662164333436589314e-01
-1.631844848231959466e-01
-1.601484213592015704e-01
-1.572030285069755118e-01
-1.544299702529526308e-01
-1.518984000544013890e-01
-1.496658080897453336e-01
-1.477789444515576756e-01
-1.462747091168160873e-01
-1.451809382641192914e-01
-1.445170440764532716e-01
-1.442944836294076383e-01
-1.445170440764532716e-01
-1.451809382641192914e-01
-1.462747091168160873e-01
-1.477789444515574535e-01
-1.496658080897453336e-01
-1.518984000544013890e-01
-1.544299702529526308e-01
-1.572030285069755118e-01
-1.601484213592015704e-01
-1.631844848231957246e-01
-1.662164333436589314e-01
-1.691362078311080541e-01
-1.718230747738744013e-01
-1.741453321872807325e-01
-1.759635141236221278e-01
-1.771354578827381288e-01
-1.775234585910331619e-01
-1.770034329725597988e-01
-1.754755173336886853e-01
-1.728748649474357302e-01
-1.691807237779398565e-01
-1.644214325222547457e-01
-1.586731084241112255e-01
-1.520507635273693203e-01
-1.446923227312400806e-01
-1.367380436476379746e-01
-1.283093689450098829e-01
-1.194915780535890787e-01
-1.103235573419964061e-01
-1.007960294219146791e-01
-9.085749836711072558e-02
