-1.538588129958888828e-01
-1.419375224652008327e-01
-1.275493380971449986e-01
-1.106356930642572317e-01
-9.121400307142439601e-02
-6.939684961520918571e-02
-4.540586980525403160e-02
-1.957559737155926613e-02
7.656363859694565767e-03
3.577382985654425918e-02
6.421865233840455545e-02
9.243366024150094507e-02
1.199044152365834337e-01
1.461928042230647706e-01
1.709579759110368413e-01
1.939634752254134065e-01
2.150723897538590612e-01
2.342340883440071353e-01
2.514665558024348768e-01
2.668377574569563704e-01
2.804484239910807197e-01
2.924175681866456600e-01
3.028711813711724155e-01
3.119339867724204018e-01
3.197238211809121933e-01
3.263481035434069866e-01
3.319018551172767117e-01
3.364668022643260148e-01
3.401111811743965374e-01
3.428899516812720094e-01
3.448452043683480350e-01
3.460066079920208759e-01
3.463917934021487066e-01
3.460066079920208759e-01
3.448452043683481461e-01
3.428899516812720094e-01
3.401111811743965374e-01
3.364668022643260148e-01
3.319018551172767117e-01
3.263481035434069866e-01
3.197238211809121933e-01
3.119339867724204018e-01
3.028711813711724155e-01
2.924175681866456600e-01
2.804484239910808308e-01
2.668377574569563704e-01
2.514665558024348768e-01
2.342340883440069133e-01
2.150723897538590612e-01
1.939634752254136285e-01
1.709579759110368413e-01
1.461928042230646319e-01
1.199044152365834337e-01
9.243366024150084792e-02
6.421865233840477749e-02
3.577382985654425918e-02
7.656363859694676789e-03
-1.957559737155904409e-02
-4.540586980525380956e-02
-6.939684961520918571e-02
-9.121400307142418784e-02
-1.106356930642572317e-01
-1.275493380971447765e-01
-1.419375224652010548e-01
-1.538588129958891049e-01
-1.634277755776026020e-01
-1.707974998677562750e-01
-1.761463683388986567e-01
-1.796692593002892080e-01
-1.815721382386927818e-01
-1.820682909396978133e-01
-1.813744466343436001e-01
-1.797057161404217729e-01
-1.772693258583899756e-01
-1.742580477349713330e-01
-1.708445778311318275e-01
-1.671778380349230042e-01
-1.633815595936356502e-01
-1.595549315965146542e-01
-1.557747731042494754e-01
-1.520986147231241647e-01
-1.485681525609709452e-01
-1.452126691697121774e-01
-1.420521501330253844e-01
-1.390999416779571674e-01
-1.363648880701645583e-01
-1.338529559519488488e-01
-1.315683970121691582e-01
-1.295145236391813393e-01
-1.276941793899983024e-01
-1.261099825472550562e-01
-1.247644114509882524e-01
-1.236597882457659003e-01
-1.227982055058362137e-01
-1.221814291899874366e-01
-1.218108020843368666e-01
-1.216871643802761027e-01
-1.218108020843368666e-01
-1.221814291899874366e-01
-1.227982055058362137e-01
-1.236597882457659003e-01
-1.247644114509882524e-01
-1.261099825472550562e-01
-1.276941793899983024e-01
-1.295145236391813393e-01
-1.315683970121691582e-01
-1.338529559519488488e-01
-1.363648880701643362e-01
-1.390999416779569453e-01
-1.420521501330249681e-01
-1.452126691697119831e-01
-1.485681525609709452e-01
-1.520986147231241647e-01
-1.557747731042496697e-01
-1.595549315965146542e-01
-1.633815595936356502e-01
-1.671778380349230042e-01
-1.708445778311316054e-01
-1.742580477349713330e-01
-1.772693258583895315e-01
-1.797057161404215786e-01
-1.813744466343436001e-01
-1.820682909396980631e-01
-1.815721382386930038e-01
-1.796692593002894023e-01
-1.761463683388988788e-01
-1.707974998677562750e-01
-1.634277755776026020e-01
