3.835159327704825392e-03
3.389559532497520358e-03
3.608979983318651337e-03
-2.325980749371328181e-05
-9.985821393559102900e-06
1.031086173969914390e-07
2.748199495527687139e-08
-3.929028420880042437e-10
-7.521599569295690457e-11
1.384378984832288024e-12
2.046786090675748440e-13
-4.647113335647214702e-15
-5.536096529319552842e-16
1.508929630065045319e-17
1.487755839251807677e-18
-4.781081705831390859e-20
-3.970398587745244657e-21
1.486469310117393852e-22
1.051537842565266238e-23
-4.551610291566580214e-25
-2.761435314487185708e-26
1.376190385567775839e-27
7.182625031994374027e-29
-4.116342742896582079e-30
-1.847712274941501455e-31
1.219749289377786171e-32
4.691705959019354870e-34
-3.584394321804100609e-35
-1.172690026304985357e-36
1.045444815500964148e-37
2.873967992327875314e-39
-3.028315471972698040e-40
