1.102611904002515075e-07
9.813634306192398071e-02
1.960361748933792114e-01
2.934637963771820068e-01
3.901845514774322510e-01
4.859653711318969727e-01
5.805755853652954102e-01
6.737871766090393066e-01
7.653756737709045410e-01
8.551202416419982910e-01
9.428049325942993164e-01
1.028218150138854980e+00
1.111154317855834961e+00
1.191413521766662598e+00
1.268802404403686523e+00
1.343134522438049316e+00
1.414230823516845703e+00
1.481920123100280762e+00
1.546039223670959473e+00
1.606433749198913574e+00
1.662958383560180664e+00
1.715476751327514648e+00
1.763862490653991699e+00
1.807999014854431152e+00
1.847779989242553711e+00
1.883109569549560547e+00
1.913902759552001953e+00
1.940085172653198242e+00
1.961593627929687500e+00
1.978376746177673340e+00
1.990393400192260742e+00
1.997615098953247070e+00
2.000024318695068359e+00
1.997615098953247070e+00
1.990393400192260742e+00
1.978376746177673340e+00
1.961593627929687500e+00
1.940085172653198242e+00
1.913902759552001953e+00
1.883109569549560547e+00
1.847779989242553711e+00
1.807999014854431152e+00
1.763862490653991699e+00
1.715476751327514648e+00
1.662958383560180664e+00
1.606433749198913574e+00
1.546039223670959473e+00
1.481920123100280762e+00
1.414230823516845703e+00
1.343134522438049316e+00
1.268802404403686523e+00
1.191413521766662598e+00
1.111154317855834961e+00
1.028218150138854980e+00
9.428049325942993164e-01
8.551202416419982910e-01
7.653756737709045410e-01
6.737871766090393066e-01
5.805755853652954102e-01
4.859653711318969727e-01
3.901845514774322510e-01
2.934637963771820068e-01
1.960361748933792114e-01
9.813634306192398071e-02
1.102611904002515075e-07
-9.813611954450607300e-02
-1.960359662771224976e-01
-2.934635579586029053e-01
-3.901843726634979248e-01
-4.859651923179626465e-01
-5.805753469467163086e-01
-6.737870573997497559e-01
-7.653755545616149902e-01
-8.551201224327087402e-01
-9.428048133850097656e-01
-1.028218150138854980e+00
-1.111154317855834961e+00
-1.191413521766662598e+00
-1.268802404403686523e+00
-1.343134522438049316e+00
-1.414230823516845703e+00
-1.481920123100280762e+00
-1.546039223670959473e+00
-1.606433749198913574e+00
-1.662958383560180664e+00
-1.715476751327514648e+00
-1.763862729072570801e+00
-1.807999253273010254e+00
-1.847780227661132812e+00
-1.883109807968139648e+00
-1.913902997970581055e+00
-1.940085411071777344e+00
-1.961593866348266602e+00
-1.978376984596252441e+00
-1.990393638610839844e+00
-1.997615337371826172e+00
-2.000024318695068359e+00
-1.997615337371826172e+00
-1.990393638610839844e+00
-1.978376984596252441e+00
-1.961593866348266602e+00
-1.940085411071777344e+00
-1.913902997970581055e+00
-1.883109807968139648e+00
-1.847780227661132812e+00
-1.807999253273010254e+00
-1.763862729072570801e+00
-1.715476751327514648e+00
-1.662958383560180664e+00
-1.606433749198913574e+00
-1.546039223670959473e+00
-1.481920123100280762e+00
-1.414230823516845703e+00
-1.343134522438049316e+00
-1.268802404403686523e+00
-1.191413521766662598e+00
-1.111154317855834961e+00
-1.028218150138854980e+00
-9.428048133850097656e-01
-8.551201224327087402e-01
-7.653755545616149902e-01
-6.737870573997497559e-01
-5.805753469467163086e-01
-4.859651923179626465e-01
-3.901843726634979248e-01
-2.934635579586029053e-01
-1.960359662771224976e-01
-9.813611954450607300e-02
