-1.215882587432861328e+01
-1.104636955261230469e+01
-9.927085876464843750e+00
-8.803780555725097656e+00
-7.679325580596923828e+00
-6.556667327880859375e+00
-5.438812255859375000e+00
-4.328811645507812500e+00
-3.229760408401489258e+00
-2.144776105880737305e+00
-1.076992154121398926e+00
-2.954590320587158203e-02
9.944375157356262207e-01
1.991856932640075684e+00
2.959648132324218750e+00
3.894799947738647461e+00
4.794363975524902344e+00
5.655472755432128906e+00
6.475348949432373047e+00
7.251325607299804688e+00
7.980850696563720703e+00
8.661506652832031250e+00
9.291021347045898438e+00
9.867271423339843750e+00
1.038830661773681641e+01
1.085235214233398438e+01
1.125782299041748047e+01
1.160331630706787109e+01
1.188764190673828125e+01
1.210981750488281250e+01
1.226907062530517578e+01
1.236484241485595703e+01
1.239680385589599609e+01
1.236484241485595703e+01
1.226907062530517578e+01
1.210981750488281250e+01
1.188764190673828125e+01
1.160331630706787109e+01
1.125782299041748047e+01
1.085235214233398438e+01
1.038830661773681641e+01
9.867271423339843750e+00
9.291021347045898438e+00
8.661506652832031250e+00
7.980850696563720703e+00
7.251325607299804688e+00
6.475348949432373047e+00
5.655472755432128906e+00
4.794363975524902344e+00
3.894799947738647461e+00
2.959648132324218750e+00
1.991856932640075684e+00
9.944375157356262207e-01
-2.954590320587158203e-02
-1.076992154121398926e+00
-2.144776105880737305e+00
-3.229760408401489258e+00
-4.328811645507812500e+00
-5.438812255859375000e+00
-6.556667327880859375e+00
-7.679325580596923828e+00
-8.803780555725097656e+00
-9.927085876464843750e+00
-1.104636955261230469e+01
-1.215882587432861328e+01
-1.326174545288085938e+01
-1.435250377655029297e+01
-1.542857646942138672e+01
-1.648753738403320312e+01
-1.752707672119140625e+01
-1.854499626159667969e+01
-1.953919029235839844e+01
-2.050769233703613281e+01
-2.144863510131835938e+01
-2.236027717590332031e+01
-2.324098777770996094e+01
-2.408923339843750000e+01
-2.490361595153808594e+01
-2.568284416198730469e+01
-2.642569351196289062e+01
-2.713109016418457031e+01
-2.779803848266601562e+01
-2.842561912536621094e+01
-2.901301956176757812e+01
-2.955951118469238281e+01
-3.006443786621093750e+01
-3.052720642089843750e+01
-3.094732093811035156e+01
-3.132431030273437500e+01
-3.165780258178710938e+01
-3.194747352600097656e+01
-3.219302749633789062e+01
-3.239423751831054688e+01
-3.255092239379882812e+01
-3.266293716430664062e+01
-3.273019027709960938e+01
-3.275261306762695312e+01
-3.273019027709960938e+01
-3.266293716430664062e+01
-3.255092239379882812e+01
-3.239423751831054688e+01
-3.219302749633789062e+01
-3.194747352600097656e+01
-3.165780258178710938e+01
-3.132431030273437500e+01
-3.094732093811035156e+01
-3.052720642089843750e+01
-3.006443786621093750e+01
-2.955951118469238281e+01
-2.901301956176757812e+01
-2.842561912536621094e+01
-2.779803848266601562e+01
-2.713109016418457031e+01
-2.642569351196289062e+01
-2.568284416198730469e+01
-2.490361595153808594e+01
-2.408923339843750000e+01
-2.324098777770996094e+01
-2.236027717590332031e+01
-2.144863510131835938e+01
-2.050769233703613281e+01
-1.953919029235839844e+01
-1.854499626159667969e+01
-1.752707672119140625e+01
-1.648753738403320312e+01
-1.542857646942138672e+01
-1.435250377655029297e+01
-1.326174545288085938e+01
