-2.090217035431985726e-01
-2.715850326002917578e-02
-8.248162258405776770e-01
-3.913144380443286940e-01
-1.033106740302891791e-01
-9.674496837924536491e-03
5.854745783336933254e-03
3.778299480042240921e-03
1.211402352989100067e-03
1.956032528661424171e-04
-2.939761054081232078e-05
-3.388156947936562440e-05
-1.320618593616169572e-05
-2.873479092815316289e-06
-3.359030956744901794e-08
2.753553948856854094e-07
1.349617114188438411e-07
3.655584081944185669e-08
3.778451612343136998e-09
-1.901967526473870659e-09
-1.291872456992968522e-09
-4.243306251108048389e-10
-7.171981492202713988e-11
8.766740745606677252e-12
1.146165547230546892e-11
4.586934064785169692e-12
1.029135105280607327e-12
2.651746988425829461e-14
-9.169695468154545023e-14
-4.649880365306604034e-14
-1.291639654496489218e-14
-1.455495747893275424e-15
