-1.619184816459953158e-01
-2.332870977198654716e-01
-2.713153292567256347e-01
-2.741816716984752933e-01
-2.436495329597146431e-01
-1.843673604982613012e-01
-1.028679650447397315e-01
-6.442865563359091025e-03
9.792343977499851082e-02
2.043944733477581210e-01
3.087787571204956838e-01
4.086267386287013581e-01
5.029423007733255790e-01
5.915901821834754770e-01
6.745326796024430083e-01
7.510581176049168084e-01
8.191651313854351191e-01
8.752405687145646818e-01
9.141189407047950466e-01
9.295457617953208906e-01
9.149962703241613093e-01
8.647362694555885687e-01
7.749636681748987010e-01
6.448457262923842359e-01
4.772722504881052319e-01
2.791788452423772382e-01
6.135214771019445457e-02
-1.622976341590342819e-01
-3.759335053145491656e-01
-5.633234394033456160e-01
-7.095196698886597764e-01
-8.024710976007906060e-01
-8.343578845886048256e-01
-8.024710976007906060e-01
-7.095196698886627740e-01
-5.633234394033456160e-01
-3.759335053145491656e-01
-1.622976341590342819e-01
6.135214771019445457e-02
2.791788452423772382e-01
4.772722504881052319e-01
6.448457262923834588e-01
7.749636681748980349e-01
8.647362694555885687e-01
9.149962703241614204e-01
9.295457617953206686e-01
9.141189407047949356e-01
8.752405687145645707e-01
8.191651313854351191e-01
7.510581176049173635e-01
6.745326796024430083e-01
5.915901821834755880e-01
5.029423007733255790e-01
4.086267386287017467e-01
3.087787571204962389e-01
2.043944733477579823e-01
9.792343977499878838e-02
-6.442865563358433564e-03
-1.028679650447395788e-01
-1.843673604982610237e-01
-2.436495329597142823e-01
-2.741816716984752933e-01
-2.713153292567257457e-01
-2.332870977198654161e-01
-1.619184816459955378e-01
-6.287666111813861036e-02
5.458139631384142237e-02
1.783838865239531501e-01
2.948623484641503256e-01
3.902677883268734216e-01
4.523895691682752185e-01
4.720595008164077955e-01
4.443325947334826886e-01
3.691756223037006013e-01
2.515595537987984076e-01
1.009329438220226832e-01
-6.986132850216321410e-02
-2.460862987262300294e-01
-4.128306203924546613e-01
-5.567202852928622159e-01
-6.673973128901644625e-01
-7.385747400873629021e-01
-7.685385282782158933e-01
-7.600461563827185518e-01
-7.196570273013321861e-01
-6.566088466398098955e-01
-5.814153012778507934e-01
-5.043948573359474663e-01
-4.343435306489464298e-01
-3.775360105444613423e-01
-3.371842135576717525e-01
-3.134088782131259632e-01
-3.036995254838765756e-01
-3.037632850149347696e-01
-3.086050848974216665e-01
-3.136492390593237922e-01
-3.157102978052266362e-01
-3.136492390593237922e-01
-3.086050848974216665e-01
-3.037632850149347696e-01
-3.036995254838765201e-01
-3.134088782131259632e-01
-3.371842135576714750e-01
-3.775360105444610093e-01
-4.343435306489460968e-01
-5.043948573359466891e-01
-5.814153012778504603e-01
-6.566088466398091184e-01
-7.196570273013318531e-01
-7.600461563827183298e-01
-7.685385282782162264e-01
-7.385747400873630131e-01
-6.673973128901649066e-01
-5.567202852928629930e-01
-4.128306203924574924e-01
-2.460862987262300294e-01
-6.986132850216424106e-02
1.009329438220213648e-01
2.515595537987974639e-01
3.691756223036989359e-01
4.443325947334818560e-01
4.720595008164077955e-01
4.523895691682756626e-01
3.902677883268740322e-01
2.948623484641511028e-01
1.783838865239550930e-01
5.458139631384124196e-02
-6.287666111813779157e-02
