7.510000000000000009e-01
7.432182538956857432e-01
7.002833778410234578e-01
6.245790727981563872e-01
5.198295814496990408e-01
3.909582608599386777e-01
2.438983776172413132e-01
8.536333362208912978e-02
-7.741481789771344213e-02
-2.369684015570569791e-01
-3.858876292090779869e-01
-5.171130700354958920e-01
-6.242155748249883507e-01
-7.016526296425338316e-01
-7.449910446419417687e-01
-7.510872232781852231e-01
-7.182179476971609633e-01
-6.461565845720648182e-01
-5.361917776813632797e-01
-3.910879575007204512e-01
-2.149892697769973660e-01
-1.327071204641910515e-02
2.076577170918502691e-01
4.405862832647896021e-01
6.777711679038661563e-01
9.112203841926935777e-01
1.132989137553954473e+00
1.335473526189749016e+00
1.511691607385885261e+00
1.655541386999427766e+00
1.762026195946776674e+00
1.827439160055215117e+00
1.849500000000000144e+00
1.827439160055215117e+00
1.762026195946778895e+00
1.655541386999427766e+00
1.511691607385885261e+00
1.335473526189749016e+00
1.132989137553954473e+00
9.112203841926935777e-01
6.777711679038661563e-01
4.405862832647909344e-01
2.076577170918511572e-01
-1.327071204641910515e-02
-2.149892697769960059e-01
-3.910879575007196740e-01
-5.361917776813628356e-01
-6.461565845720652623e-01
-7.182179476971607412e-01
-7.510872232781851121e-01
-7.449910446419417687e-01
-7.016526296425339426e-01
-6.242155748249883507e-01
-5.171130700354962251e-01
-3.858876292090786531e-01
-2.369684015570568125e-01
-7.741481789771385846e-02
8.536333362208818609e-02
2.438983776172411466e-01
3.909582608599381226e-01
5.198295814496981526e-01
6.245790727981563872e-01
7.002833778410232357e-01
7.432182538956858542e-01
7.510000000000000009e-01
7.226738242461415718e-01
6.587459862045398351e-01
5.611587705091571898e-01
4.332095815324825683e-01
2.794176072857477156e-01
1.053435003176344392e-01
-8.263070974485328679e-02
-2.775527862579331151e-01
-4.721727270857177250e-01
-6.592259225917089793e-01
-8.317161338700507223e-01
-9.831874627956732615e-01
-1.107974954496513176e+00
-1.201424321854734467e+00
-1.260072477047564865e+00
-1.281782052302839148e+00
-1.265824836715107038e+00
-1.212910985867107660e+00
-1.125162907570413040e+00
-1.006034817348530286e+00
-8.601810161264421550e-01
-6.932778947514234291e-01
-5.118064426865286398e-01
-3.228035637482217779e-01
-1.335917200054158038e-01
4.850271397153031738e-02
2.164315377429732457e-01
3.636963543781211450e-01
4.845992189034396547e-01
5.744625700528060985e-01
6.298098834158804005e-01
6.484999999999999654e-01
6.298098834158804005e-01
5.744625700528060985e-01
4.845992189034396547e-01
3.636963543781228103e-01
2.164315377429732457e-01
4.850271397153136516e-02
-1.335917200054148324e-01
-3.228035637482208897e-01
-5.118064426865267524e-01
-6.932778947514226520e-01
-8.601810161264408228e-01
-1.006034817348529398e+00
-1.125162907570412374e+00
-1.212910985867107216e+00
-1.265824836715106594e+00
-1.281782052302839148e+00
-1.260072477047565309e+00
-1.201424321854735799e+00
-1.107974954496513176e+00
-9.831874627956740387e-01
-8.317161338700520545e-01
-6.592259225917102006e-01
-4.721727270857209446e-01
-2.775527862579361682e-01
-8.263070974485289821e-02
1.053435003176330514e-01
2.794176072857465498e-01
4.332095815324815136e-01
5.611587705091553024e-01
6.587459862045400572e-01
7.226738242461411277e-01
