-8.123053623765708053e-01
-6.963960781932572175e-01
-5.410845025824162491e-01
-3.601589630746676596e-01
-1.696289370228127036e-01
1.428249988423691864e-02
1.771488570221917136e-01
3.080792086031365895e-01
4.009477965577866732e-01
4.549459364295636021e-01
4.743824902905617868e-01
4.677652861695303921e-01
4.462984293427111893e-01
4.220146705288063127e-01
4.058155164363304035e-01
4.057065135064008565e-01
4.254885419956380144e-01
4.641014171960946566e-01
5.157225364859492345e-01
5.706139664846032744e-01
6.166018917534836774e-01
6.409785794351964272e-01
6.325526650128593387e-01
5.835482122435140528e-01
4.910706655306536494e-01
3.579163284741999629e-01
1.925932810628719072e-01
8.532813401573139528e-03
-1.774143261743549582e-01
-3.469998100225923920e-01
-4.828451876197167869e-01
-5.706451074508501753e-01
-6.010029667410491383e-01
-5.706451074508501753e-01
-4.828451876197195070e-01
-3.469998100225923920e-01
-1.774143261743549582e-01
8.532813401573139528e-03
1.925932810628719072e-01
3.579163284741999629e-01
4.910706655306536494e-01
5.835482122435134977e-01
6.325526650128591166e-01
6.409785794351964272e-01
6.166018917534842325e-01
5.706139664846034965e-01
5.157225364859493455e-01
4.641014171960944346e-01
4.254885419956381254e-01
4.057065135064010786e-01
4.058155164363304035e-01
4.220146705288061462e-01
4.462984293427111893e-01
4.677652861695303366e-01
4.743824902905616758e-01
4.549459364295636576e-01
4.009477965577867842e-01
3.080792086031372556e-01
1.771488570221918801e-01
1.428249988423768019e-02
-1.696289370228113713e-01
-3.601589630746674930e-01
-5.410845025824154719e-01
-6.963960781932575506e-01
-8.123053623765704723e-01
-8.789792243904472890e-01
-8.917698600756335248e-01
-8.517821341787428224e-01
-7.657112218843923346e-01
-6.449827112984952704e-01
-5.043195627180238061e-01
-3.599331057077844176e-01
-2.275791003579491489e-01
-1.207296867969627902e-01
-4.908766613802266476e-02
-1.761569494830829419e-02
-2.617831554813486103e-02
-6.981055083230360003e-02
-1.395451836934959167e-01
-2.236629982445005604e-01
-3.091848395752779810e-01
-3.834063337574916686e-01
-4.352862536930581783e-01
-4.565344437997924665e-01
-4.422981412951427771e-01
-3.914074602783940149e-01
-3.062020210620481353e-01
-1.920123006691124290e-01
-5.640447594651412655e-02
9.168737948075593447e-02
2.428231384012865812e-01
3.878164418137172720e-01
5.183306208286416750e-01
6.272875107156302699e-01
7.091017528703653650e-01
7.597798392767391995e-01
7.769365150855128688e-01
7.597798392767391995e-01
7.091017528703653650e-01
6.272875107156302699e-01
5.183306208286432293e-01
3.878164418137172720e-01
2.428231384012874694e-01
9.168737948075676714e-02
-5.640447594651334939e-02
-1.920123006691111522e-01
-3.062020210620476357e-01
-3.914074602783934043e-01
-4.422981412951426106e-01
-4.565344437997924110e-01
-4.352862536930583448e-01
-3.834063337574921682e-01
-3.091848395752785361e-01
-2.236629982445011711e-01
-1.395451836934973322e-01
-6.981055083230360003e-02
-2.617831554813490266e-02
-1.761569494830820398e-02
-4.908766613802231088e-02
-1.207296867969612081e-01
-2.275791003579472060e-01
-3.599331057077845841e-01
-5.043195627180225848e-01
-6.449827112984942712e-01
-7.657112218843914464e-01
-8.517821341787414902e-01
-8.917698600756336358e-01
-8.789792243904474001e-01
