-3.911351398689343339e-01
-3.232680097711805867e-01
2.812992286912250894e-01
-6.267288689156899628e-02
2.899209458067068534e-01
2.921001001236699923e-01
7.598579964278824317e-01
1.367340354027193783e+00
2.769352675533153008e+00
5.382593969075139206e+00
1.060912290628713173e+01
2.081066783459043990e+01
4.088872124114101325e+01
8.029304357071711706e+01
1.577013525445829032e+02
3.097166150948225436e+02
6.082796718643165832e+02
1.194644756834252803e+03
2.346255992578382575e+03
4.607990980082131500e+03
9.049987480388610493e+03
1.777396379386009721e+04
3.490765052526257205e+04
6.855781098999071401e+04
1.346459414089689380e+05
2.644414874141188920e+05
5.193569116761444602e+05
1.020004857401278568e+06
2.003265742288339417e+06
3.934367179752649739e+06
7.727005348544470966e+06
1.517565822619856149e+07
2.980463869381801412e+07
5.853561502427938581e+07
1.149625822164940983e+08
2.257838292875518799e+08
