2.609432673184677864e-01
2.328930373175487276e-02
-2.013225517896219119e-01
-3.870689613677861796e-01
-5.129219171348298190e-01
-5.650189475585642995e-01
-5.381944769790200089e-01
-4.364859634943927258e-01
-2.725487844101726620e-01
-6.604364736834987537e-02
1.588159076296228323e-01
3.762656101468129233e-01
5.621828912415212098e-01
6.970840003892591064e-01
7.685601689603132058e-01
7.728517495211219002e-01
7.153611061670260840e-01
6.100322135508009502e-01
4.776622380263482737e-01
3.433411823785962880e-01
2.333239271849419649e-01
1.717112266830669032e-01
1.773432171087707676e-01
2.612870303965404428e-01
4.252314147675820277e-01
6.609938486353236220e-01
9.512123271785880574e-01
1.271150918501787963e+00
1.591412763374013606e+00
1.881243035665032926e+00
2.112031209095444506e+00
2.260595909130465042e+00
2.311860036323331702e+00
2.260595909130465042e+00
2.112031209095448947e+00
1.881243035665032926e+00
1.591412763374013606e+00
1.271150918501787963e+00
9.512123271785880574e-01
6.609938486353236220e-01
4.252314147675820277e-01
2.612870303965411090e-01
1.773432171087710452e-01
1.717112266830669032e-01
2.333239271849409380e-01
3.433411823785958439e-01
4.776622380263479406e-01
6.100322135508013943e-01
7.153611061670258620e-01
7.728517495211215671e-01
7.685601689603132058e-01
6.970840003892593284e-01
5.621828912415212098e-01
3.762656101468134229e-01
1.588159076296240257e-01
-6.604364736835016680e-02
-2.725487844101722179e-01
-4.364859634943918931e-01
-5.381944769790198979e-01
-5.650189475585644105e-01
-5.129219171348304851e-01
-3.870689613677864016e-01
-2.013225517896228833e-01
2.328930373175509827e-02
2.609432673184671758e-01
4.839465618462970853e-01
6.658732013491489576e-01
7.845443961132324562e-01
8.245092673756576618e-01
7.787440861652172863e-01
6.493821783733464414e-01
4.474009245225759601e-01
1.913133063477119311e-01
-9.497490465118726966e-02
-3.848879238457434404e-01
-6.521656919029883426e-01
-8.737702414823476094e-01
-1.032384491985181896e+00
-1.118226503698045216e+00
-1.129984024107819174e+00
-1.074776684679038752e+00
-9.671644881374995562e-01
-8.273285727640823373e-01
-6.786416739745185778e-01
-5.449112774257695024e-01
-4.476113084392433494e-01
-4.034152333248914868e-01
-4.223055824160790173e-01
-5.064668928300419815e-01
-6.500788876071400546e-01
-8.400246257842606257e-01
-1.057425779895135420e+00
-1.279825413133183210e+00
-1.483767600919582597e+00
-1.647480559535921651e+00
-1.753360043552412151e+00
-1.789973501686396462e+00
-1.753360043552412151e+00
-1.647480559535921651e+00
-1.483767600919582597e+00
-1.279825413133185874e+00
-1.057425779895135420e+00
-8.400246257842619579e-01
-6.500788876071410538e-01
-5.064668928300426476e-01
-4.223055824160795169e-01
-4.034152333248915978e-01
-4.476113084392427388e-01
-5.449112774257685032e-01
-6.786416739745174675e-01
-8.273285727640811160e-01
-9.671644881374984459e-01
-1.074776684679038308e+00
-1.129984024107819174e+00
-1.118226503698046104e+00
-1.032384491985181896e+00
-8.737702414823488306e-01
-6.521656919029903410e-01
-3.848879238457452168e-01
-9.497490465119208525e-02
1.913133063477075457e-01
4.474009245225765152e-01
6.493821783733452202e-01
7.787440861652167312e-01
8.245092673756575508e-01
7.845443961132338995e-01
6.658732013491489576e-01
4.839465618462985841e-01
