5.624403937401948328e-01
6.063983409229115606e-01
6.327013499806205532e-01
6.411391704268146752e-01
6.321055443301460963e-01
6.065664970696104108e-01
5.660082493823683780e-01
5.123670938424799148e-01
4.479442346134161479e-01
3.753091229747311242e-01
2.971952131369796080e-01
2.163922992054986005e-01
1.356396668998796073e-01
5.752420121925833074e-02
-1.561266149439383480e-02
-8.175565066971123007e-02
-1.392810959161387419e-01
-1.870047720785218970e-01
-2.242105781589844860e-01
-2.506592586459938654e-01
-2.665771853192572816e-01
-2.726260193083950290e-01
-2.698548354917411629e-01
-2.596369843277774869e-01
-2.435945628567182941e-01
-2.235138437264084510e-01
-2.012553503050985848e-01
-1.786624543588009317e-01
-1.574724034948445928e-01
-1.392335579529915823e-01
-1.252323359671304037e-01
-1.164329454590370960e-01
-1.134324344593221623e-01
-1.164329454590370960e-01
-1.252323359671301262e-01
-1.392335579529915823e-01
-1.574724034948445928e-01
-1.786624543588009317e-01
-2.012553503050985848e-01
-2.235138437264084510e-01
-2.435945628567182941e-01
-2.596369843277774314e-01
-2.698548354917411629e-01
-2.726260193083950290e-01
-2.665771853192573926e-01
-2.506592586459939209e-01
-2.242105781589845970e-01
-1.870047720785217582e-01
-1.392810959161389084e-01
-8.175565066971166028e-02
-1.561266149439383480e-02
5.752420121925812951e-02
1.356396668998796073e-01
2.163922992054983785e-01
2.971952131369791639e-01
3.753091229747312352e-01
4.479442346134160369e-01
5.123670938424794707e-01
5.660082493823682670e-01
6.065664970696102998e-01
6.321055443301458743e-01
6.411391704268146752e-01
6.327013499806205532e-01
6.063983409229115606e-01
5.624403937401949438e-01
5.016514921885739664e-01
4.254563582277717249e-01
3.358448145630169579e-01
2.353144640449852387e-01
1.267934830301443994e-01
1.354610329767701182e-02
-1.009359559617587637e-01
-2.130522751416563942e-01
-3.192184798866520845e-01
-4.159924131470763009e-01
-5.001970981898489210e-01
-5.690359278601518911e-01
-6.201957584438960724e-01
-6.519339937640600269e-01
-6.631463022767207782e-01
-6.534122967868971621e-01
-6.230172978471166800e-01
-5.729491687330955374e-01
-5.048701199405331019e-01
-4.210643004846451598e-01
-3.243628875015039936e-01
-2.180492211636140265e-01
-1.057472772452870691e-01
8.702603384957312282e-03
1.213763243306725109e-01
2.284022542905054243e-01
3.260961800532954369e-01
4.110901418838873722e-01
4.804505087743250469e-01
5.317810299092717852e-01
5.633071352196225012e-01
5.739384323850044156e-01
5.633071352196225012e-01
5.317810299092717852e-01
4.804505087743250469e-01
4.110901418838883159e-01
3.260961800532954369e-01
2.284022542905060071e-01
1.213763243306730938e-01
8.702603384957881272e-03
-1.057472772452858756e-01
-2.180492211636135824e-01
-3.243628875015031054e-01
-4.210643004846444382e-01
-5.048701199405324358e-01
-5.729491687330950933e-01
-6.230172978471162359e-01
-6.534122967868969400e-01
-6.631463022767207782e-01
-6.519339937640604710e-01
-6.201957584438960724e-01
-5.690359278601523352e-01
-5.001970981898493651e-01
-4.159924131470769115e-01
-3.192184798866537498e-01
-2.130522751416581151e-01
-1.009359559617585556e-01
1.354610329767610630e-02
1.267934830301436222e-01
2.353144640449844616e-01
3.358448145630153481e-01
4.254563582277718914e-01
5.016514921885734113e-01
