0.000000000000000000e+00
8.855423331260681152e-02
1.768951416015625000e-01
2.648099362850189209e-01
3.520867526531219482e-01
4.385154247283935547e-01
5.238876342773437500e-01
6.079977750778198242e-01
6.906430721282958984e-01
7.716245651245117188e-01
8.507472276687622070e-01
9.023687243461608887e-01
9.023687243461608887e-01
9.023687243461608887e-01
9.023687243461608887e-01
9.023687243461608887e-01
9.023687243461608887e-01
9.023687243461608887e-01
9.023687243461608887e-01
9.023687243461608887e-01
9.023687243461608887e-01
9.023687243461608887e-01
9.023687243461608887e-01
9.023687243461608887e-01
9.023687243461608887e-01
9.023687243461608887e-01
9.023687243461608887e-01
9.023687243461608887e-01
9.023687243461608887e-01
9.023687243461608887e-01
9.023687243461608887e-01
9.023687243461608887e-01
9.023687243461608887e-01
9.023687243461608887e-01
9.023687243461608887e-01
9.023687243461608887e-01
9.023687243461608887e-01
9.023687243461608887e-01
9.023687243461608887e-01
9.023687243461608887e-01
9.023687243461608887e-01
9.023687243461608887e-01
9.023687243461608887e-01
9.023687243461608887e-01
9.023687243461608887e-01
9.023687243461608887e-01
9.023687243461608887e-01
9.023687243461608887e-01
9.023687243461608887e-01
9.023687243461608887e-01
9.023687243461608887e-01
9.023687243461608887e-01
9.023687243461608887e-01
9.023687243461608887e-01
8.507472276687622070e-01
7.716245651245117188e-01
6.906430721282958984e-01
6.079977750778198242e-01
5.238876342773437500e-01
4.385154247283935547e-01
3.520867526531219482e-01
2.648099362850189209e-01
1.768951416015625000e-01
8.855423331260681152e-02
2.210165054504116002e-16
-8.855423331260681152e-02
-1.768951416015625000e-01
-2.648099362850189209e-01
-3.520867526531219482e-01
-4.385154247283935547e-01
-5.238876342773437500e-01
-6.079977750778198242e-01
-6.906430721282958984e-01
-7.716245651245117188e-01
-8.507472276687622070e-01
-9.023687243461608887e-01
-9.023687243461608887e-01
-9.023687243461608887e-01
-9.023687243461608887e-01
-9.023687243461608887e-01
-9.023687243461608887e-01
-9.023687243461608887e-01
-9.023687243461608887e-01
-9.023687243461608887e-01
-9.023687243461608887e-01
-9.023687243461608887e-01
-9.023687243461608887e-01
-9.023687243461608887e-01
-9.023687243461608887e-01
-9.023687243461608887e-01
-9.023687243461608887e-01
-9.023687243461608887e-01
-9.023687243461608887e-01
-9.023687243461608887e-01
-9.023687243461608887e-01
-9.023687243461608887e-01
-9.023687243461608887e-01
-9.023687243461608887e-01
-9.023687243461608887e-01
-9.023687243461608887e-01
-9.023687243461608887e-01
-9.023687243461608887e-01
-9.023687243461608887e-01
-9.023687243461608887e-01
-9.023687243461608887e-01
-9.023687243461608887e-01
-9.023687243461608887e-01
-9.023687243461608887e-01
-9.023687243461608887e-01
-9.023687243461608887e-01
-9.023687243461608887e-01
-9.023687243461608887e-01
-9.023687243461608887e-01
-9.023687243461608887e-01
-9.023687243461608887e-01
-9.023687243461608887e-01
-9.023687243461608887e-01
-9.023687243461608887e-01
-8.507472276687622070e-01
-7.716245651245117188e-01
-6.906430721282958984e-01
-6.079977750778198242e-01
-5.238876342773437500e-01
-4.385154247283935547e-01
-3.520867526531219482e-01
-2.648099362850189209e-01
-1.768951416015625000e-01
-8.855423331260681152e-02
