-1.528708377225860074e-02
-1.298103838900550693e-03
2.758042560534298415e-01
1.353134804527747204e-01
-9.591260584722058335e-02
-1.262339571260936710e-01
-5.272806357737270036e-03
7.153994834423296756e-02
3.799650829255525608e-02
-2.346466228591151046e-02
-3.375510811904577219e-02
-2.691294971774586473e-03
1.850476297382821697e-02
1.060763208528267207e-02
-5.689252451925035266e-03
-9.003276040737190691e-03
-1.052081267916399419e-03
4.772588480610286295e-03
2.945991393217148747e-03
-1.364794769883017483e-03
-2.395415762913506805e-03
-3.673311480495307347e-04
1.227152123070158899e-03
8.143283864823784492e-04
-3.231934203689653252e-04
-6.357645680080696495e-04
-1.204106136250957979e-04
3.145166391346998990e-04
2.241306232970651489e-04
-7.531122395119398583e-05
-1.683283346563394563e-04
-3.790371326377226332e-05
8.033465131017664270e-05
6.144470441455075424e-05
-1.718883170905602213e-05
-4.445993666677115910e-05
