-2.802101156536673798e-01
-2.556216401112393344e-01
-2.275632600765588320e-01
-1.963592054197278169e-01
-1.623450823359365303e-01
-1.258385477424282251e-01
-8.711759646768675591e-02
-4.641107214063631276e-02
-3.904553846943410646e-03
4.023822565241925303e-02
8.584214700827400013e-02
1.326829770648663698e-01
1.804545527291223361e-01
2.287499420105399695e-01
2.770626925927054951e-01
3.248093954645364656e-01
3.713694150058611809e-01
4.161334734701694904e-01
4.585511321453261124e-01
4.981684308640259573e-01
5.346503080307776212e-01
5.677865392658583144e-01
5.974834308781702408e-01
6.237455620081699958e-01
6.466523700484927417e-01
6.663337160492873723e-01
6.829473347740186995e-01
6.966597733198839348e-01
7.076313595350915975e-01
7.160050291586252946e-01
7.218984607493691419e-01
7.253988423120937279e-01
7.265596356416579304e-01
7.253988423120937279e-01
7.218984607493693639e-01
7.160050291586252946e-01
7.076313595350915975e-01
6.966597733198839348e-01
6.829473347740186995e-01
6.663337160492873723e-01
6.466523700484927417e-01
6.237455620081701069e-01
5.974834308781705738e-01
5.677865392658583144e-01
5.346503080307778433e-01
4.981684308640260683e-01
4.585511321453262790e-01
4.161334734701696014e-01
3.713694150058611809e-01
3.248093954645367432e-01
2.770626925927054951e-01
2.287499420105398307e-01
1.804545527291223361e-01
1.326829770648665918e-01
8.584214700827444422e-02
4.023822565241936405e-02
-3.904553846943410646e-03
-4.641107214063609071e-02
-8.711759646768653387e-02
-1.258385477424280030e-01
-1.623450823359362805e-01
-1.963592054197278169e-01
-2.275632600765586100e-01
-2.556216401112393344e-01
-2.802101156536672133e-01
-3.010482373690721580e-01
-3.179313191262729266e-01
-3.307596368281257582e-01
-3.395629801454986829e-01
-3.445182606877895681e-01
-3.459568623512586094e-01
-3.443577571100367996e-01
-3.403232452739363700e-01
-3.345371507950370971e-01
-3.277098546674709345e-01
-3.205188743328954426e-01
-3.135556372329356134e-01
-3.072875294402420687e-01
-3.020399103072301528e-01
-2.979975751933398032e-01
-2.952211534749768496e-01
-2.936721707220075750e-01
-2.932408212320073426e-01
-2.937720473201329008e-01
-2.950874005304822134e-01
-2.970017639003394994e-01
-2.993351013806461181e-01
-3.019199820890472452e-01
-3.046058313997119238e-01
-3.072608348833433256e-01
-3.097722831170663382e-01
-3.120459731841235262e-01
-3.140051191268813380e-01
-3.155890873654284001e-01
-3.167521685308923862e-01
-3.174625215019243329e-01
-3.177013730728391883e-01
-3.174625215019243329e-01
-3.167521685308923862e-01
-3.155890873654284001e-01
-3.140051191268811714e-01
-3.120459731841235262e-01
-3.097722831170663382e-01
-3.072608348833433256e-01
-3.046058313997119238e-01
-3.019199820890472452e-01
-2.993351013806462846e-01
-2.970017639003394994e-01
-2.950874005304824355e-01
-2.937720473201330673e-01
-2.932408212320073426e-01
-2.936721707220073529e-01
-2.952211534749768496e-01
-2.979975751933399697e-01
-3.020399103072303193e-01
-3.072875294402420687e-01
-3.135556372329356134e-01
-3.205188743328954426e-01
-3.277098546674703239e-01
-3.345371507950367085e-01
-3.403232452739363700e-01
-3.443577571100365220e-01
-3.459568623512587759e-01
-3.445182606877895681e-01
-3.395629801454988494e-01
-3.307596368281259802e-01
-3.179313191262729266e-01
-3.010482373690725466e-01
