-1.717929590050822075e-02
9.878080778122728667e-01
-5.128202088499141942e-01
1.102133249037928579e-02
1.499208725639747941e-01
-9.479769553549424743e-02
1.201985801322022485e-02
2.162575575886666740e-02
-1.686024851822398238e-02
3.676794399310219594e-03
2.907669358886194513e-03
-2.896367258794379975e-03
8.782315422394547681e-04
3.491025747883605228e-04
-4.811630520626935669e-04
1.868091959407500819e-04
3.304458483220995362e-05
-7.721406540864733962e-05
3.699644293388370625e-05
1.022490546227681783e-06
-1.192424679021866559e-05
6.959834735750213855e-06
-6.022512058646429342e-07
-1.758610355971520493e-06
1.256470776514647302e-06
-2.291026005789081767e-07
-2.440713268066634433e-07
2.188301144211415501e-07
-5.890412438048841990e-08
-3.091882610123904338e-08
3.684867970484752332e-08
-1.302840524253703282e-08
-3.309990130831395535e-09
5.998203673541147214e-09
-2.647036903624878155e-09
-2.178382282569902875e-10
