3.861892115900730001e-03
-7.670932236146797744e-04
-2.760152864281910090e-01
2.589109517812163835e-02
-1.500200833747657343e-02
2.588245354041472223e-03
-9.263224572955389320e-04
2.048809639559500046e-04
-6.143023613002505153e-05
1.510064670995806608e-05
-4.216005358753673095e-06
1.083709554708120633e-06
-2.937944198885377484e-07
7.694944566208165806e-08
-2.060758620433793242e-08
5.440033803956661557e-09
-1.449474766749132124e-09
3.838943494409319360e-10
-1.020698885542941706e-10
2.707039997106651933e-11
-7.191098857222157616e-12
1.908276018764096752e-12
-5.067350018451916118e-13
1.345026297023236035e-13
-3.571110725579598303e-14
9.479743565097169362e-15
-2.516755832062164703e-15
6.681169343450193980e-16
-1.773720817180733356e-16
4.708734746398134573e-17
-1.250063630521479909e-17
3.318594911132823707e-18
-8.810084923143445427e-19
2.338856286886462827e-19
-6.209098311972563727e-20
1.648361754829822625e-20
-4.375998584247029985e-21
1.161719812379748991e-21
-3.084081816043567627e-22
8.187479205276706819e-23
-2.173575061604654008e-23
5.770308092615909552e-24
-1.531875282366986345e-24
4.066752897430647781e-25
-1.079623130663732279e-25
2.866134479738243925e-26
-7.608883858372072601e-27
2.019971961142561463e-27
-5.362529948049123372e-28
1.423620121936200565e-28
-3.779362125582234792e-29
1.003327912103564534e-29
-2.663589428979413073e-30
7.071176386346690557e-31
-1.877223830808873871e-31
4.983568669628594733e-32
-1.323015203796556000e-32
3.512280747471885350e-33
-9.324243602721981133e-34
2.475357894434382422e-34
-6.571467849689737415e-35
1.744563474858654398e-35
-4.631387975226926686e-36
1.229519870497752148e-36
