-2.534848447125040982e-01
-2.834430226506777784e-01
-3.065226611348439434e-01
-3.221345005163682718e-01
-3.299125722334634303e-01
-3.297154036116916598e-01
-3.216198954195947368e-01
-3.059083878381647637e-01
-2.830496616762908091e-01
-2.536748185203870909e-01
-2.185491392296377844e-01
-1.785411296513513268e-01
-1.345900223734178003e-01
-8.767301246449864249e-02
-3.877346418887799712e-02
1.114876271682936279e-02
6.118384996824594024e-02
1.104945718092752716e-01
1.583342087292716471e-01
2.040593906575515759e-01
2.471376663679608066e-01
2.871498276779791969e-01
3.237872412869518546e-01
3.568446486479243118e-01
3.862090767784729928e-01
4.118456531766472861e-01
4.337812302065469083e-01
4.520867942655622529e-01
4.668596603352101471e-01
4.782064326118105613e-01
4.862276481541177864e-01
4.910049160309866711e-01
4.925912241418175519e-01
4.910049160309866711e-01
4.862276481541178974e-01
4.782064326118105613e-01
4.668596603352101471e-01
4.520867942655622529e-01
4.337812302065469083e-01
4.118456531766472861e-01
3.862090767784729928e-01
3.568446486479244784e-01
3.237872412869519656e-01
2.871498276779791969e-01
2.471376663679611396e-01
2.040593906575517702e-01
1.583342087292717859e-01
1.104945718092750911e-01
6.118384996824612065e-02
1.114876271682968198e-02
-3.877346418887799712e-02
-8.767301246449847596e-02
-1.345900223734178003e-01
-1.785411296513512158e-01
-2.185491392296375623e-01
-2.536748185203871464e-01
-2.830496616762908091e-01
-3.059083878381645971e-01
-3.216198954195946813e-01
-3.297154036116916598e-01
-3.299125722334634303e-01
-3.221345005163682718e-01
-3.065226611348439989e-01
-2.834430226506777228e-01
-2.534848447125042092e-01
-2.174518875848710509e-01
-1.763460514785765154e-01
-1.313437415325542090e-01
-8.376553057175810391e-02
-3.503995334978203535e-02
1.333749729956836862e-02
5.984889950866868757e-02
1.030005237152890746e-01
1.413700025513147107e-01
1.736524488267819355e-01
1.987039215554333160e-01
2.155806983616985195e-01
2.235729277226249645e-01
2.222314029306154126e-01
2.113864159931113651e-01
1.911579066587291709e-01
1.619564105424473044e-01
1.244746208202048565e-01
7.966969918507028903e-02
2.873679221867742745e-02
-2.692548252241242293e-02
-8.575653177400194282e-02
-1.460809635619074176e-01
-2.061599388174706615e-01
-2.642450339640953216e-01
-3.186328511966146637e-01
-3.677185743637372828e-01
-4.100466921049071289e-01
-4.443571956636365172e-01
-4.696257038319109900e-01
-4.850961668571013297e-01
-4.903050479707596887e-01
-4.850961668571013297e-01
-4.696257038319109900e-01
-4.443571956636365172e-01
-4.100466921049075730e-01
-3.677185743637372828e-01
-3.186328511966149413e-01
-2.642450339640956547e-01
-2.061599388174709668e-01
-1.460809635619080560e-01
-8.575653177400217875e-02
-2.692548252241295029e-02
2.873679221867702499e-02
7.966969918506990045e-02
1.244746208202045373e-01
1.619564105424469991e-01
1.911579066587290043e-01
2.113864159931112541e-01
2.222314029306153293e-01
2.235729277226249645e-01
2.155806983616986305e-01
1.987039215554334270e-01
1.736524488267821298e-01
1.413700025513152936e-01
1.030005237152897130e-01
5.984889950866859737e-02
1.333749729956877975e-02
-3.503995334978168841e-02
-8.376553057175775696e-02
-1.313437415325534319e-01
-1.763460514785765987e-01
-2.174518875848707455e-01
