2.256296914225297101e+00
3.192128886873841331e+00
9.737035703953404564e+00
2.750841393024112946e+01
7.894424915788846420e+01
2.258117735214687798e+02
6.463544293368557874e+02
1.849833481907650366e+03
5.294287685808352762e+03
1.515234061889155055e+04
4.336631087946535263e+04
1.241152409725355537e+05
3.552202990064281039e+05
1.016647579619108001e+06
2.909665654236406088e+06
8.327521143791854382e+06
2.383353163165754452e+07
6.821204296165385842e+07
1.952242276526110172e+08
5.587356338813422918e+08
1.599112529846262693e+09
4.576691959572179794e+09
1.309858368430554962e+10
3.748840779548412323e+10
1.072925709307345428e+11
3.070734782796885986e+11
8.788504203488642578e+11
2.515287434377117188e+12
7.198802812228291992e+12
2.060311725056555859e+13
5.896653256281614844e+13
1.687633924612166250e+14
4.830041957220083125e+14
1.382367643140836750e+15
3.956363770186767000e+15
1.132319203195624000e+16
