9.401368675476415304e-02
1.515490573170577004e-01
1.865463187399698797e-01
2.013624570781481216e-01
2.010256028096372161e-01
1.922667426365759769e-01
1.823301546574015719e-01
1.777528916842247564e-01
1.833054947033441462e-01
2.012583386857467183e-01
2.310850194794439871e-01
2.696442563080588828e-01
3.118057602493717329e-01
3.514151694401390080e-01
3.824393523409844176e-01
4.001044524611654940e-01
4.018394836452923169e-01
3.878680582397969201e-01
3.613453983485103715e-01
3.280087756142452404e-01
2.953860331244180237e-01
2.716770706419714410e-01
2.644762530196900774e-01
2.795313532963994985e-01
3.197324509349165345e-01
3.844923032787089245e-01
4.696227650370987106e-01
5.677383561810372958e-01
6.691391360559360013e-01
7.630525702164004942e-01
8.390590793512306966e-01
8.884968297792180669e-01
9.056425666499553495e-01
8.884968297792180669e-01
8.390590793512322509e-01
7.630525702164004942e-01
6.691391360559360013e-01
5.677383561810372958e-01
4.696227650370987106e-01
3.844923032787089245e-01
3.197324509349165345e-01
2.795313532963996650e-01
2.644762530196901884e-01
2.716770706419714410e-01
2.953860331244176352e-01
3.280087756142451294e-01
3.613453983485102050e-01
3.878680582397969201e-01
4.018394836452923169e-01
4.001044524611654940e-01
3.824393523409844176e-01
3.514151694401391191e-01
3.118057602493717329e-01
2.696442563080589383e-01
2.310850194794442092e-01
2.012583386857466350e-01
1.833054947033441462e-01
1.777528916842247564e-01
1.823301546574015441e-01
1.922667426365758936e-01
2.010256028096371328e-01
2.013624570781481771e-01
1.865463187399699907e-01
1.515490573170576727e-01
9.401368675476431958e-02
1.484243512101455706e-02
-8.169807681997051652e-02
-1.883845345269475891e-01
-2.959094049713285601e-01
-3.940984866275787923e-01
-4.732996695951583455e-01
-5.257406591146108754e-01
-5.466552737809456941e-01
-5.350099166610542412e-01
-4.937192577937888349e-01
-4.293145207108376438e-01
-3.511079179542703765e-01
-2.699707191837138476e-01
-1.968990695567408578e-01
-1.415725144641087618e-01
-1.111106227418629799e-01
-1.092031080388549680e-01
-1.357329830698429940e-01
-1.869389891144365712e-01
-2.560838754195199352e-01
-3.345210429954270648e-01
-4.129947127682558894e-01
-4.829766635190899104e-01
-5.378403936641732441e-01
-5.737014240463211845e-01
-5.898059481622522915e-01
-5.884208489462688929e-01
-5.742553338942453234e-01
-5.535162560113662256e-01
-5.327546232083200106e-01
-5.176914340192911856e-01
-5.122122183526249817e-01
-5.176914340192911856e-01
-5.327546232083200106e-01
-5.535162560113662256e-01
-5.742553338942451013e-01
-5.884208489462688929e-01
-5.898059481622521805e-01
-5.737014240463214065e-01
-5.378403936641734662e-01
-4.829766635190905766e-01
-4.129947127682563335e-01
-3.345210429954277864e-01
-2.560838754195205458e-01
-1.869389891144370430e-01
-1.357329830698432993e-01
-1.092031080388551345e-01
-1.111106227418629244e-01
-1.415725144641084565e-01
-1.968990695567397475e-01
-2.699707191837138476e-01
-3.511079179542699324e-01
-4.293145207108370331e-01
-4.937192577937885574e-01
-5.350099166610537971e-01
-5.466552737809456941e-01
-5.257406591146107644e-01
-4.732996695951589006e-01
-3.940984866275794585e-01
-2.959094049713293373e-01
-1.883845345269493932e-01
-8.169807681997036386e-02
1.484243512101388225e-02
