-3.906250000000000000e-01
-5.850287079811096191e-01
-7.518517971038818359e-01
-8.731766343116760254e-01
-9.354922771453857422e-01
-9.313129782676696777e-01
-8.601316213607788086e-01
-7.285911440849304199e-01
-5.498431324958801270e-01
-3.421553671360015869e-01
-1.269241124391555786e-01
7.368661463260650635e-02
2.392087727785110474e-01
3.531515300273895264e-01
4.048342406749725342e-01
3.905571699142456055e-01
3.139694333076477051e-01
1.855891346931457520e-01
2.153332717716693878e-02
-1.583992689847946167e-01
-3.330621421337127686e-01
-4.824398756027221680e-01
-5.899760723114013672e-01
-6.444767713546752930e-01
-6.413626670837402344e-01
-5.831223726272583008e-01
-4.789159893989562988e-01
-3.433783352375030518e-01
-1.947675645351409912e-01
-5.268476158380508423e-02
6.435272842645645142e-02
1.412043571472167969e-01
1.679687500000000000e-01
1.412043571472167969e-01
6.435272842645645142e-02
-5.268476158380508423e-02
-1.947675645351409912e-01
-3.433783352375030518e-01
-4.789159893989562988e-01
-5.831223726272583008e-01
-6.413626670837402344e-01
-6.444767713546752930e-01
-5.899760723114013672e-01
-4.824398756027221680e-01
-3.330621421337127686e-01
-1.583992689847946167e-01
2.153332717716693878e-02
1.855891346931457520e-01
3.139694333076477051e-01
3.905571699142456055e-01
4.048342406749725342e-01
3.531515300273895264e-01
2.392087727785110474e-01
7.368661463260650635e-02
-1.269241124391555786e-01
-3.421553671360015869e-01
-5.498431324958801270e-01
-7.285911440849304199e-01
-8.601316213607788086e-01
-9.313129782676696777e-01
-9.354922771453857422e-01
-8.731766343116760254e-01
-7.518517971038818359e-01
-5.850287079811096191e-01
-3.906250000000000000e-01
-1.888802200555801392e-01
-4.690280184149742126e-05
1.578738093376159668e-01
2.710953056812286377e-01
3.314885795116424561e-01
3.373509943485260010e-01
2.934251725673675537e-01
2.101817429065704346e-01
1.024614721536636353e-01
-1.235411129891872406e-02
-1.164247691631317139e-01
-1.935430616140365601e-01
-2.309942394495010376e-01
-2.209761142730712891e-01
-1.614239513874053955e-01
-5.615691840648651123e-02
8.566020429134368896e-02
2.506614625453948975e-01
4.228948652744293213e-01
5.857070684432983398e-01
7.236827015876770020e-01
8.244076371192932129e-01
8.798607587814331055e-01
8.872740268707275391e-01
8.493709564208984375e-01
7.739608287811279297e-01
6.729450225830078125e-01
5.608538389205932617e-01
4.530878663063049316e-01
3.640755414962768555e-01
3.055494725704193115e-01
2.851562500000000000e-01
3.055494725704193115e-01
3.640755414962768555e-01
4.530878663063049316e-01
5.608538389205932617e-01
6.729450225830078125e-01
7.739608287811279297e-01
8.493709564208984375e-01
8.872740268707275391e-01
8.798607587814331055e-01
8.244076371192932129e-01
7.236827015876770020e-01
5.857070684432983398e-01
4.228948652744293213e-01
2.506614625453948975e-01
8.566020429134368896e-02
-5.615691840648651123e-02
-1.614239513874053955e-01
-2.209761142730712891e-01
-2.309942394495010376e-01
-1.935430616140365601e-01
-1.164247691631317139e-01
-1.235411129891872406e-02
1.024614721536636353e-01
2.101817429065704346e-01
2.934251725673675537e-01
3.373509943485260010e-01
3.314885795116424561e-01
2.710953056812286377e-01
1.578738093376159668e-01
-4.690280184149742126e-05
-1.888802200555801392e-01
