-3.529537123299578832e-02
-2.509685557212098725e-02
-1.486638700798912673e-02
-4.606484521520465801e-03
5.699826414794849361e-03
1.609367338317605270e-02
2.664182382966846785e-02
3.743326396652659621e-02
4.857016162004931109e-02
6.015406728147939391e-02
7.226975524718130817e-02
8.496999054425398434e-02
9.826433736508319305e-02
1.121139967120763498e-01
1.264330809353889362e-01
1.410953099977827752e-01
1.559442567217778353e-01
1.708050645352779673e-01
1.854958547512423339e-01
1.998375835295966574e-01
2.136616863514124720e-01
2.268153298000573637e-01
2.391644270966558905e-01
2.505947686035412958e-01
2.610116999879511512e-01
2.703387838431092760e-01
2.785158367680086733e-01
2.854966675993613756e-01
2.912467705826077280e-01
2.957411602233844250e-01
2.989624778431818619e-01
3.008994553881580991e-01
3.015457893943604417e-01
3.008994553881580991e-01
2.989624778431818619e-01
2.957411602233844250e-01
2.912467705826077280e-01
2.854966675993613756e-01
2.785158367680086733e-01
2.703387838431092760e-01
2.610116999879511512e-01
2.505947686035412958e-01
2.391644270966559738e-01
2.268153298000573637e-01
2.136616863514124720e-01
1.998375835295966574e-01
1.854958547512421951e-01
1.708050645352778285e-01
1.559442567217778353e-01
1.410953099977829972e-01
1.264330809353889362e-01
1.121139967120763498e-01
9.826433736508319305e-02
8.496999054425374842e-02
7.226975524718141919e-02
6.015406728147939391e-02
4.857016162004942211e-02
3.743326396652659621e-02
2.664182382966846785e-02
1.609367338317605270e-02
5.699826414794849361e-03
-4.606484521520353911e-03
-1.486638700798901570e-02
-2.509685557212120929e-02
-3.529537123299601037e-02
-4.544574098467116241e-02
-5.552341372804275171e-02
-6.549930925097563472e-02
-7.534189471614873013e-02
-8.501780521918984868e-02
-9.449162795691778971e-02
-1.037255486894503032e-01
-1.126794358373113397e-01
-1.213116808169282801e-01
-1.295808094994475024e-01
-1.374476179528571207e-01
-1.448774347286802544e-01
-1.518420990058288733e-01
-1.583213476231413175e-01
-1.643034687589363663e-01
-1.697852427997267322e-01
-1.747713064568681696e-01
-1.792731279636062547e-01
-1.833077777679842646e-01
-1.868966419867860163e-01
-1.900641772378669769e-01
-1.928367611024829065e-01
-1.952416599416054166e-01
-1.973061161702968913e-01
-1.990565478533840027e-01
-2.005178509825770172e-01
-2.017127957815371408e-01
-2.026615106036514791e-01
-2.033810491823672129e-01
-2.038850386598660969e-01
-2.041834068965372728e-01
-2.042821881907299075e-01
-2.041834068965372728e-01
-2.038850386598660969e-01
-2.033810491823672129e-01
-2.026615106036514791e-01
-2.017127957815371408e-01
-2.005178509825774613e-01
-1.990565478533840027e-01
-1.973061161702966970e-01
-1.952416599416054166e-01
-1.928367611024829065e-01
-1.900641772378671990e-01
-1.868966419867860163e-01
-1.833077777679842646e-01
-1.792731279636062547e-01
-1.747713064568681696e-01
-1.697852427997265101e-01
-1.643034687589363663e-01
-1.583213476231415395e-01
-1.518420990058288733e-01
-1.448774347286800324e-01
-1.374476179528573427e-01
-1.295808094994477244e-01
-1.213116808169285160e-01
-1.126794358373115756e-01
-1.037255486894503032e-01
-9.449162795691799788e-02
-8.501780521918984868e-02
-7.534189471614873013e-02
-6.549930925097541268e-02
-5.552341372804298070e-02
-4.544574098467116241e-02
