0.000000000000000000e+00
-2.622608379491340050e-28
-5.238898745800117773e-28
-7.842567289477110697e-28
-1.042734390484712313e-27
-1.298699917150503455e-27
-1.551536674325140313e-27
-1.800635875553202083e-27
-2.045397112174526042e-27
-2.285230664440140819e-27
-2.519559138552719121e-27
-2.747817659259572172e-27
-2.969456373561577417e-27
-3.183941413678150712e-27
-3.390756052605212963e-27
-3.589402244859145630e-27
-3.779401011662779609e-27
-3.960294752061328491e-27
-4.131648205887360762e-27
-4.293047683388822043e-27
-4.444105302274912745e-27
-4.584456676600154803e-27
-4.713763613066313818e-27
-4.831714496208387936e-27
-4.938025058766585600e-27
-5.032439922430281064e-27
-5.114731442280047755e-27
-5.184700862345624911e-27
-5.242179471163884210e-27
-5.287029757336796403e-27
-5.319143098415498051e-27
-5.338442072016224787e-27
-5.344880070634322439e-27
-5.338442072016224787e-27
-5.319143098415498051e-27
-5.287029757336796403e-27
-5.242179471163884210e-27
-5.184700862345624911e-27
-5.114731442280047755e-27
-5.032439922430281064e-27
-4.938025058766585600e-27
-4.831714496208387936e-27
-4.713763613066313818e-27
-4.584456676600154803e-27
-4.444105302274912745e-27
-4.293047683388822043e-27
-4.131648205887360762e-27
-3.960294752061328491e-27
-3.779401011662779609e-27
-3.589402244859145630e-27
-3.390756052605212963e-27
-3.183941413678150712e-27
-2.969456373561577417e-27
-2.747817659259572172e-27
-2.519559138552719121e-27
-2.285230664440140819e-27
-2.045397112174526042e-27
-1.800635875553202083e-27
-1.551536674325140313e-27
-1.298699917150503455e-27
-1.042734390484712313e-27
-7.842567289477110697e-28
-5.238898745800117773e-28
-2.622608379491340050e-28
-6.544063828396895721e-43
2.622608379491340050e-28
5.238898745800117773e-28
7.842567289477110697e-28
1.042734390484712313e-27
1.298699917150503455e-27
1.551536674325140313e-27
1.800635875553202083e-27
2.045397112174526042e-27
2.285230664440140819e-27
2.519559138552719121e-27
2.747817659259572172e-27
2.969456373561577417e-27
3.183941413678150712e-27
3.390756052605212963e-27
3.589402244859145630e-27
3.779401011662779609e-27
3.960294752061328491e-27
4.131648205887360762e-27
4.293047683388822043e-27
4.444105302274912745e-27
4.584456676600154803e-27
4.713763613066313818e-27
4.831714496208387936e-27
4.938025058766585600e-27
5.032439922430281064e-27
5.114731442280047755e-27
5.184700862345624911e-27
5.242179471163884210e-27
5.287029757336796403e-27
5.319143098415498051e-27
5.338442072016224787e-27
5.344880070634322439e-27
5.338442072016224787e-27
5.319143098415498051e-27
5.287029757336796403e-27
5.242179471163884210e-27
5.184700862345624911e-27
5.114731442280047755e-27
5.032439922430281064e-27
4.938025058766585600e-27
4.831714496208387936e-27
4.713763613066313818e-27
4.584456676600154803e-27
4.444105302274912745e-27
4.293047683388822043e-27
4.131648205887360762e-27
3.960294752061328491e-27
3.779401011662779609e-27
3.589402244859145630e-27
3.390756052605212963e-27
3.183941413678150712e-27
2.969456373561577417e-27
2.747817659259572172e-27
2.519559138552719121e-27
2.285230664440140819e-27
2.045397112174526042e-27
1.800635875553202083e-27
1.551536674325140313e-27
1.298699917150503455e-27
1.042734390484712313e-27
7.842567289477110697e-28
5.238898745800117773e-28
2.622608379491340050e-28
