-3.285509181287325498e-01
-1.316689973803662206e-01
-7.050734935668358239e-03
3.306578942773776703e-02
-1.158441853638031600e-02
-1.299085737007077690e-01
-3.015180919855315889e-01
-4.998774149775512265e-01
-6.960531419942633802e-01
-8.625250953514094210e-01
-9.765472932035583753e-01
-1.022643203627233710e+00
-9.939682317815761170e-01
-8.924486296650350203e-01
-7.277826972656045168e-01
-5.155415313141681333e-01
-2.747122005574633152e-01
-2.507368367376266310e-02
2.152176763189370123e-01
4.315244886182872386e-01
6.139056837870993100e-01
7.575024229240576723e-01
8.621868620135946237e-01
9.316336208767854732e-01
9.720429011253099993e-01
9.907686666943485987e-01
9.950848815601541775e-01
9.912647806592281841e-01
9.840657654161081291e-01
9.766224080920419270e-01
9.706692552661561058e-01
9.669580851601535798e-01
9.657104010472679079e-01
9.669580851601535798e-01
9.706692552661563278e-01
9.766224080920419270e-01
9.840657654161081291e-01
9.912647806592281841e-01
9.950848815601541775e-01
9.907686666943485987e-01
9.720429011253099993e-01
9.316336208767858063e-01
8.621868620135949568e-01
7.575024229240576723e-01
6.139056837871006422e-01
4.315244886182879602e-01
2.152176763189377062e-01
-2.507368367376356516e-02
-2.747122005574625381e-01
-5.155415313141666900e-01
-7.277826972656045168e-01
-8.924486296650344652e-01
-9.939682317815761170e-01
-1.022643203627233710e+00
-9.765472932035588194e-01
-8.625250953514090879e-01
-6.960531419942639353e-01
-4.998774149775521702e-01
-3.015180919855318109e-01
-1.299085737007084074e-01
-1.158441853638091101e-02
3.306578942773785029e-02
-7.050734935667910680e-03
-1.316689973803663871e-01
-3.285509181287321057e-01
-5.744897496283539740e-01
-8.378849584318893706e-01
-1.082611484186067674e+00
-1.272709032120627137e+00
-1.377277668263347410e+00
-1.374908354665855370e+00
-1.257012982764754483e+00
-1.029546500421691935e+00
-7.128189635231693133e-01
-3.393511154514533557e-01
5.000146961181101135e-02
4.111818064649077620e-01
7.026585347786754587e-01
8.909800871000572720e-01
9.553915234632277542e-01
8.908586507477531669e-01
7.090474850161676557e-01
4.370784662633366291e-01
1.141774150310687630e-01
-2.133628438068180810e-01
-4.982561495633069937e-01
-6.985242226228266516e-01
-7.831733619822114356e-01
-7.364675091281507324e-01
-5.602002847868312596e-01
-2.736351688515879510e-01
8.890173304452933523e-02
4.824712705772780108e-01
8.574266668182547457e-01
1.165985408891743402e+00
1.368582684171897101e+00
1.439147035667204699e+00
1.368582684171897101e+00
1.165985408891743402e+00
8.574266668182547457e-01
4.824712705772827293e-01
8.890173304452933523e-02
-2.736351688515858971e-01
-5.602002847868301494e-01
-7.364675091281500663e-01
-7.831733619822117687e-01
-6.985242226228269846e-01
-4.982561495633091031e-01
-2.133628438068208011e-01
1.141774150310662650e-01
4.370784662633344642e-01
7.090474850161659903e-01
8.908586507477525007e-01
9.553915234632276432e-01
8.909800871000596034e-01
7.026585347786754587e-01
4.111818064649097049e-01
5.000146961181390487e-02
-3.393511154514508577e-01
-7.128189635231632071e-01
-1.029546500421687494e+00
-1.257012982764754927e+00
-1.374908354665854704e+00
-1.377277668263348076e+00
-1.272709032120628025e+00
-1.082611484186071449e+00
-8.378849584318891486e-01
-5.744897496283557503e-01
