1.189492159452940762e-01
3.444713772256250556e-02
2.141927615874853197e-01
1.651709550667227865e-03
1.204273513297450943e-01
-9.043151006976425654e-03
6.853464408517426221e-02
-1.076568787419971904e-02
3.946809099601904236e-02
-9.328197217151180595e-03
2.298816119213587666e-02
-7.154327024004359520e-03
1.353196819655513687e-02
-5.147617335771765591e-03
8.043116535245557405e-03
-3.563542879070246555e-03
4.822388585664172909e-03
-2.405188411601604306e-03
2.913589650336968588e-03
-1.595105637177848769e-03
1.772086263966137550e-03
-1.044598384913410487e-03
1.083971762832199948e-03
-6.777463220282734175e-04
6.662682395150899698e-04
-4.366628433739893939e-04
4.111879576346085256e-04
-2.798387777108349403e-04
2.546222347420901079e-04
-1.786005919019620185e-04
1.581112619346835830e-04
-1.136236764631188168e-04
9.840659120827000884e-05
-7.210540103046133621e-05
6.136199625193389251e-05
-4.566798134413900209e-05
3.832111150552080104e-05
-2.887890401851692275e-05
2.396159109001073860e-05
-1.823957794255858653e-05
1.499788386280940109e-05
-1.150864351417362005e-05
9.395017325724751777e-06
-7.255970793430695820e-06
5.889120421798972656e-06
-4.571908830527453623e-06
3.693459231033569084e-06
-2.879285016578553118e-06
2.317402530922671829e-06
-1.812592013193627023e-06
1.454516910870134227e-06
-1.140717784352410038e-06
9.131792099673335075e-07
-7.177059849576555853e-07
5.734422259863787109e-07
-4.514680789194412625e-07
3.601644044037542467e-07
-2.839469258380883462e-07
2.262424661072040019e-07
-1.785627806085299147e-07
1.421338177546281034e-07
-1.122792652561479025e-07
8.930192507060994409e-08
-7.059468528022058800e-08
5.611208527259284164e-08
-4.438287757644803894e-08
3.525963615447614072e-08
-2.790202127749175956e-08
2.215745982747141804e-08
-1.754030915569439274e-08
1.392447223532265475e-08
-1.102614971479714646e-08
8.750862442037801030e-09
-6.931042319122332501e-09
5.499632533354694938e-09
-4.356759766866244206e-09
3.456408562278008935e-09
-2.738551903896028135e-09
2.172317786736166242e-09
-1.721361816956800645e-09
1.365297098589000622e-09
-1.081977931323927905e-09
8.580950694142215277e-10
-6.800810436668966943e-10
5.393208359629080804e-10
-4.274642038184702644e-10
3.389704511567222421e-10
-2.686805828197194270e-10
2.130486416117551361e-10
-1.688771002269565390e-10
1.339052272457584591e-10
-1.061459925204290734e-10
8.416233237861754825e-11
-6.671678720149614688e-11
5.289799039287386112e-11
-4.193393234160838937e-11
3.324769409444160318e-11
-2.635695340629828469e-11
2.089703380077140776e-11
-1.656624760332216681e-11
1.313434345593521550e-11
-1.041244073704103111e-11
8.255294673065498721e-12
-6.544560700347088837e-12
5.188683527993661629e-12
-4.113467848761040368e-12
3.261235034458951973e-12
-2.585445772049851903e-12
2.049780075464143864e-12
-1.625034306001260626e-12
1.288346367614105508e-12
-1.021384948404926446e-12
8.097634480510516548e-13
-6.419722098900605914e-13
5.089602100092291266e-13
-4.034993942061402777e-13
3.198965798012542723e-13
-2.536117976104232848e-13
2.010645222031226305e-13
-1.594027989504198417e-13
1.263750564268986742e-13
-1.001895378821006685e-13
7.943050662120161424e-14
-6.297218402252247751e-14
4.992445650512353102e-14
-3.957993710855632194e-14
3.137902125559770552e-14
-2.487719513350711674e-14
