2.609432673184677864e-01
-2.577837059566313524e-02
-2.993396921191824878e-01
-5.337994358231479275e-01
-7.080122391509581226e-01
-8.079991274618282260e-01
-8.284791542334822845e-01
-7.733758168866128324e-01
-6.552322167752624438e-01
-4.935987407986319742e-01
-3.125808291963748098e-01
-1.378371340464087103e-01
6.612658221919046064e-03
1.013846958968257495e-01
1.341668847966677458e-01
1.012927946741035146e-01
8.254324980478691676e-03
-1.309189118041581557e-01
-2.953482153363887752e-01
-4.598663491020485439e-01
-5.981456851176032430e-01
-6.860173833172052982e-01
-7.045780472395842819e-01
-6.427022627269028954e-01
-4.986481177437047108e-01
-2.805502165476970733e-01
-5.728008553620939601e-03
3.011196653072437668e-01
6.106274829707830643e-01
8.920665257002515780e-01
1.116846482423247799e+00
1.261800452925293081e+00
1.311860036323332368e+00
1.261800452925293081e+00
1.116846482423252240e+00
8.920665257002515780e-01
6.106274829707830643e-01
3.011196653072437668e-01
-5.728008553620939601e-03
-2.805502165476970733e-01
-4.986481177437047108e-01
-6.427022627269023403e-01
-7.045780472395840599e-01
-6.860173833172052982e-01
-5.981456851176043532e-01
-4.598663491020490990e-01
-2.953482153363891638e-01
-1.309189118041576283e-01
8.254324980478289220e-03
1.012927946741031121e-01
1.341668847966677458e-01
1.013846958968259576e-01
6.612658221919046064e-03
-1.378371340464083494e-01
-3.125808291963738661e-01
-4.935987407986321962e-01
-6.552322167752619997e-01
-7.733758168866121663e-01
-8.284791542334823955e-01
-8.079991274618284480e-01
-7.080122391509591218e-01
-5.337994358231482606e-01
-2.993396921191836535e-01
-2.577837059566286809e-02
2.609432673184670648e-01
5.330142361737147949e-01
7.638903416787096168e-01
9.312748705685940376e-01
1.019599589391785965e+00
1.021724266068481102e+00
9.396668556278086060e-01
7.842907779147960667e-01
5.739967387128016574e-01
3.325801887790945099e-01
8.650881298025420163e-02
-1.380629477097668478e-01
-3.182000084627457093e-01
-4.366851874927487609e-01
-4.838332195343997832e-01
-4.584250692608008992e-01
-3.676699034924914011e-01
-2.262133627825405335e-01
-5.431811940134551736e-02
1.245658575061265316e-01
2.865583348767756222e-01
4.101173015610286576e-01
4.785060310234634517e-01
4.816837107073640989e-01
4.174126396812443129e-01
2.914651775758808072e-01
1.169157099479481848e-01
-8.739452670059121020e-02
-2.990401327299529455e-01
-4.945910909548017487e-01
-6.522958328637246117e-01
-7.545645873472397458e-01
-7.899735016863966841e-01
-7.545645873472397458e-01
-6.522958328637246117e-01
-4.945910909548017487e-01
-2.990401327299554435e-01
-8.739452670059121020e-02
1.169157099479469913e-01
2.914651775758800301e-01
4.174126396812438688e-01
4.816837107073638213e-01
4.785060310234635073e-01
4.101173015610294903e-01
2.865583348767770100e-01
1.245658575061278223e-01
-5.431811940134425448e-02
-2.262133627825393956e-01
-3.676699034924905685e-01
-4.584250692608004552e-01
-4.838332195344000053e-01
-4.366851874927487609e-01
-3.182000084627466530e-01
-1.380629477097684576e-01
8.650881298025266120e-02
3.325801887790904576e-01
5.739967387127979936e-01
7.842907779147965108e-01
9.396668556278077178e-01
1.021724266068480880e+00
1.019599589391786187e+00
9.312748705685962580e-01
7.638903416787093947e-01
5.330142361737166823e-01
