-3.197517222918547231e-01
-4.480418153711699519e-02
1.697769946764653495e-02
3.420262713077295430e-02
-3.608008110829398398e-03
-2.395713485753971778e-02
-3.074145045269696327e-03
1.549154671179152863e-02
5.644041371234599300e-03
-9.175915599322409175e-03
-5.928173775927232311e-03
4.840089885695515737e-03
5.122399014347016333e-03
-2.093790291790368664e-03
-3.945494717829960314e-03
5.076945208037251731e-04
2.784666729914690199e-03
2.976076919643436515e-04
-1.814409742645230368e-03
-6.188218940278940100e-04
1.084424423017465089e-03
6.680097742644784935e-04
-5.795105205472420159e-04
-5.850624565925524124e-04
2.571939680304235229e-04
4.547944797009452087e-04
-6.923494760889236364e-05
-3.234523223426944262e-04
-2.762848720345150255e-05
2.123496111545952433e-04
6.755407198364742007e-05
-1.280365044563981137e-04
-7.514572721225101521e-05
6.927938857148469303e-05
6.675593662028670718e-05
-3.148058605160622750e-05
-5.238357658141201277e-05
9.230036137272425959e-06
3.754444173905617348e-05
2.399842739429956899e-06
-2.483405031251755590e-05
-7.338289199051909568e-06
1.510309091988339868e-05
8.437918666708913088e-06
-8.270239266515366989e-06
-7.608863587022819336e-06
3.840886817377592755e-06
6.028860954772637641e-06
-1.209536971295421998e-06
-4.354903825555983338e-06
-1.844359868591035639e-07
2.902201583946332584e-06
7.926555037376842738e-07
-1.779947205518390437e-06
-9.456261429960345782e-07
9.859074890248285629e-07
8.663107805608546110e-07
-4.672572032930795225e-07
-6.933121414475651055e-07
1.563779725710795956e-07
5.047865923539924143e-07
1.043942873946830358e-08
-3.389182590372302787e-07
-8.506131532134659287e-08
2.095889500792523355e-07
1.057529843734802809e-07
-1.173782999268822336e-07
-9.852163686998333488e-08
5.669264645215867749e-08
7.966513982328334147e-08
-1.999875390596957247e-08
-5.846981673878363979e-08
6.562382354634231779e-11
3.955056499453447845e-08
9.058243758367835069e-09
-2.465808803554542307e-08
-1.179999378496808460e-08
1.395724332853655850e-08
1.119106539140568617e-08
-6.861812480933925573e-09
-9.146303956746144031e-09
2.534708669676547046e-09
6.767811369046998312e-09
-1.562697084601267700e-10
-4.612148088200835445e-09
-9.558274899849455020e-10
2.898605301979482014e-09
1.313418625612459390e-09
-1.657661168570343301e-09
-1.269605582075355088e-09
8.286571847655995371e-10
1.049184173388155835e-09
-3.188409041081366099e-10
-7.828071968665758835e-10
3.542610320884206325e-11
5.374631122142276919e-10
9.974384599814182261e-11
-3.404595663226712157e-10
-1.458009034763063787e-10
1.966518347177649606e-10
1.438456996409182066e-10
-9.986353666487158548e-11
-1.202476930004071840e-10
3.984942978160306743e-11
9.047913023640983062e-11
-6.121042863735262952e-12
-6.258792473079573512e-11
-1.026583856982264726e-11
3.995730065887828559e-11
1.613766630670187117e-11
-2.330377120643117947e-11
-1.627518005357518664e-11
1.201152641143430962e-11
1.376923699087220440e-11
-4.952809835164912028e-12
-1.045022340099094765e-11
9.438019394179379904e-13
7.283331564251281831e-12
1.038099347739087202e-12
-4.685841053527669600e-12
-1.780383031481158678e-12
2.758661596851651629e-12
1.838749062052796070e-12
-1.442130094320965143e-12
-1.575212823781410209e-12
6.125858885985686224e-13
1.206097129294573951e-12
-1.366265196776708686e-13
