1.561746527407967822e-01
-8.865062218733267552e-02
3.295262454097649257e-02
-4.042863858795780335e-02
1.595305920353473628e-02
-1.846763858398324520e-02
7.686941877180900919e-03
-8.449063829466743267e-03
3.689175172665505424e-03
-3.871159787177612475e-03
1.764502999814474525e-03
-1.776109681631773485e-03
8.414710070108429637e-04
-8.159365918049785735e-04
4.002676897364920911e-04
-3.752872948348324111e-04
1.899764205551887218e-04
-1.728050061721904678e-04
8.999275303142072256e-05
-7.965250195619804480e-05
4.255757480696610974e-05
-3.675025623704996210e-05
2.009535762325822988e-05
-1.697102265998596578e-05
9.476325264746499844e-06
-7.843553763784416724e-06
4.463496085385500581e-06
-3.627832256330045890e-06
2.100189136184164660e-06
-1.679132254445693965e-06
9.872781823508553469e-07
-7.776811971056908262e-07
