-3.847715147981358719e-01
-3.401524632566539919e-01
-2.612188988756555807e-01
-1.527068703992820742e-01
-2.201149337703358147e-02
1.214546897778367995e-01
2.670806231677692044e-01
4.039818899151145226e-01
5.219518058800248772e-01
6.123558327351688035e-01
6.688915078330474051e-01
6.881476381746917115e-01
6.699137927862675035e-01
6.172126631885344050e-01
5.360517895803973420e-01
4.349154078190366479e-01
3.240396667807698416e-01
2.145332556284397507e-01
1.174189425545690141e-01
4.267849563795925866e-02
-1.616673714567651472e-03
-1.001402866729727247e-02
1.983382732138621804e-02
8.694754407348946612e-02
1.870838061076392500e-01
3.130778283580926136e-01
4.554368651113920308e-01
6.031344449281685893e-01
7.445377573437281793e-01
8.683891180846976532e-01
9.647577199038227524e-01
1.025880344749970696e+00
1.046819160710630969e+00
1.025880344749970696e+00
9.647577199038246398e-01
8.683891180846976532e-01
7.445377573437281793e-01
6.031344449281685893e-01
4.554368651113920308e-01
3.130778283580926136e-01
1.870838061076392500e-01
8.694754407348992409e-02
1.983382732138652682e-02
-1.001402866729727247e-02
-1.616673714568027690e-03
4.267849563795902273e-02
1.174189425545688198e-01
2.145332556284401115e-01
3.240396667807694531e-01
4.349154078190360373e-01
5.360517895803973420e-01
6.172126631885342940e-01
6.699137927862675035e-01
6.881476381746918225e-01
6.688915078330476272e-01
6.123558327351688035e-01
5.219518058800250992e-01
4.039818899151152443e-01
2.670806231677694265e-01
1.214546897778373546e-01
-2.201149337703255451e-02
-1.527068703992819354e-01
-2.612188988756551367e-01
-3.401524632566541029e-01
-3.847715147981358164e-01
-3.934078048372934844e-01
-3.676012852544497389e-01
-3.119600170894480384e-01
-2.337517455992658977e-01
-1.422625671626035759e-01
-4.797832052000609859e-02
3.834026407125312730e-02
1.066083605831584930e-01
1.483111667248071253e-01
1.572635453551217422e-01
1.301689358041283051e-01
6.692857009023918391e-02
-2.932643561621670752e-02
-1.524836160139185215e-01
-2.939575624641902474e-01
-4.434149493642219331e-01
-5.896541409869379136e-01
-7.215638766542519233e-01
-8.290785630666172024e-01
-9.040478328035775890e-01
-9.409452524348618230e-01
-9.373547662667319758e-01
-8.941924681734103597e-01
-8.156439725708237720e-01
-7.088220577045154513e-01
-5.831732820019792651e-01
-4.496838604200634748e-01
-3.199523747257909667e-01
-2.052083907396278217e-01
-1.153607752405121784e-01
-5.815703665236973685e-02
-3.852556594745415453e-02
-5.815703665236973685e-02
-1.153607752405121784e-01
-2.052083907396278217e-01
-3.199523747257894124e-01
-4.496838604200634748e-01
-5.831732820019784880e-01
-7.088220577045147852e-01
-8.156439725708234390e-01
-8.941924681734098046e-01
-9.373547662667317537e-01
-9.409452524348619340e-01
-9.040478328035781441e-01
-8.290785630666177575e-01
-7.215638766542527005e-01
-5.896541409869389128e-01
-4.434149493642228768e-01
-2.939575624641911911e-01
-1.524836160139209362e-01
-2.932643561621670752e-02
6.692857009023871206e-02
1.301689358041278610e-01
1.572635453551216589e-01
1.483111667248074861e-01
1.066083605831593811e-01
3.834026407125298852e-02
-4.797832052000530062e-02
-1.422625671626029098e-01
-2.337517455992652593e-01
-3.119600170894469282e-01
-3.676012852544497944e-01
-3.934078048372934289e-01
