-4.553523514565094819e-03
5.920368824527524020e-03
1.640910622470341876e-02
2.687296109619341858e-02
3.727943865238179943e-02
4.760589765502695747e-02
5.784073009234203672e-02
6.798313501776349910e-02
7.804158374558028965e-02
8.803115053951732216e-02
9.796998305015860997e-02
1.078752913471211494e-01
1.177593100505650997e-01
1.276257033008951769e-01
1.374668218075496551e-01
1.472620924752841842e-01
1.569776514729435135e-01
1.665671581414323310e-01
1.759735842534381478e-01
1.851316831913766003e-01
1.939708131938711333e-01
2.024178106637847807e-01
2.103996678027227063e-01
2.178458451543861807e-01
2.246901277694189347e-01
2.308720021321666871e-01
2.363375834844744783e-01
2.410401580164595325e-01
2.449404229530516841e-01
2.480065129041910676e-01
2.502138965333450815e-01
2.515452169396038551e-01
2.519901347814163528e-01
2.515452169396038551e-01
2.502138965333448595e-01
2.480065129041910676e-01
2.449404229530516841e-01
2.410401580164595325e-01
2.363375834844744783e-01
2.308720021321666871e-01
2.246901277694189347e-01
2.178458451543862640e-01
2.103996678027225675e-01
2.024178106637847807e-01
1.939708131938714941e-01
1.851316831913766003e-01
1.759735842534381478e-01
1.665671581414322200e-01
1.569776514729435135e-01
1.472620924752841842e-01
1.374668218075496551e-01
1.276257033008952879e-01
1.177593100505650997e-01
1.078752913471213576e-01
9.796998305015860997e-02
8.803115053951732216e-02
7.804158374558028965e-02
6.798313501776338807e-02
5.784073009234203672e-02
4.760589765502684645e-02
3.727943865238179943e-02
2.687296109619341858e-02
1.640910622470341876e-02
5.920368824527524020e-03
-4.553523514565094819e-03
-1.496962357632098881e-02
-2.528696341958346777e-02
-3.547246189428417823e-02
-4.550669776234347874e-02
-5.538835008051126718e-02
-6.513595475382473465e-02
-7.478588382468996654e-02
-8.438621448609733011e-02
-9.398727145584098719e-02
-1.036307066956782957e-01
-1.133395536827063316e-01
-1.231114753862515426e-01
-1.329164964412092031e-01
-1.426992696547793316e-01
-1.523848580279034415e-01
-1.618864369222141608e-01
-1.711132911669602241e-01
-1.799778443496352354e-01
-1.884009830885787218e-01
-1.963154366823921249e-01
-2.036673375774564754e-01
-2.104162960459028398e-01
-2.165343979495287507e-01
-2.220045205059155147e-01
-2.268182990006500921e-01
-2.309739984468959784e-01
-2.344744675953989443e-01
-2.373252882127317442e-01
-2.395331834862948484e-01
-2.411047153607146776e-01
-2.420452793550815496e-01
-2.423583941628280336e-01
-2.420452793550815496e-01
-2.411047153607146776e-01
-2.395331834862948484e-01
-2.373252882127317442e-01
-2.344744675953989443e-01
-2.309739984468959784e-01
-2.268182990006498700e-01
-2.220045205059155147e-01
-2.165343979495287507e-01
-2.104162960459028398e-01
-2.036673375774564754e-01
-1.963154366823921249e-01
-1.884009830885789161e-01
-1.799778443496352354e-01
-1.711132911669602241e-01
-1.618864369222139388e-01
-1.523848580279034415e-01
-1.426992696547797479e-01
-1.329164964412092031e-01
-1.231114753862515426e-01
-1.133395536827063316e-01
-1.036307066956785178e-01
-9.398727145584120923e-02
-8.438621448609753828e-02
-7.478588382468996654e-02
-6.513595475382473465e-02
-5.538835008051126718e-02
-4.550669776234369385e-02
-3.547246189428440027e-02
-2.528696341958324573e-02
-1.496962357632098881e-02
