-6.041830602043773979e-06
-2.664765119552612305e-01
-5.002556443214416504e-01
-6.724785566329956055e-01
-7.614849209785461426e-01
-7.553564310073852539e-01
-6.533128023147583008e-01
-4.658080041408538818e-01
-2.133119702339172363e-01
7.607974112033843994e-02
3.699262738227844238e-01
6.352306604385375977e-01
8.422944545745849609e-01
9.681869745254516602e-01
9.994223117828369141e-01
9.335338473320007324e-01
7.793601155281066895e-01
5.560075640678405762e-01
2.906164228916168213e-01
1.518413424491882324e-02
-2.371768653392791748e-01
-4.361125826835632324e-01
-5.575771331787109375e-01
-5.866460800170898438e-01
-5.192625522613525391e-01
-3.627122640609741211e-01
-1.347729563713073730e-01
1.383621692657470703e-01
4.251474440097808838e-01
6.923747062683105469e-01
9.090463519096374512e-01
1.050009965896606445e+00
1.098891019821166992e+00
1.050009965896606445e+00
9.090463519096374512e-01
6.923747062683105469e-01
4.251474440097808838e-01
1.383621692657470703e-01
-1.347729563713073730e-01
-3.627122640609741211e-01
-5.192625522613525391e-01
-5.866460800170898438e-01
-5.575771331787109375e-01
-4.361125826835632324e-01
-2.371768653392791748e-01
1.518413424491882324e-02
2.906164228916168213e-01
5.560075640678405762e-01
7.793601155281066895e-01
9.335338473320007324e-01
9.994223117828369141e-01
9.681869745254516602e-01
8.422944545745849609e-01
6.352306604385375977e-01
3.699262738227844238e-01
7.607974112033843994e-02
-2.133119702339172363e-01
-4.658080041408538818e-01
-6.533128023147583008e-01
-7.553564310073852539e-01
-7.614849209785461426e-01
-6.724785566329956055e-01
-5.002556443214416504e-01
-2.664765119552612305e-01
-6.041830602043773979e-06
2.664646506309509277e-01
5.002444386482238770e-01
6.724683046340942383e-01
7.614760398864746094e-01
7.553492188453674316e-01
6.533074975013732910e-01
4.658047556877136230e-01
2.133108675479888916e-01
-7.607866823673248291e-02
-3.699231147766113281e-01
-6.352255344390869141e-01
-8.422876596450805664e-01
-9.681786298751831055e-01
-9.994128942489624023e-01
-9.335236549377441406e-01
-7.793495655059814453e-01
-5.559971332550048828e-01
-2.906064093112945557e-01
-1.517492532730102539e-02
2.371849119663238525e-01
4.361191391944885254e-01
5.575820207595825195e-01
5.866491198539733887e-01
5.192636847496032715e-01
3.627114295959472656e-01
1.347702145576477051e-01
-1.383666396141052246e-01
-4.251534640789031982e-01
-6.923819780349731445e-01
-9.090545177459716797e-01
-1.050018787384033203e+00
-1.098899960517883301e+00
-1.050018787384033203e+00
-9.090545177459716797e-01
-6.923819780349731445e-01
-4.251534640789031982e-01
-1.383666396141052246e-01
1.347702145576477051e-01
3.627114295959472656e-01
5.192636847496032715e-01
5.866491198539733887e-01
5.575820207595825195e-01
4.361191391944885254e-01
2.371849119663238525e-01
-1.517492532730102539e-02
-2.906064093112945557e-01
-5.559971332550048828e-01
-7.793495655059814453e-01
-9.335236549377441406e-01
-9.994128942489624023e-01
-9.681786298751831055e-01
-8.422876596450805664e-01
-6.352255344390869141e-01
-3.699231147766113281e-01
-7.607866823673248291e-02
2.133108675479888916e-01
4.658047556877136230e-01
6.533074975013732910e-01
7.553492188453674316e-01
7.614760398864746094e-01
6.724683046340942383e-01
5.002444386482238770e-01
2.664646506309509277e-01
