8.000000000000001554e-02
8.221502573078942611e-02
8.883877101451401193e-02
9.980744556318395244e-02
1.150154150448081114e-01
1.343162183997566872e-01
1.575239783408292071e-01
1.844151914531410030e-01
2.147308806541881332e-01
2.481790892847230978e-01
2.844376928109829672e-01
3.231575010600410414e-01
3.639656211120587126e-01
4.064690484629473466e-01
4.502584518725810114e-01
4.949121154484020790e-01
5.400000000000000355e-01
5.850878845515978810e-01
6.297415481274190041e-01
6.735309515370526690e-01
7.160343788879413029e-01
7.568424989399590297e-01
7.955623071890169928e-01
8.318209107152769732e-01
8.652691193458118546e-01
8.955848085468590680e-01
9.224760216591708639e-01
9.456837816002433561e-01
9.649845849551919041e-01
9.801925544368160770e-01
9.911612289854860869e-01
9.977849742692106449e-01
1.000000000000000000e+00
9.977849742692106449e-01
9.911612289854860869e-01
9.801925544368161880e-01
9.649845849551920152e-01
9.456837816002433561e-01
9.224760216591709749e-01
8.955848085468590680e-01
8.652691193458119656e-01
8.318209107152771953e-01
7.955623071890171039e-01
7.568424989399590297e-01
7.160343788879416360e-01
6.735309515370527800e-01
6.297415481274192262e-01
5.850878845515978810e-01
5.400000000000001465e-01
4.949121154484024121e-01
4.502584518725810114e-01
4.064690484629474576e-01
3.639656211120586016e-01
3.231575010600411524e-01
2.844376928109831892e-01
2.481790892847230423e-01
2.147308806541882442e-01
1.844151914531411696e-01
1.575239783408292071e-01
1.343162183997567982e-01
1.150154150448082224e-01
9.980744556318395244e-02
8.883877101451406744e-02
8.221502573078942611e-02
