1.254018343932312707e+00
1.127832097207068562e+00
9.408961860687488077e-01
7.090348404963797702e-01
4.493652239225712774e-01
1.789971570463073647e-01
-8.603000615072650681e-02
-3.315379727531720389e-01
-5.457342287021019755e-01
-7.195080116952138338e-01
-8.465505918977520583e-01
-9.233541695109264147e-01
-9.491328272898315044e-01
-9.256904835282676602e-01
-8.572401862874651224e-01
-7.501618074899600863e-01
-6.126755890729196352e-01
-4.544095654532116502e-01
-2.858498801436752945e-01
-1.176824207916485204e-01
3.994183219752588804e-02
1.781617653213646013e-01
2.901073565252149100e-01
3.714649255691243046e-01
4.208285997680393797e-01
4.397778511340436070e-01
4.326501616180650212e-01
4.060148085066020429e-01
3.678931192452592480e-01
3.268063449641782636e-01
2.907588709683152084e-01
2.662773872148052612e-01
2.576234342152373125e-01
2.662773872148052612e-01
2.907588709683144312e-01
3.268063449641782636e-01
3.678931192452592480e-01
4.060148085066020429e-01
4.326501616180650212e-01
4.397778511340436070e-01
4.208285997680393797e-01
3.714649255691246377e-01
2.901073565252152431e-01
1.781617653213646013e-01
3.994183219752713010e-02
-1.176824207916477710e-01
-2.858498801436748504e-01
-4.544095654532124273e-01
-6.126755890729191911e-01
-7.501618074899593092e-01
-8.572401862874651224e-01
-9.256904835282675492e-01
-9.491328272898315044e-01
-9.233541695109265257e-01
-8.465505918977526134e-01
-7.195080116952137228e-01
-5.457342287021024196e-01
-3.315379727531734266e-01
-8.603000615072675661e-02
1.789971570463061989e-01
4.493652239225693346e-01
7.090348404963794371e-01
9.408961860687481416e-01
1.127832097207068784e+00
1.254018343932312485e+00
1.306377764558232402e+00
1.276058769744065735e+00
1.159772680766386177e+00
9.608063752698450255e-01
6.895327721058291948e-01
3.632746964976619197e-01
5.436642853292887080e-03
-3.561012165328694690e-01
-6.912405964050273299e-01
-9.703958255003970468e-01
-1.167439556632100084e+00
-1.262550310308468982e+00
-1.244628490094453088e+00
-1.112968024427647196e+00
-8.779328651434006314e-01
-5.604864168753286302e-01
-1.905474639919825797e-01
1.957160834188023113e-01
5.594112189875880548e-01
8.629061434987285173e-01
1.073849613713033113e+00
1.168769033288121539e+00
1.135822055340406145e+00
9.763584204907715947e-01
7.050754690800503655e-01
3.487080911613974488e-01
-5.663670863495797597e-02
-4.692295565356245368e-01
-8.461493727153084343e-01
-1.147904734882733813e+00
-1.342725910025057035e+00
-1.410039260231039426e+00
-1.342725910025057035e+00
-1.147904734882733813e+00
-8.461493727153084343e-01
-4.692295565356294218e-01
-5.663670863495797597e-02
3.487080911613950618e-01
7.050754690800487001e-01
9.763584204907704844e-01
1.135822055340405479e+00
1.168769033288121317e+00
1.073849613713034223e+00
8.629061434987309598e-01
5.594112189875904972e-01
1.957160834188050591e-01
-1.905474639919800262e-01
-5.604864168753264098e-01
-8.779328651433988551e-01
-1.112968024427643865e+00
-1.244628490094453088e+00
-1.262550310308469204e+00
-1.167439556632100972e+00
-9.703958255003983790e-01
-6.912405964050323259e-01
-3.561012165328751866e-01
5.436642853293595715e-03
3.632746964976590331e-01
6.895327721058270853e-01
9.608063752698431381e-01
1.159772680766383735e+00
1.276058769744066179e+00
1.306377764558232624e+00
