-3.695496058164379205e-01
-2.531755110871843351e-01
-1.265867077264616058e-01
7.919095082205156871e-03
1.477006867303716497e-01
2.898463147767499359e-01
4.312585548951106129e-01
5.687483455518136388e-01
6.991350441006330962e-01
8.193490741534141808e-01
9.265335703535412248e-01
1.018141393742535872e+00
1.092023991595952870e+00
1.146508807728449542e+00
1.180462305679857993e+00
1.193336136015960891e+00
1.185194544019539720e+00
1.156721755390030859e+00
1.109208772292117562e+00
1.044519735114045167e+00
9.650387303043109766e-01
8.735986250884875126e-01
7.733941599056433081e-01
6.678821049357059891e-01
5.606717666225110586e-01
4.554094955699894975e-01
3.556610846555351979e-01
2.647960463699987610e-01
1.858777169747067581e-01
1.215629529647301033e-01
7.401486861278445961e-02
4.483162306145734022e-02
3.499371710938731228e-02
4.483162306145734022e-02
7.401486861278354368e-02
1.215629529647301033e-01
1.858777169747067581e-01
2.647960463699987610e-01
3.556610846555351979e-01
4.554094955699894975e-01
5.606717666225110586e-01
6.678821049357053230e-01
7.733941599056428640e-01
8.735986250884875126e-01
9.650387303043101994e-01
1.044519735114044723e+00
1.109208772292117562e+00
1.156721755390030859e+00
1.185194544019539498e+00
1.193336136015960891e+00
1.180462305679857993e+00
1.146508807728449542e+00
1.092023991595952870e+00
1.018141393742536316e+00
9.265335703535416689e-01
8.193490741534140698e-01
6.991350441006334293e-01
5.687483455518144160e-01
4.312585548951107794e-01
2.898463147767505466e-01
1.477006867303727322e-01
7.919095082205300853e-03
-1.265867077264610507e-01
-2.531755110871844461e-01
-3.695496058164376985e-01
-4.738135800219033245e-01
-5.645172650139546056e-01
-6.406817647484236433e-01
-7.018081505090441041e-01
-7.478690543745853958e-01
-7.792840257045071661e-01
-7.968801007317257712e-01
-8.018395546605799895e-01
-7.956372395127071506e-01
-7.799702439205727922e-01
-7.566828317775963209e-01
-7.276897182231296668e-01
-6.949007216768455786e-01
-6.601496920934454282e-01
-6.251303654475578453e-01
-5.913414441374313935e-01
-5.600427677860319031e-01
-5.322239372796094825e-01
-5.085862077183664898e-01
-4.895378957665529329e-01
-4.752029768915956853e-01
-4.654420011715441063e-01
-4.598839546038602788e-01
-4.579672560625640543e-01
-4.589877253626305498e-01
-4.621510990132062791e-01
-4.666275169339949569e-01
-4.716053611066161610e-01
-4.763418967457941910e-01
-4.802083444712890170e-01
-4.827272901247714465e-01
-4.836007052407277906e-01
-4.827272901247714465e-01
-4.802083444712890170e-01
-4.763418967457941910e-01
-4.716053611066161610e-01
-4.666275169339949569e-01
-4.621510990132062235e-01
-4.589877253626303832e-01
-4.579672560625641098e-01
-4.598839546038601678e-01
-4.654420011715441063e-01
-4.752029768915955188e-01
-4.895378957665528219e-01
-5.085862077183662677e-01
-5.322239372796093715e-01
-5.600427677860316811e-01
-5.913414441374313935e-01
-6.251303654475575122e-01
-6.601496920934448731e-01
-6.949007216768455786e-01
-7.276897182231293337e-01
-7.566828317775960988e-01
-7.799702439205726812e-01
-7.956372395127070396e-01
-8.018395546605801005e-01
-7.968801007317257712e-01
-7.792840257045073882e-01
-7.478690543745857289e-01
-7.018081505090444372e-01
-6.406817647484247535e-01
-5.645172650139543835e-01
-4.738135800219039906e-01
