-1.758345521013221502e-01
-1.825540879034548702e-01
-1.931674225801571776e-01
-2.075838508736371213e-01
-2.254747592536027745e-01
-2.462920689172836131e-01
-2.692957114389078477e-01
-2.935889497533476500e-01
-3.181600566765987459e-01
-3.419286222697845434e-01
-3.637945891266042842e-01
-3.826880175079068747e-01
-3.976175636404438163e-01
-4.077157148693613120e-01
-4.122789620760098916e-01
-4.108012972638942495e-01
-4.029996941671915023e-01
-3.888305514378833094e-01
-3.684964387266246311e-01
-3.424428716094919389e-01
-3.113452367131742116e-01
-2.760863780928008993e-01
-2.377257247095342363e-01
-1.974611723712253741e-01
-1.565852187687036268e-01
-1.164370761919517466e-01
-7.835264440063960389e-02
-4.361430987193577746e-02
-1.340254407192913687e-02
1.124879767009679711e-02
2.949172080662347192e-02
4.069633842908472465e-02
4.447485402372491903e-02
4.069633842908472465e-02
2.949172080662380499e-02
1.124879767009679711e-02
-1.340254407192913687e-02
-4.361430987193577746e-02
-7.835264440063960389e-02
-1.164370761919517466e-01
-1.565852187687036268e-01
-1.974611723712250688e-01
-2.377257247095340142e-01
-2.760863780928008993e-01
-3.113452367131739895e-01
-3.424428716094918279e-01
-3.684964387266245756e-01
-3.888305514378833649e-01
-4.029996941671915023e-01
-4.108012972638941940e-01
-4.122789620760098916e-01
-4.077157148693613120e-01
-3.976175636404438163e-01
-3.826880175079068747e-01
-3.637945891266043952e-01
-3.419286222697845434e-01
-3.181600566765989124e-01
-2.935889497533478165e-01
-2.692957114389078477e-01
-2.462920689172836963e-01
-2.254747592536029688e-01
-2.075838508736371490e-01
-1.931674225801572331e-01
-1.825540879034548702e-01
-1.758345521013221502e-01
-1.728530404763318207e-01
-1.732090531884387108e-01
-1.762694981247811543e-01
-1.811908451911991014e-01
-1.869505483884795205e-01
-1.923866116325767817e-01
-1.962438449047648470e-01
-1.972250818805887373e-01
-1.940454195639969848e-01
-1.854874030728490553e-01
-1.704550202309422502e-01
-1.480243936617128830e-01
-1.174891621776344708e-01
-7.839872484067109126e-02
-3.058777358133624516e-02
2.580414557672428000e-02
9.032393850081009423e-02
1.622076314491064652e-01
2.403944755589648707e-01
3.235521335319323510e-01
4.101121781829247248e-01
4.983147424941212211e-01
5.862608121298771291e-01
6.719703573258901663e-01
7.534442729251932258e-01
8.287279418869900605e-01
8.959741648264236691e-01
9.535032090001287486e-01
9.998578244258443659e-01
1.033851249156170660e+00
1.054606473733005423e+00
1.061585347359853548e+00
1.054606473733005423e+00
1.033851249156170660e+00
9.998578244258443659e-01
9.535032090001294147e-01
8.959741648264236691e-01
8.287279418869905045e-01
7.534442729251936699e-01
6.719703573258906104e-01
5.862608121298781283e-01
4.983147424941214432e-01
4.101121781829254465e-01
3.235521335319330727e-01
2.403944755589654814e-01
1.622076314491070204e-01
9.032393850081062159e-02
2.580414557672464082e-02
-3.058777358133589822e-02
-7.839872484067030023e-02
-1.174891621776344708e-01
-1.480243936617127720e-01
-1.704550202309420837e-01
-1.854874030728489720e-01
-1.940454195639968737e-01
-1.972250818805887373e-01
-1.962438449047648747e-01
-1.923866116325768094e-01
-1.869505483884794927e-01
-1.811908451911991846e-01
-1.762694981247812653e-01
-1.732090531884386830e-01
-1.728530404763317652e-01
