-1.894931748745417310e-01
4.917798033221549847e-01
1.417872755608028945e-01
3.445144274570134946e-01
5.306101212406585249e-02
2.483984234986802986e-01
1.652192602116271582e-03
1.846756752434154103e-01
-2.691061122677211939e-02
1.415877832360991628e-01
-4.160934589528470645e-02
1.117495219435314657e-01
-4.800553199549244254e-02
9.051020244591133357e-02
-4.953093955877869298e-02
7.493041261214490600e-02
-4.829254592504422100e-02
6.314287995986969659e-02
-4.557441918232597172e-02
5.395312374614360390e-02
-4.215050779303968626e-02
4.658981126407558959e-02
-3.847946555673460028e-02
4.054859049286750616e-02
-3.482589814919840460e-02
3.549430215662544713e-02
-3.133572783988629318e-02
3.119966262168593837e-02
-2.808295753008276802e-02
2.750674043737062410e-02
-2.509861544828172891e-02
2.430268698004708905e-02
