-3.185442706308992955e-01
-2.834232578438429795e-01
-2.461266388555441997e-01
-2.075566101303909505e-01
-1.686060550682713655e-01
-1.301397352709760258e-01
-9.297643289799967237e-02
-5.787241979852610074e-02
-2.550659721858697035e-02
3.532389306210238517e-03
2.875680087401613974e-02
4.978801397844738463e-02
6.636213443039026827e-02
7.833292211936761229e-02
8.567199242582118623e-02
8.846632068166732088e-02
8.691313578953156760e-02
8.131234664589584438e-02
7.205669911491950630e-02
5.961991079030527774e-02
4.454307458764968086e-02
2.741965938092653932e-02
8.879465632606180561e-03
-1.042808436993242736e-02
-2.985092892805177311e-02
-4.875122492484092185e-02
-6.652168888175066797e-02
-8.260104188357474120e-02
-9.648820095303778377e-02
-1.077548891944167947e-01
-1.160563740563044649e-01
-1.211400865579202873e-01
-1.228519233108415765e-01
-1.211400865579202873e-01
-1.160563740563046314e-01
-1.077548891944167947e-01
-9.648820095303778377e-02
-8.260104188357474120e-02
-6.652168888175066797e-02
-4.875122492484092185e-02
-2.985092892805177311e-02
-1.042808436993254359e-02
8.879465632606088621e-03
2.741965938092653932e-02
4.454307458764953515e-02
5.961991079030519447e-02
7.205669911491945079e-02
8.131234664589588601e-02
8.691313578953155372e-02
8.846632068166730700e-02
8.567199242582118623e-02
7.833292211936761229e-02
6.636213443039026827e-02
4.978801397844744014e-02
2.875680087401625076e-02
3.532389306210238517e-03
-2.550659721858690790e-02
-5.787241979852589258e-02
-9.297643289799964461e-02
-1.301397352709758592e-01
-1.686060550682711157e-01
-2.075566101303908950e-01
-2.461266388555440332e-01
-2.834232578438430350e-01
-3.185442706308991845e-01
-3.505975279577684955e-01
-3.787204247275939850e-01
-4.020991124358177515e-01
-4.199870086009768189e-01
-4.317221965404785533e-01
-4.367433295073421262e-01
-4.346036823144615591e-01
-4.249830305238764261e-01
-4.076970813003090166e-01
-3.827042301969520999e-01
-3.501094733984943530e-01
-3.101653641209237700e-01
-2.632699637020651795e-01
-2.099618010933712586e-01
-1.509119176328800327e-01
-8.691313578953167862e-02
-1.886674969468353502e-02
5.223310955262949751e-02
1.253171307923925670e-01
1.992601551028835294e-01
2.729018000391200682e-01
3.450679636903295489e-01
4.145927763640303021e-01
4.803405566705143959e-01
5.412273270378287204e-01
5.962414512870922723e-01
6.444629736950292509e-01
6.850812646222854685e-01
7.174106117606252608e-01
7.409034376394429966e-01
7.551608723595319983e-01
7.599404645726401952e-01
7.551608723595319983e-01
7.409034376394429966e-01
7.174106117606252608e-01
6.850812646222858016e-01
6.444629736950292509e-01
5.962414512870926053e-01
5.412273270378290535e-01
4.803405566705146734e-01
4.145927763640310237e-01
3.450679636903298819e-01
2.729018000391206789e-01
1.992601551028841123e-01
1.253171307923931221e-01
5.223310955263001099e-02
-1.886674969468303542e-02
-8.691313578953126229e-02
-1.509119176328796441e-01
-2.099618010933702872e-01
-2.632699637020651795e-01
-3.101653641209235479e-01
-3.501094733984940754e-01
-3.827042301969519333e-01
-4.076970813003086280e-01
-4.249830305238762040e-01
-4.346036823144616146e-01
-4.367433295073421262e-01
-4.317221965404786088e-01
-4.199870086009768744e-01
-4.020991124358180846e-01
-3.787204247275939850e-01
-3.505975279577687176e-01
