-3.660649782765811322e-01
-4.040452638464731017e-01
-4.374831072828911926e-01
-4.654180620925985612e-01
-4.869680897790922836e-01
-5.013500788791009910e-01
-5.078986099226435735e-01
-5.060825456303449377e-01
-4.955190691184480078e-01
-4.759848446718069059e-01
-4.474240346803489699e-01
-4.099529713685463039e-01
-3.638613516017517591e-01
-3.096098958467476403e-01
-2.478244867447103594e-01
-1.792868771338600453e-01
-1.049221301440408372e-01
-2.578302361519166017e-02
5.696828393023118525e-02
1.420809696036070546e-01
2.282382369936505895e-01
3.140815306110897320e-01
3.982357892224237528e-01
4.793352296915448507e-01
5.560491399193814299e-01
6.271071573802055044e-01
6.913235186619889339e-01
7.476197851555734797e-01
7.950455802002045491e-01
8.327969129551512362e-01
8.602317131929954064e-01
8.768822580721776783e-01
8.824642355471290500e-01
8.768822580721776783e-01
8.602317131929959615e-01
8.327969129551512362e-01
7.950455802002045491e-01
7.476197851555734797e-01
6.913235186619889339e-01
6.271071573802055044e-01
5.560491399193814299e-01
4.793352296915452948e-01
3.982357892224241414e-01
3.140815306110897320e-01
2.282382369936512556e-01
1.420809696036073877e-01
5.696828393023151832e-02
-2.578302361519191691e-02
-1.049221301440405874e-01
-1.792868771338596012e-01
-2.478244867447103594e-01
-3.096098958467474183e-01
-3.638613516017517591e-01
-4.099529713685461929e-01
-4.474240346803488033e-01
-4.759848446718069614e-01
-4.955190691184480634e-01
-5.060825456303448266e-01
-5.078986099226435735e-01
-5.013500788791011020e-01
-4.869680897790924501e-01
-4.654180620925985612e-01
-4.374831072828912482e-01
-4.040452638464730462e-01
-3.660649782765812432e-01
-3.245592868544133203e-01
-2.805791774467070732e-01
-2.351866243309921611e-01
-1.894317922187518655e-01
-1.443308980715700685e-01
-1.008452012076937465e-01
-5.986156400525588506e-02
-2.217498787010548089e-02
1.152651709945894110e-02
4.067442411747733411e-02
6.482929891682601142e-02
8.368734689068335619e-02
9.708378770038933459e-02
1.049930177630998968e-01
1.075255924429135146e-01
1.049221301440407261e-01
9.754430830613819436e-02
8.586318505137943702e-02
7.044513854275090414e-02
5.193576771741761217e-02
3.104214184063058130e-02
8.513821340447641842e-03
-1.487690211919693618e-02
-3.835508293082777465e-02
-6.116304774460455673e-02
-8.257970753165147504e-02
-1.019388082049023786e-01
-1.186456982023601642e-01
-1.321922265315602640e-01
-1.421694284633976402e-01
-1.482777073712915061e-01
-1.503342789939668411e-01
-1.482777073712915061e-01
-1.421694284633976402e-01
-1.321922265315602640e-01
-1.186456982023603585e-01
-1.019388082049023786e-01
-8.257970753165161382e-02
-6.116304774460466775e-02
-3.835508293082789955e-02
-1.487690211919716170e-02
8.513821340447541228e-03
3.104214184063040088e-02
5.193576771741746645e-02
7.044513854275073761e-02
8.586318505137932600e-02
9.754430830613811110e-02
1.049221301440406706e-01
1.075255924429135007e-01
1.049930177630999800e-01
9.708378770038933459e-02
8.368734689068346722e-02
6.482929891682619183e-02
4.067442411747753533e-02
1.152651709945951355e-02
-2.217498787010490843e-02
-5.986156400525592669e-02
-1.008452012076933718e-01
-1.443308980715697631e-01
-1.894317922187515324e-01
-2.351866243309914395e-01
-2.805791774467071287e-01
-3.245592868544129872e-01
