-4.277363404980860651e-05
4.451417550444602966e-02
9.067498147487640381e-02
1.397070139646530151e-01
1.922504603862762451e-01
2.481053173542022705e-01
3.061263263225555420e-01
3.642402291297912598e-01
4.195861518383026123e-01
4.687649607658386230e-01
5.081701874732971191e-01
5.343630313873291016e-01
5.444495677947998047e-01
5.364149212837219238e-01
5.093773603439331055e-01
4.637302756309509277e-01
4.011567831039428711e-01
3.245112299919128418e-01
2.375828474760055542e-01
1.447640061378479004e-01
5.066212639212608337e-02
-4.030412435531616211e-02
-1.242787539958953857e-01
-1.982723921537399292e-01
-2.603642642498016357e-01
-3.097812533378601074e-01
-3.468469381332397461e-01
-3.728125691413879395e-01
-3.895895779132843018e-01
-3.994190692901611328e-01
-4.045186638832092285e-01
-4.067505598068237305e-01
-4.073503613471984863e-01
-4.067505598068237305e-01
-4.045186638832092285e-01
-3.994190692901611328e-01
-3.895895779132843018e-01
-3.728125691413879395e-01
-3.468469381332397461e-01
-3.097812533378601074e-01
-2.603642642498016357e-01
-1.982723921537399292e-01
-1.242787539958953857e-01
-4.030412435531616211e-02
5.066212639212608337e-02
1.447640061378479004e-01
2.375828474760055542e-01
3.245112299919128418e-01
4.011567831039428711e-01
4.637302756309509277e-01
5.093773603439331055e-01
5.364149212837219238e-01
5.444495677947998047e-01
5.343630313873291016e-01
5.081701874732971191e-01
4.687649607658386230e-01
4.195861518383026123e-01
3.642402291297912598e-01
3.061263263225555420e-01
2.481053173542022705e-01
1.922504603862762451e-01
1.397070139646530151e-01
9.067498147487640381e-02
4.451417550444602966e-02
-4.277363404980860651e-05
-4.459808394312858582e-02
-9.075401723384857178e-02
-1.397781521081924438e-01
-1.923109591007232666e-01
-2.481528222560882568e-01
-3.061590492725372314e-01
-3.642569184303283691e-01
-4.195861518383026123e-01
-4.687482714653015137e-01
-5.081374645233154297e-01
-5.343155264854431152e-01
-5.443890690803527832e-01
-5.363438129425048828e-01
-5.092983245849609375e-01
-4.636463522911071777e-01
-4.010712504386901855e-01
-3.244273066520690918e-01
-2.375038117170333862e-01
-1.446928679943084717e-01
-5.060164257884025574e-02
4.035165160894393921e-02
1.243114918470382690e-01
1.982890814542770386e-01
2.603642642498016357e-01
3.097645640373229980e-01
3.468142151832580566e-01
3.727650642395019531e-01
3.895290791988372803e-01
3.993479609489440918e-01
4.044396281242370605e-01
4.066666364669799805e-01
4.072648286819458008e-01
4.066666364669799805e-01
4.044396281242370605e-01
3.993479609489440918e-01
3.895290791988372803e-01
3.727650642395019531e-01
3.468142151832580566e-01
3.097645640373229980e-01
2.603642642498016357e-01
1.982890814542770386e-01
1.243114918470382690e-01
4.035165160894393921e-02
-5.060164257884025574e-02
-1.446928679943084717e-01
-2.375038117170333862e-01
-3.244273066520690918e-01
-4.010712504386901855e-01
-4.636463522911071777e-01
-5.092983245849609375e-01
-5.363438129425048828e-01
-5.443890690803527832e-01
-5.343155264854431152e-01
-5.081374645233154297e-01
-4.687482714653015137e-01
-4.195861518383026123e-01
-3.642569184303283691e-01
-3.061590492725372314e-01
-2.481528222560882568e-01
-1.923109591007232666e-01
-1.397781521081924438e-01
-9.075401723384857178e-02
-4.459808394312858582e-02
