3.579623235244817070e-01
3.440996820235223685e-01
3.267323160067479026e-01
3.058383260608580345e-01
2.814331448144278824e-01
2.535709959861425222e-01
2.223458896472737534e-01
1.878921170384262873e-01
1.503842155828218896e-01
1.100363828419436141e-01
6.710132692137885102e-02
2.186855009621297211e-02
-2.533792798562887680e-02
-7.416239142861215383e-02
-1.242207677561587287e-01
-1.751044508682712275e-01
-2.263845629951388716e-01
-2.776166029068495855e-01
-3.283454199667397155e-01
-3.781104468745328240e-01
-4.264511182777251386e-01
-4.729123979585007076e-01
-5.170503341294154787e-01
-5.584375605702531775e-01
-5.966686609607494418e-01
-6.313653148318543185e-01
-6.621811460663243887e-01
-6.888061987942352138e-01
-7.109709707893722141e-01
-7.284499409909259704e-01
-7.410645354391973694e-01
-7.486854845891753873e-01
-7.512345344969605376e-01
-7.486854845891753873e-01
-7.410645354391975914e-01
-7.284499409909259704e-01
-7.109709707893722141e-01
-6.888061987942352138e-01
-6.621811460663243887e-01
-6.313653148318543185e-01
-5.966686609607494418e-01
-5.584375605702535106e-01
-5.170503341294157007e-01
-4.729123979585007076e-01
-4.264511182777255827e-01
-3.781104468745330460e-01
-3.283454199667399376e-01
-2.776166029068494745e-01
-2.263845629951390104e-01
-1.751044508682715606e-01
-1.242207677561587287e-01
-7.416239142861227873e-02
-2.533792798562887680e-02
2.186855009621281945e-02
6.710132692137861510e-02
1.100363828419436835e-01
1.503842155828218063e-01
1.878921170384260653e-01
2.223458896472737534e-01
2.535709959861423557e-01
2.814331448144277159e-01
3.058383260608579790e-01
3.267323160067478471e-01
3.440996820235224241e-01
3.579623235244816515e-01
3.683775921677892584e-01
3.754360396967534319e-01
3.792588460451400967e-01
3.799949834144764060e-01
3.778181739174291121e-01
3.729236990723644452e-01
3.655251189504503673e-01
3.558509571640857683e-01
3.441414052131471224e-01
3.306450960640902603e-01
3.156159923359726505e-01
2.993104292330918681e-01
2.819843465357354528e-01
2.638907376882240752e-01
2.452773374634606707e-01
2.263845629951389826e-01
2.074437163116603366e-01
1.886754500346745911e-01
1.702884917674096776e-01
1.524786170302624144e-01
1.354278555263151440e-01
1.193039111439466171e-01
1.042597725151626770e-01
9.043348821384196434e-02
7.794807884297753897e-02
6.691155734668619015e-02
5.741702889066369053e-02
4.954284256046799506e-02
4.335276888492771430e-02
3.889617973569609727e-02
3.620821039786373957e-02
3.530988744799721385e-02
3.620821039786373957e-02
3.889617973569609727e-02
4.335276888492771430e-02
4.954284256046793261e-02
5.741702889066369053e-02
6.691155734668613464e-02
7.794807884297749734e-02
9.043348821384188108e-02
1.042597725151625659e-01
1.193039111439465061e-01
1.354278555263149775e-01
1.524786170302622756e-01
1.702884917674094833e-01
1.886754500346744801e-01
2.074437163116601979e-01
2.263845629951388438e-01
2.452773374634605874e-01
2.638907376882237421e-01
2.819843465357354528e-01
2.993104292330917571e-01
3.156159923359724839e-01
3.306450960640902048e-01
3.441414052131469004e-01
3.558509571640856017e-01
3.655251189504503673e-01
3.729236990723643896e-01
3.778181739174291121e-01
3.799949834144764060e-01
3.792588460451402077e-01
3.754360396967534319e-01
3.683775921677893139e-01
