2.972180924820525330e-02
7.821838734501034007e-02
1.254765115631821248e-01
1.714432556678971709e-01
2.161068148846672365e-01
2.594927323930534269e-01
3.016587212336659940e-01
3.426882907293543612e-01
3.826834323650897818e-01
4.217566560931477748e-01
4.600226928467939791e-01
4.975901917034321054e-01
5.345537401510631614e-01
5.709865232798979617e-01
6.069339129300239666e-01
6.424082418294260188e-01
6.773849719383422396e-01
7.118004123373667946e-01
7.455510821291154722e-01
7.784947502681094367e-01
8.104531194340062195e-01
8.412160575104825622e-01
8.705472203691512201e-01
8.981908557863090836e-01
9.238795325112867385e-01
9.473425025201551719e-01
9.683143797114126539e-01
9.865438056843335302e-01
1.001801773271769447e+00
1.013889291177316521e+00
1.022644097905818228e+00
1.027946169222764716e+00
1.029721809248205222e+00
1.027946169222764716e+00
1.022644097905818450e+00
1.013889291177316521e+00
1.001801773271769447e+00
9.865438056843335302e-01
9.683143797114126539e-01
9.473425025201551719e-01
9.238795325112867385e-01
8.981908557863091946e-01
8.705472203691514421e-01
8.412160575104825622e-01
8.104531194340065525e-01
7.784947502681095477e-01
7.455510821291155832e-01
7.118004123373666836e-01
6.773849719383423507e-01
6.424082418294262409e-01
6.069339129300239666e-01
5.709865232798980728e-01
5.345537401510631614e-01
4.975901917034322164e-01
4.600226928467942011e-01
4.217566560931477193e-01
3.826834323650898928e-01
3.426882907293545832e-01
3.016587212336660495e-01
2.594927323930535934e-01
2.161068148846675696e-01
1.714432556678972264e-01
1.254765115631823191e-01
7.821838734501028456e-02
2.972180924820537473e-02
-1.991696130982540183e-02
-7.055776909593908242e-02
-1.220176932428261446e-01
-1.740738291475893984e-01
-2.264676274134742595e-01
-2.789106332752584461e-01
-3.310914160550857965e-01
-3.826834323650896708e-01
-4.333535307674160619e-01
-4.827707808052013050e-01
-5.306152966830111062e-01
-5.765867258881408608e-01
-6.204120857049686411e-01
-6.618526553972667870e-01
-7.007096678646107524e-01
-7.368285904347526838e-01
-7.701018383725511951e-01
-8.004698245963581815e-01
-8.279203126931804491e-01
-8.524861051710842519e-01
-8.742411624900615630e-01
-8.932953083275586570e-01
-9.097877304605774818e-01
-9.238795325112866275e-01
-9.357456278458864407e-01
-9.455662917530052169e-01
-9.535187007047544183e-01
-9.597687875346914144e-01
-9.644637287522455082e-01
-9.677253554385754075e-01
-9.696447431875800937e-01
-9.702781907517947779e-01
-9.696447431875800937e-01
-9.677253554385754075e-01
-9.644637287522455082e-01
-9.597687875346914144e-01
-9.535187007047544183e-01
-9.455662917530052169e-01
-9.357456278458865517e-01
-9.238795325112866275e-01
-9.097877304605775928e-01
-8.932953083275586570e-01
-8.742411624900617850e-01
-8.524861051710843629e-01
-8.279203126931806711e-01
-8.004698245963584036e-01
-7.701018383725514171e-01
-7.368285904347529058e-01
-7.007096678646109744e-01
-6.618526553972674531e-01
-6.204120857049686411e-01
-5.765867258881411939e-01
-5.306152966830114392e-01
-4.827707808052015825e-01
-4.333535307674168946e-01
-3.826834323650904479e-01
-3.310914160550856855e-01
-2.789106332752588346e-01
-2.264676274134746481e-01
-1.740738291475897870e-01
-1.220176932428270050e-01
-7.055776909593898527e-02
-1.991696130982577653e-02
