-3.238028148156136821e-01
-4.388560695504557518e-01
-5.339598204525840552e-01
-6.084023107078612158e-01
-6.622559778224920146e-01
-6.963416635965625767e-01
-7.121654461916792078e-01
-7.118311145797181494e-01
-6.979321934299435037e-01
-6.734281527356643648e-01
-6.415099746354823163e-01
-6.054605808252657706e-01
-5.685157367041031584e-01
-5.337309404949778235e-01
-5.038594831519225270e-01
-4.812463423334577550e-01
-4.677418732124016820e-01
-4.646384093367830204e-01
-4.726319227390068378e-01
-4.918098528742313458e-01
-5.216651403649722463e-01
-5.611354366603577004e-01
-6.086654467469637675e-01
-6.622894389272285798e-01
-7.197301595995728718e-01
-7.785097529491920021e-01
-8.360678301357551412e-01
-8.898815772684703918e-01
-9.375827455314283965e-01
-9.770665312728243901e-01
-1.006587721357065757e+00
-1.024840034206750294e+00
-1.031015306910951779e+00
-1.024840034206750294e+00
-1.006587721357066201e+00
-9.770665312728243901e-01
-9.375827455314283965e-01
-8.898815772684703918e-01
-8.360678301357551412e-01
-7.785097529491920021e-01
-7.197301595995728718e-01
-6.622894389272286908e-01
-6.086654467469639895e-01
-5.611354366603577004e-01
-5.216651403649724683e-01
-4.918098528742315123e-01
-4.726319227390070044e-01
-4.646384093367828538e-01
-4.677418732124014600e-01
-4.812463423334575885e-01
-5.038594831519225270e-01
-5.337309404949776015e-01
-5.685157367041031584e-01
-6.054605808252657706e-01
-6.415099746354820942e-01
-6.734281527356643648e-01
-6.979321934299435037e-01
-7.118311145797181494e-01
-7.121654461916793188e-01
-6.963416635965626877e-01
-6.622559778224923477e-01
-6.084023107078612158e-01
-5.339598204525844993e-01
-4.388560695504555853e-01
-3.238028148156140151e-01
-1.903024154991819483e-01
-4.062396206907636920e-02
1.222506168778303981e-01
2.947090530160483279e-01
4.726173067679866335e-01
6.514506356897565853e-01
8.264426818428258770e-01
9.927473465807051811e-01
1.145607660686881912e+00
1.280525510437586778e+00
1.393425960923906581e+00
1.480810033250885560e+00
1.539890139556555848e+00
1.568702947855941998e+00
1.566195217773645121e+00
1.532279090822537881e+00
1.467854400843460416e+00
1.374796751928025529e+00
1.255911349028512980e+00
1.114853814613362637e+00
9.560204366531214193e-01
7.844114235757188025e-01
6.054717481394411571e-01
4.249150064488129708e-01
2.485363685226546770e-01
8.202112800681800320e-02
-6.924444599435809755e-02
-2.003533004572994880e-01
-3.070424701130050615e-01
-3.858367900143112594e-01
-4.341663476904775165e-01
-4.504534986780930339e-01
-4.341663476904775165e-01
-3.858367900143112594e-01
-3.070424701130050615e-01
-2.003533004573010423e-01
-6.924444599435809755e-02
8.202112800681704563e-02
2.485363685226537611e-01
4.249150064488121381e-01
6.054717481394392697e-01
7.844114235757181364e-01
9.560204366531200870e-01
1.114853814613361527e+00
1.255911349028511870e+00
1.374796751928024863e+00
1.467854400843459750e+00
1.532279090822537437e+00
1.566195217773645121e+00
1.568702947855942220e+00
1.539890139556555848e+00
1.480810033250886004e+00
1.393425960923907247e+00
1.280525510437587666e+00
1.145607660686884355e+00
9.927473465807078457e-01
8.264426818428254329e-01
6.514506356897580286e-01
4.726173067679879103e-01
2.947090530160496602e-01
1.222506168778332292e-01
-4.062396206907665369e-02
-1.903024154991808936e-01
