5.600390928331731022e-01
5.789478850208334970e-01
5.918217931783270602e-01
5.980860355992209110e-01
5.972463056935124470e-01
5.889014952013904569e-01
5.727549937628502175e-01
5.486242984642296650e-01
5.164486980242800618e-01
4.762948326732309168e-01
4.283599717816807817e-01
3.729728960725839926e-01
3.105923188744900698e-01
2.418028303575114057e-01
1.673083990007261379e-01
8.792351461396782919e-02
4.562106021483861365e-03
-8.177558702421669490e-02
-1.700179649818579497e-01
-2.590385810851398296e-01
-3.476739198612797677e-01
-4.347421180994645029e-01
-5.190622831464684062e-01
-5.994740486857546014e-01
-6.748570006679507349e-01
-7.441496059890777559e-01
-8.063672838871743798e-01
-8.606192747207739302e-01
-9.061239825227398459e-01
-9.422224960609822952e-01
-9.683900275150063575e-01
-9.842450475981355806e-01
-9.895559402110042369e-01
-9.842450475981355806e-01
-9.683900275150068016e-01
-9.422224960609822952e-01
-9.061239825227398459e-01
-8.606192747207739302e-01
-8.063672838871743798e-01
-7.441496059890777559e-01
-6.748570006679507349e-01
-5.994740486857550454e-01
-5.190622831464687392e-01
-4.347421180994645029e-01
-3.476739198612805448e-01
-2.590385810851402182e-01
-1.700179649818583383e-01
-8.177558702421640346e-02
4.562106021483594218e-03
8.792351461396732959e-02
1.673083990007261379e-01
2.418028303575111837e-01
3.105923188744900698e-01
3.729728960725838260e-01
4.283599717816804486e-01
4.762948326732309723e-01
5.164486980242800618e-01
5.486242984642293319e-01
5.727549937628502175e-01
5.889014952013903459e-01
5.972463056935124470e-01
5.980860355992209110e-01
5.918217931783271712e-01
5.789478850208334970e-01
5.600390928331732132e-01
5.357368180330195351e-01
5.067344042239818602e-01
4.737619594386559552e-01
4.375710048560016441e-01
3.989192744704851967e-01
3.585559810216851218e-01
3.172078476394245561e-01
2.755661825195181991e-01
2.342752460517002200e-01
1.939221268291445310e-01
1.550283056405157844e-01
1.180430457335699679e-01
8.333870426840775392e-02
5.120801492416224981e-02
2.186334609057017167e-02
-4.562106021483639320e-03
-2.801127368032112208e-02
-4.849844894303011883e-02
-6.610295354077909413e-02
-8.096144474677986758e-02
-9.325908361363517696e-02
-1.032198154643565180e-01
-1.110960300391761746e-01
-1.171578798758473178e-01
-1.216825401145765345e-01
-1.249436908973610427e-01
-1.272014949511015292e-01
-1.286933280267743840e-01
-1.296254989768945987e-01
-1.301661698873024242e-01
-1.304396554557173404e-01
-1.305222454553420230e-01
-1.304396554557173404e-01
-1.301661698873024242e-01
-1.296254989768945987e-01
-1.286933280267743840e-01
-1.272014949511015292e-01
-1.249436908973610705e-01
-1.216825401145765484e-01
-1.171578798758473733e-01
-1.110960300391762717e-01
-1.032198154643565458e-01
-9.325908361363527410e-02
-8.096144474677996472e-02
-6.610295354077923291e-02
-4.849844894303024373e-02
-2.801127368032123310e-02
-4.562106021483827538e-03
2.186334609056998779e-02
5.120801492416171552e-02
8.333870426840775392e-02
1.180430457335697181e-01
1.550283056405154791e-01
1.939221268291442812e-01
2.342752460516994983e-01
2.755661825195174774e-01
3.172078476394245561e-01
3.585559810216848442e-01
3.989192744704849192e-01
4.375710048560013665e-01
4.737619594386553445e-01
5.067344042239819712e-01
5.357368180330193130e-01
