7.829609571706440674e-01
3.822110196213794886e-01
-6.893740440402239267e-02
-1.161762125191324879e-01
-6.928576293545943288e-02
-2.800448580315743549e-02
-7.357867165435364766e-03
-1.945584345196320840e-04
1.168806171335400827e-03
8.546137449429621865e-04
3.922921307643396005e-04
1.236412159228861155e-04
1.715902256224629416e-05
-9.894805472145916730e-06
-9.986823903853530356e-06
-5.251917334407953141e-06
-1.913323993472026542e-06
-4.107785913933424606e-07
5.120767142592040147e-08
1.088040809947876392e-07
6.725840812365915077e-08
2.788983257426474339e-08
7.637082136121546850e-09
4.108108984629091303e-10
-1.066605642199622469e-09
-8.212684434969900782e-10
-3.870260845919272877e-10
-1.258618781609567623e-10
-1.965138084083749030e-11
8.539986431660865219e-12
9.478364582536251346e-12
5.135505564593948811e-12
1.921846131009961237e-12
4.374101638176145983e-13
-3.403337263801138242e-14
-1.014782173510132265e-13
-6.516498083889701107e-14
-2.772061116073667106e-14
-7.889730646635796565e-15
-6.181035274007531940e-16
9.659788118266882719e-16
7.874378196436403002e-16
3.811403284384990497e-16
1.277338164509545355e-16
2.200899472569853546e-17
-7.217846202332946895e-18
-8.968930232337406991e-18
-5.012612292079066727e-18
-1.925993467071712540e-18
-4.621219847323213073e-19
1.742996666660779929e-20
9.421235064380783415e-20
6.301237170573857291e-20
2.749922080405520883e-20
8.116273707707389911e-21
8.163341553060373318e-22
-8.670791508699298132e-22
-7.532114320525562030e-22
-3.746704751647385815e-22
-1.292661306055409063e-22
-2.423193125909859361e-23
5.929952091661123669e-24
8.459632455335658167e-24
4.883739430092158414e-24
1.925920968122852795e-24
4.849337453850457693e-25
-1.411128811191361086e-27
-8.701956952618760299e-26
-6.080733837733048095e-26
-2.722808105608988422e-26
-8.317210170674369579e-27
-1.005423564033061735e-27
7.700507415922211756e-28
7.186763230444531673e-28
3.676520375666162670e-28
1.304682966382193406e-28
2.632053919828228055e-29
-4.677740480277766592e-30
-7.951540965688402098e-30
-4.749382728030100282e-30
-1.921786706855156845e-30
-5.058684100129270501e-31
-1.401121107824196119e-32
7.991231859173555792e-32
5.855649625022251857e-32
2.690962591278114474e-32
8.493074258588326811e-33
1.185314791717093114e-33
-6.750283251374018354e-34
-6.839169290662721593e-34
-3.601203571737062895e-34
-1.313501326864624915e-34
-2.827543773677719276e-35
3.462518690303101847e-36
7.445682899680055076e-36
4.610030955895477385e-36
1.913751412344129663e-36
5.249520448930835526e-37
2.882682845772337218e-38
-7.290239621421320898e-38
-5.626630982688962685e-38
-2.654629813687708364e-38
-8.644433115064382947e-39
-1.355972420085975969e-39
5.821373667462219760e-40
6.490150000160959800e-40
3.521105360735410182e-40
1.319217654880841900e-40
3.009750507705556341e-41
-2.285467056145880015e-42
-6.943042241447190934e-42
-4.466165133984565546e-42
-1.901978031435021450e-42
-5.422136472439478333e-43
-4.302716184925896465e-44
6.600095383180766040e-44
5.394308471994386463e-44
2.614054377462999523e-44
8.771884375385295968e-45
1.517381842977106626e-45
-4.914941381076121767e-46
-6.140495272568887657e-46
-3.436573717926333958e-46
-1.321935974608995955e-46
-3.178786688422900374e-47
1.147641185803758742e-48
6.444559361263413745e-48
4.318257807757870889e-48
1.886631301862782460e-48
5.576849743441827743e-49
5.660526867179078674e-50
-5.921849662346101175e-50
-5.159296029089635525e-50
-2.569480687076611699e-50
-8.876053764152801656e-51
-1.669548518306831247e-51
4.032058160302358123e-52
5.790966801458239322e-52
3.347952952572088449e-52
1.321762744325741211e-52
3.334788464959676367e-53
-4.997440076183721443e-56
-5.951130663146034374e-54
-4.166772367732675387e-54
-1.867877337567726054e-54
-5.714003732216652021e-55
-6.955577930857393063e-56
5.256488552375906420e-56
4.922190291525761740e-56
2.521152438546210726e-56
8.957592723562636655e-57
1.812497205690178274e-57
-3.173705966153297117e-58
-5.442297508944640696e-58
-3.255583118493187601e-58
-1.318806540644296339e-58
-3.477914399197754890e-59
-1.006719657343217368e-60
5.463608338437122832e-60
4.012162414148026852e-60
1.845883226625652876e-60
5.833966112506291841e-61
8.187484957390576310e-62
-4.604934052203351911e-62
-4.683569986475003399e-62
-2.469312131649572706e-62
-9.017176076162479288e-63
-1.946271191856854048e-63
2.340778241097783387e-64
5.095191075643966664e-64
3.159799455668941138e-64
1.313177750098780801e-64
3.608344292384293343e-65
2.021744265035688674e-66
-4.982800221913035469e-66
-3.854871166067455037e-66
-1.820816642168891360e-66
-5.937127079804905951e-67
-9.356011173942265963e-68
3.968044519065608530e-68
4.443995379644922142e-68
2.414200602918676654e-68
9.055499725734954766e-69
2.070931505954939930e-69
-1.534081336180885706e-70
-4.750321549930630474e-70
-3.060931862894231409e-70
-1.304988268450780127e-70
-3.726278010833294438e-71
-2.994516711919876597e-72
4.509469746889084697e-72
3.695330914503427712e-72
1.792845466633203172e-72
6.023897685051692557e-73
1.046106242772244184e-73
-3.346615238696761321e-74
-4.204007783777105118e-74
-2.356056579620765547e-74
-9.073278399730916985e-75
-2.186556126776685312e-75
7.543360685346899738e-77
4.408333034354778468e-76
2.959304401443228415e-76
1.294351208063731887e-76
3.831934313227643986e-77
3.924565263702271275e-78
-4.044335995709577358e-78
-3.533962519070286659e-78
-1.762137429624853768e-78
-6.094708186669142185e-79
-1.150268204739078977e-79
2.741379107288802219e-80
3.964129125537892378e-80
2.295116254882270810e-80
9.071243436462512264e-81
2.293239183881819261e-81
-2.179401113320601221e-85
-4.069839446992596128e-82
-2.855234829627137909e-82
-1.281380613660778077e-82
-3.925549681936750745e-83
-4.811526004662822443e-84
3.588073841946813957e-84
3.371174947598918164e-84
1.728859759662393049e-84
6.150006423737744130e-85
1.248104560662126307e-85
-2.153007419598703099e-86
-3.724861569529917052e-86
-2.231612884061023876e-86
-9.050140620050910646e-87
-2.391090154532714203e-87
-7.218337634667562399e-89
3.735424355429138483e-88
2.749034168072089351e-88
1.266191186752204853e-88
4.007377160665796712e-89
5.655139570749888339e-90
-3.141314180577042695e-90
-3.207364858076996670e-90
-1.693178850008856167e-90
-6.190256212949305040e-91
-1.339645560453994473e-91
1.582110757566045837e-92
3.486687198080300845e-92
2.165776402423380993e-92
9.010728065910618952e-93
2.480233058292889938e-93
1.417228683036976644e-94
-3.405640881005910977e-94
-2.641006295484959435e-94
-1.248898018989597498e-94
-4.077685200652714501e-95
-6.455247784286682248e-96
2.704644242355217895e-96
3.042916222213143954e-96
