-1.109731327048184002e-01
2.399817665846497583e-01
5.513944002068931205e-01
7.976123480722684400e-01
9.601878444591797068e-01
1.029652560671068695e+00
1.006249763170977918e+00
8.995769181411779059e-01
7.272177248848948894e-01
5.125541893904286272e-01
2.820343825248694536e-01
6.222137284228042298e-02
-1.230405737508804692e-01
-2.550343716431899277e-01
-3.219062813157333447e-01
-3.195692137803743393e-01
-2.517124467889317874e-01
-1.289588146285329251e-01
3.269734149202552925e-02
2.139652002312776580e-01
3.945924565198599132e-01
5.556904532275864783e-01
6.817929298864667809e-01
7.624323100155825372e-01
7.930793005330716294e-01
7.753672270590903359e-01
7.166033801672943016e-01
6.286470569087592164e-01
5.263001210368116745e-01
4.254044674871610976e-01
3.408674802187454667e-01
2.848394401715982904e-01
2.652462548951475263e-01
2.848394401715982904e-01
3.408674802187436903e-01
4.254044674871610976e-01
5.263001210368116745e-01
6.286470569087592164e-01
7.166033801672943016e-01
7.753672270590903359e-01
7.930793005330716294e-01
7.624323100155829813e-01
6.817929298864671139e-01
5.556904532275864783e-01
3.945924565198613010e-01
2.139652002312784074e-01
3.269734149202603579e-02
-1.289588146285335635e-01
-2.517124467889314543e-01
-3.195692137803740618e-01
-3.219062813157333447e-01
-2.550343716431901497e-01
-1.230405737508804692e-01
6.222137284227993725e-02
2.820343825248682323e-01
5.125541893904288493e-01
7.272177248848944453e-01
8.995769181411770177e-01
1.006249763170977918e+00
1.029652560671068695e+00
9.601878444591805950e-01
7.976123480722686621e-01
5.513944002068944528e-01
2.399817665846493975e-01
-1.109731327048175120e-01
-4.712582032915257346e-01
-8.093347006681914646e-01
-1.095796310249676164e+00
-1.306653389755232597e+00
-1.426049918117408444e+00
-1.448077243411036497e+00
-1.377448157639192150e+00
-1.228926346992483598e+00
-1.025554642237113567e+00
-7.958728349113418643e-01
-5.704437621760305444e-01
-3.780983743998158064e-01
-2.423540796280642673e-01
-1.784490446025018828e-01
-1.913683402430257363e-01
-2.751228426486161949e-01
-4.133919038995390038e-01
-5.814739960007853092e-01
-7.493263670021401701e-01
-8.853357766342866420e-01
-9.603655030665214642e-01
-9.515819496950295164e-01
-8.455835147057678691e-01
-6.404334556083147723e-01
-3.463282408257335465e-01
1.520225865622448248e-02
4.134866563438343023e-01
8.120476925243579336e-01
1.172690196098789661e+00
1.459854114281126325e+00
1.644709179888278694e+00
1.708496143755241725e+00
1.644709179888278694e+00
1.459854114281126325e+00
1.172690196098789661e+00
8.120476925243627075e-01
4.134866563438343023e-01
1.520225865622682956e-02
-3.463282408257318812e-01
-6.404334556083134400e-01
-8.455835147057664258e-01
-9.515819496950291834e-01
-9.603655030665216863e-01
-8.853357766342878632e-01
-7.493263670021412803e-01
-5.814739960007866415e-01
-4.133919038995401141e-01
-2.751228426486168610e-01
-1.913683402430260971e-01
-1.784490446025014110e-01
-2.423540796280642673e-01
-3.780983743998148627e-01
-5.704437621760287680e-01
-7.958728349113404210e-01
-1.025554642237110015e+00
-1.228926346992480712e+00
-1.377448157639192150e+00
-1.448077243411036497e+00
-1.426049918117408888e+00
-1.306653389755233707e+00
-1.095796310249680605e+00
-8.093347006681911315e-01
-4.712582032915283992e-01
