-3.579394893340270833e-02
3.372008220172043047e-01
5.930503334056084208e-01
7.218419257945181133e-01
7.325910441923070282e-01
6.499660727109910496e-01
5.089259775152579213e-01
3.482062864702754057e-01
2.037204340194764818e-01
1.029071883093387457e-01
6.086150498635074096e-02
7.877021722123632441e-02
1.447879232307567876e-01
2.370942313655603206e-01
3.285328961721740160e-01
3.919982860163393479e-01
4.056393927773282448e-01
3.570079230058029185e-01
2.454725504879591846e-01
8.252212065576651490e-02
-1.100635640638049778e-01
-3.038437120317764584e-01
-4.685219435088204820e-01
-5.771138581614077001e-01
-6.106101360733316996e-01
-5.613568118860319256e-01
-4.345886266372602225e-01
-2.478559735571153055e-01
-2.843110677631613403e-02
1.908909563033818757e-01
3.769201468593506021e-01
5.013000573913563018e-01
5.449934146439874283e-01
5.013000573913563018e-01
3.769201468593544879e-01
1.908909563033818757e-01
-2.843110677631613403e-02
-2.478559735571153055e-01
-4.345886266372602225e-01
-5.613568118860319256e-01
-6.106101360733316996e-01
-5.771138581614081442e-01
-4.685219435088209816e-01
-3.038437120317764584e-01
-1.100635640638066987e-01
8.252212065576575162e-02
2.454725504879586850e-01
3.570079230058031405e-01
4.056393927773282448e-01
3.919982860163396254e-01
3.285328961721740160e-01
2.370942313655605427e-01
1.447879232307567876e-01
7.877021722123651870e-02
6.086150498635072709e-02
1.029071883093387874e-01
2.037204340194760377e-01
3.482062864702741845e-01
5.089259775152578102e-01
6.499660727109907166e-01
7.325910441923066951e-01
7.218419257945184464e-01
5.930503334056093090e-01
3.372008220172039716e-01
-3.579394893340159811e-02
-4.965566705511550438e-01
-9.987015912439719534e-01
-1.484085153102776111e+00
-1.890213267190809621e+00
-2.158808934426068138e+00
-2.244323765400595860e+00
-2.121132917352359648e+00
-1.788297009813569538e+00
-1.271090473107413965e+00
-6.189409648518842122e-01
1.000640529472423823e-01
8.074441361753208479e-01
1.424286215422484014e+00
1.881545163459989345e+00
2.129248268587794701e+00
2.143290948506012317e+00
1.928827219122697390e+00
1.519724464143444420e+00
9.741025309402918664e-01
3.665333327660423302e-01
-2.220417337105788091e-01
-7.152839110927045052e-01
-1.051786872959945773e+00
-1.193311452523316829e+00
-1.129760741377797917e+00
-8.801883311680654964e-01
-4.896942053776447423e-01
-2.264849833350847039e-02
4.467913888444790538e-01
8.455160968731726401e-01
1.112102294475309616e+00
1.205730129437619480e+00
1.112102294475309616e+00
8.455160968731726401e-01
4.467913888444790538e-01
-2.264849833350259661e-02
-4.896942053776447423e-01
-8.801883311680633870e-01
-1.129760741377797029e+00
-1.193311452523317051e+00
-1.051786872959948438e+00
-7.152839110927060595e-01
-2.220417337105835276e-01
3.665333327660373341e-01
9.741025309402872034e-01
1.519724464143440867e+00
1.928827219122695169e+00
2.143290948506011873e+00
2.129248268587795589e+00
1.881545163459995784e+00
1.424286215422484014e+00
8.074441361753249558e-01
1.000640529472479473e-01
-6.189409648518795493e-01
-1.271090473107403973e+00
-1.788297009813562877e+00
-2.121132917352360092e+00
-2.244323765400595860e+00
-2.158808934426069470e+00
-1.890213267190812285e+00
-1.484085153102783883e+00
-9.987015912439713983e-01
-4.965566705511586520e-01
