6.998303888394730166e-06
9.817491471767425537e-02
1.930206418037414551e-01
2.814350128173828125e-01
3.607114255428314209e-01
4.286972582340240479e-01
4.838912785053253174e-01
5.254799723625183105e-01
5.533099770545959473e-01
5.678047537803649902e-01
5.698349475860595703e-01
5.605611801147460938e-01
5.412682890892028809e-01
5.132107734680175781e-01
4.774876534938812256e-01
4.349609613418579102e-01
3.862276375293731689e-01
3.316431939601898193e-01
2.713969349861145020e-01
2.056231349706649780e-01
1.345351338386535645e-01
5.856226012110710144e-02
-2.152982167899608612e-02
-1.045527160167694092e-01
-1.888575851917266846e-01
-2.723539173603057861e-01
-3.525844812393188477e-01
-4.268555939197540283e-01
-4.924070239067077637e-01
-5.466070175170898438e-01
-5.871494412422180176e-01
-6.122379899024963379e-01
-6.207312941551208496e-01
-6.122379899024963379e-01
-5.871494412422180176e-01
-5.466070175170898438e-01
-4.924070239067077637e-01
-4.268555939197540283e-01
-3.525844812393188477e-01
-2.723539173603057861e-01
-1.888575851917266846e-01
-1.045527160167694092e-01
-2.152982167899608612e-02
5.856226012110710144e-02
1.345351338386535645e-01
2.056231349706649780e-01
2.713969349861145020e-01
3.316431939601898193e-01
3.862276375293731689e-01
4.349609613418579102e-01
4.774876534938812256e-01
5.132107734680175781e-01
5.412682890892028809e-01
5.605611801147460938e-01
5.698349475860595703e-01
5.678047537803649902e-01
5.533099770545959473e-01
5.254799723625183105e-01
4.838912785053253174e-01
4.286972582340240479e-01
3.607114255428314209e-01
2.814350128173828125e-01
1.930206418037414551e-01
9.817491471767425537e-02
6.998303888394730166e-06
-9.816198050975799561e-02
-1.930107474327087402e-01
-2.814296483993530273e-01
-3.607114255428314209e-01
-4.287026226520538330e-01
-4.839011728763580322e-01
-5.254928469657897949e-01
-5.533239245414733887e-01
-5.678176283836364746e-01
-5.698448419570922852e-01
-5.605665445327758789e-01
-5.412682890892028809e-01
-5.132054090499877930e-01
-4.774777591228485107e-01
-4.349480271339416504e-01
-3.862136304378509521e-01
-3.316302597522735596e-01
-2.713870406150817871e-01
-2.056177705526351929e-01
-1.345351338386535645e-01
-5.856761708855628967e-02
2.151992358267307281e-02
1.045397818088531494e-01
1.888435781002044678e-01
2.723409831523895264e-01
3.525745868682861328e-01
4.268502295017242432e-01
4.924070239067077637e-01
5.466123819351196289e-01
5.871593356132507324e-01
6.122508645057678223e-01
6.207452416419982910e-01
6.122508645057678223e-01
5.871593356132507324e-01
5.466123819351196289e-01
4.924070239067077637e-01
4.268502295017242432e-01
3.525745868682861328e-01
2.723409831523895264e-01
1.888435781002044678e-01
1.045397818088531494e-01
2.151992358267307281e-02
-5.856761708855628967e-02
-1.345351338386535645e-01
-2.056177705526351929e-01
-2.713870406150817871e-01
-3.316302597522735596e-01
-3.862136304378509521e-01
-4.349480271339416504e-01
-4.774777591228485107e-01
-5.132054090499877930e-01
-5.412682890892028809e-01
-5.605665445327758789e-01
-5.698448419570922852e-01
-5.678176283836364746e-01
-5.533239245414733887e-01
-5.254928469657897949e-01
-4.839011728763580322e-01
-4.287026226520538330e-01
-3.607114255428314209e-01
-2.814296483993530273e-01
-1.930107474327087402e-01
-9.816198050975799561e-02
