-2.015884958127970583e-01
8.125955811010174834e-01
5.174549204158966631e-02
2.536858155620616562e-01
-1.003899257620998776e-02
8.193879424168967751e-02
-1.177263374933191012e-02
2.735801323233958901e-02
-6.615683423762476305e-03
9.415268740070236939e-03
-3.094370638017616970e-03
3.325795304941660778e-03
-1.334564316516830646e-03
1.200051025948753285e-03
-5.510685480797615238e-04
4.402880731293997763e-04
-2.217689297797062519e-04
1.635867708143393746e-04
-8.782470777228991844e-05
6.134760860742074736e-05
-3.442082486544951011e-05
2.316168240431688244e-05
-1.339815769090135184e-05
8.786772639589655895e-06
-5.191238922344820234e-06
3.344751760789231487e-06
-2.005141146511600749e-06
1.276244798102157718e-06
-7.728549906126803558e-07
4.877839350852232386e-07
-2.974548827214738996e-07
1.866485448916327586e-07
