-5.420547296781459169e-03
1.403528623601949521e+00
4.294854386897637988e-01
-1.548660885226768924e+00
8.361542615707763249e-01
6.872851161386883678e-01
-1.259016736462556629e+00
3.873588860066061179e-01
7.867508421587003919e-01
-9.484581287944453543e-01
5.918226392635209110e-02
7.740770042391471595e-01
-6.547692415606181093e-01
-1.588620988674276924e-01
6.901161495299058535e-01
-4.007362567975229495e-01
-2.843358118906116894e-01
5.682674292100872160e-01
-1.972150073885677868e-01
-3.376575246711727707e-01
4.338404387957412456e-01
-4.628271225141523948e-02
-3.390952035572096790e-01
3.044355519308973856e-01
5.586438492620487972e-02
-3.068356022454279963e-01
1.909444567124944092e-01
1.164613272065463806e-01
-2.559393724844644114e-01
9.885388582744455976e-02
1.442542394595922040e-01
-1.979712422872987598e-01
