-6.178702487873300592e-02
-5.125153120950842051e-02
-4.014162368413536769e-02
-2.842961567726854863e-02
-1.609904250248401364e-02
-3.148504881071827795e-03
1.040569553571166900e-02
2.452813427365873114e-02
3.916400573525628814e-02
5.423994295091581763e-02
6.966579994369244411e-02
8.533724933274880464e-02
1.011390133706772942e-01
1.169485145863627118e-01
1.326397099766924159e-01
1.480868671418517357e-01
1.631680558943786052e-01
1.777681645601011107e-01
1.917813022074520424e-01
2.051125092351283874e-01
2.176787608214555692e-01
2.294093030973069769e-01
2.402454050408919517e-01
2.501396372518323030e-01
2.590548018751994697e-01
2.669626380326520776e-01
2.738424174317630744e-01
2.796795290111478982e-01
2.844641329119912410e-01
2.881899454402733762e-01
2.908531998468908975e-01
2.924518137232905435e-01
2.929847829005297055e-01
2.924518137232905435e-01
2.908531998468908975e-01
2.881899454402733762e-01
2.844641329119912410e-01
2.796795290111478982e-01
2.738424174317630744e-01
2.669626380326520776e-01
2.590548018751994697e-01
2.501396372518323030e-01
2.402454050408919517e-01
2.294093030973069769e-01
2.176787608214556247e-01
2.051125092351285539e-01
1.917813022074520424e-01
1.777681645601011107e-01
1.631680558943784665e-01
1.480868671418518190e-01
1.326397099766924159e-01
1.169485145863628228e-01
1.011390133706772942e-01
8.533724933274880464e-02
6.966579994369233308e-02
5.423994295091581763e-02
3.916400573525628814e-02
2.452813427365862012e-02
1.040569553571155798e-02
-3.148504881071827795e-03
-1.609904250248401364e-02
-2.842961567726843761e-02
-4.014162368413515258e-02
-5.125153120950842051e-02
-6.178702487873311694e-02
-7.178206160269812175e-02
-8.127105517318913841e-02
-9.028264600002230966e-02
-9.883372139738054452e-02
-1.069245394644257330e-01
-1.145358722424272141e-01
-1.216289403050415108e-01
-1.281485247429196561e-01
-1.340290633181867308e-01
-1.392029083481672036e-01
-1.436094379064528914e-01
-1.472035323179741451e-01
-1.499621120485382375e-01
-1.518879072640610672e-01
-1.530102282599856978e-01
-1.533830501367560717e-01
-1.530810902104682847e-01
-1.521947028814496783e-01
-1.508243760053819271e-01
-1.490754541290424673e-01
-1.470535089447169708e-01
-1.448605797816548413e-01
-1.425923469182300285e-01
-1.403361879204768348e-01
-1.381699992111569963e-01
-1.361616326970016833e-01
-1.343687901768119697e-01
-1.328392271858348794e-01
-1.316111357577475216e-01
-1.307135973308547749e-01
-1.301670195689437481e-01
-1.299834925143258657e-01
-1.301670195689437481e-01
-1.307135973308547749e-01
-1.316111357577475216e-01
-1.328392271858347684e-01
-1.343687901768119697e-01
-1.361616326970014612e-01
-1.381699992111571074e-01
-1.403361879204768348e-01
-1.425923469182300285e-01
-1.448605797816548413e-01
-1.470535089447169708e-01
-1.490754541290423563e-01
-1.508243760053817328e-01
-1.521947028814496783e-01
-1.530810902104683957e-01
-1.533830501367561550e-01
-1.530102282599858088e-01
-1.518879072640607342e-01
-1.499621120485382375e-01
-1.472035323179741451e-01
-1.436094379064528914e-01
-1.392029083481669816e-01
-1.340290633181868418e-01
-1.281485247429197671e-01
-1.216289403050413997e-01
-1.145358722424273112e-01
-1.069245394644259550e-01
-9.883372139738065554e-02
-9.028264600002230966e-02
-8.127105517318913841e-02
-7.178206160269812175e-02
