-5.577875698093354151e-02
6.466906132412822417e-02
1.694121747686001822e-01
2.572077533209196076e-01
3.275357684061172003e-01
3.805780772564296144e-01
4.171715125585459538e-01
4.387375444836624228e-01
4.471919287909496554e-01
4.448384555661707984e-01
4.342514429876688786e-01
4.181519608382866515e-01
3.992829083514419786e-01
3.802880073246109882e-01
3.635995091372636323e-01
3.513389659661815823e-01
3.452348018630196358e-01
3.465596645664026920e-01
3.560896753802424430e-01
3.740867576148064755e-01
4.003042520360673429e-01
4.340150596973962882e-01
4.740606272017993672e-01
5.189182436758973394e-01
5.667833859476505420e-01
6.156632573294995581e-01
6.634772389249145030e-01
7.081597267103846294e-01
7.477607716924717929e-01
7.805400754525476659e-01
8.050502129504842896e-01
8.202054447461383235e-01
8.253331211659553635e-01
8.202054447461383235e-01
8.050502129504846227e-01
7.805400754525476659e-01
7.477607716924717929e-01
7.081597267103846294e-01
6.634772389249145030e-01
6.156632573294995581e-01
5.667833859476505420e-01
5.189182436758975614e-01
4.740606272017995337e-01
4.340150596973962882e-01
4.003042520360675649e-01
3.740867576148065310e-01
3.560896753802426096e-01
3.465596645664026920e-01
3.452348018630196358e-01
3.513389659661815823e-01
3.635995091372636323e-01
3.802880073246108772e-01
3.992829083514419786e-01
4.181519608382866515e-01
4.342514429876688786e-01
4.448384555661707984e-01
4.471919287909497109e-01
4.387375444836624228e-01
4.171715125585460093e-01
3.805780772564298364e-01
3.275357684061176444e-01
2.572077533209197187e-01
1.694121747686006263e-01
6.466906132412811314e-02
-5.577875698093320844e-02
-1.899723336761674208e-01
-3.352714578143120572e-01
-4.884171602372112675e-01
-6.456202845735578011e-01
-8.026734999725421149e-01
-9.550831828937828005e-01
-1.098216766715003345e+00
-1.227460483569412064e+00
-1.338381930171057999e+00
-1.426891599228867102e+00
-1.489397443664148613e+00
-1.522946687427968460e+00
-1.525349461131289885e+00
-1.495279411558583238e+00
-1.432347192162115590e+00
-1.337143660362108966e+00
-1.211250654205424215e+00
-1.057218357926809738e+00
-8.785094518395223373e-01
-6.794114332869675144e-01
-4.649196481726276531e-01
-2.405946440881412962e-01
-1.239840630148677202e-02
2.134851688308093687e-01
4.308396021323169789e-01
6.336086045378620524e-01
8.160857673068206974e-01
9.730947048023934620e-01
1.100153479495139308e+00
1.193617655063113014e+00
1.250797043440856626e+00
1.270042109794089935e+00
1.250797043440856626e+00
1.193617655063113014e+00
1.100153479495139308e+00
9.730947048023951274e-01
8.160857673068206974e-01
6.336086045378631626e-01
4.308396021323180891e-01
2.134851688308104789e-01
-1.239840630148441973e-02
-2.405946440881403525e-01
-4.649196481726257102e-01
-6.794114332869658490e-01
-8.785094518395207830e-01
-1.057218357926808627e+00
-1.211250654205423105e+00
-1.337143660362108299e+00
-1.432347192162115146e+00
-1.495279411558582350e+00
-1.525349461131289885e+00
-1.522946687427968682e+00
-1.489397443664148835e+00
-1.426891599228867547e+00
-1.338381930171059775e+00
-1.227460483569414063e+00
-1.098216766715003123e+00
-9.550831828937839107e-01
-8.026734999725431141e-01
-6.456202845735588003e-01
-4.884171602372139320e-01
-3.352714578143117241e-01
-1.899723336761684755e-01
