1.115328784610471712e-02
-5.846274293654138421e-02
-9.378326247936409621e-02
-4.147109160055614113e-03
-1.573939918187688535e-03
-1.178730041224576933e-04
-2.809082630115351462e-05
-2.772458816859669651e-06
-5.245646716787947175e-07
-6.048372494200153240e-08
-1.009806541981807106e-08
-1.272788520494342500e-09
-1.981565182023621989e-10
-2.628602639750327565e-11
-3.933938696067380767e-12
-5.373665767358249882e-13
-7.863796323712707012e-14
-1.092348947336837653e-14
-1.578252330102861084e-15
-2.213464731948421765e-16
-3.174866707000820092e-17
-4.477166476866242317e-18
-6.395170994350971653e-19
-9.046706188835262919e-20
-1.289169096104144055e-20
-1.826944304789159151e-21
-2.599902425653068414e-22
-3.688215155527325215e-23
-5.244601681856043006e-24
-7.444321412547290253e-25
-1.058107635922253999e-25
-1.502405444512580028e-26
