2.656461840955789966e-01
-5.221753099781669682e-01
9.291109373914853142e-01
-5.342262426378159290e-01
4.739000746344695369e-01
-3.435091061787199918e-01
2.719709034163039219e-01
-2.069271869065783531e-01
1.602532374761000411e-01
-1.231263357926613150e-01
9.493656378387779760e-02
-7.308500024315865706e-02
5.630284540748695804e-02
-4.336057809981901795e-02
3.339805503659896285e-02
-2.572289531932920453e-02
1.981211258510442996e-02
-1.525935735244532757e-02
1.175287587504552159e-02
-9.052133715559539107e-03
6.972014167638223084e-03
-5.369889421484732618e-03
4.135923736514585981e-03
-3.185515024877950269e-03
2.453504241433917144e-03
-1.889704771382186939e-03
1.455462800811927653e-03
-1.121006830341480381e-03
8.634066877040797111e-04
-6.650013965995637622e-04
5.121883626054568464e-04
-3.944907786478473702e-04
