-8.076346985952737728e-03
-2.786084106722430676e-01
-7.383579016757205182e-02
-4.751378735971215767e-02
-3.686054036731423178e-02
-2.917803732423001131e-02
-2.314145262557591384e-02
-1.835713224217769973e-02
-1.456218700574462774e-02
-1.155178470466929758e-02
-9.163716316489637151e-03
-7.269326785081576571e-03
-5.766559129195893661e-03
-4.574454440975386782e-03
-3.628790230707290738e-03
-2.878620545553964554e-03
-2.283531347490211621e-03
-1.811463279877004954e-03
-1.436984527472892712e-03
-1.139920723282173082e-03
-9.042680909399455251e-04
-7.173312701411096570e-04
-5.690393770141680650e-04
-4.514034534267202846e-04
-3.580860762830756949e-04
-2.840599402915833910e-04
-2.253370209643964931e-04
-1.787537269950393107e-04
-1.418004674858359623e-04
-1.124864522671442473e-04
-8.923244166957638892e-05
-7.078566783673087039e-05
