1.567680932019848150e-01
2.066868409012163621e-01
1.998738390855357705e-01
1.434855164394362170e-01
5.156702972272521335e-02
-5.749067401621162088e-02
-1.640666489114208093e-01
-2.505027157248672642e-01
-3.038726488969006323e-01
-3.178996891603357300e-01
-2.937323533317020008e-01
-2.394706581396566503e-01
-1.685328573214388559e-01
-9.713599369633954539e-02
-4.130368688044584041e-02
-1.388995645941682421e-02
-2.210682753429221714e-02
-6.596604564940830584e-02
-1.379032596126076593e-01
-2.236682844811770654e-01
-3.043659326860434500e-01
-3.593490875991956490e-01
-3.695274742335635243e-01
-3.205835015221795148e-01
-2.055921068892972159e-01
-2.662439391369792949e-02
2.049371247816061392e-01
4.694528168576416749e-01
7.413255862353036463e-01
9.922332330121971244e-01
1.194837787353147718e+00
1.326440286294042314e+00
1.372052648524349161e+00
1.326440286294042314e+00
1.194837787353151937e+00
9.922332330121971244e-01
7.413255862353036463e-01
4.694528168576416749e-01
2.049371247816061392e-01
-2.662439391369792949e-02
-2.055921068892972159e-01
-3.205835015221790707e-01
-3.695274742335633578e-01
-3.593490875991956490e-01
-3.043659326860442271e-01
-2.236682844811773707e-01
-1.379032596126079369e-01
-6.596604564940815318e-02
-2.210682753429227265e-02
-1.388995645941676522e-02
-4.130368688044584041e-02
-9.713599369633940661e-02
-1.685328573214388559e-01
-2.394706581396564560e-01
-2.937323533317017787e-01
-3.178996891603357855e-01
-3.038726488969007433e-01
-2.505027157248677638e-01
-1.640666489114209758e-01
-5.749067401621209966e-02
5.156702972272438068e-02
1.434855164394362170e-01
1.998738390855355207e-01
2.066868409012163066e-01
1.567680932019850093e-01
5.140562018357726359e-02
-9.936764363840684677e-02
-2.778076580167529452e-01
-4.607031807477541818e-01
-6.225192816655864547e-01
-7.389889757480699872e-01
-7.906275168040749479e-01
-7.656485693920106472e-01
-6.618445151296837858e-01
-4.871423958588994574e-01
-2.587402434649125338e-01
-9.368852902568487609e-04
2.580394963404550324e-01
4.897515780164991006e-01
6.692892959668650388e-01
7.784887926654038282e-01
8.081783388325600725e-01
7.591410018993853814e-01
6.416744750279116394e-01
4.738356752977371800e-01
2.786502960129131345e-01
8.071659000133381279e-02
-9.728392687839981789e-02
-2.376506050840136719e-01
-3.298570062479591614e-01
-3.715671335449454160e-01
-3.683525543666949509e-01
-3.321894352102759407e-01
-2.790013982440279761e-01
-2.256583493774470262e-01
-1.869211146882345520e-01
-1.728249046660954580e-01
-1.869211146882345520e-01
-2.256583493774470262e-01
-2.790013982440279761e-01
-3.321894352102753301e-01
-3.683525543666949509e-01
-3.715671335449454715e-01
-3.298570062479595499e-01
-2.376506050840142825e-01
-9.728392687840160813e-02
8.071659000133303563e-02
2.786502960129113582e-01
4.738356752977357367e-01
6.416744750279104181e-01
7.591410018993848263e-01
8.081783388325599615e-01
7.784887926654042722e-01
6.692892959668659270e-01
4.897515780165027643e-01
2.580394963404550324e-01
-9.368852902553101696e-04
-2.587402434649106464e-01
-4.871423958588981251e-01
-6.618445151296813433e-01
-7.656485693920096480e-01
-7.906275168040749479e-01
-7.389889757480706534e-01
-6.225192816655875649e-01
-4.607031807477555141e-01
-2.778076580167559984e-01
-9.936764363840656922e-02
5.140562018357628521e-02
