3.677459016642641715e-02
-7.502136602801950938e-02
-1.842198775576526504e-01
-2.870095481026802564e-01
-3.800090219129402813e-01
-4.604527508484682619e-01
-5.263147966429141400e-01
-5.763607883693627754e-01
-6.101262881838332985e-01
-6.278280511326873592e-01
-6.302220411405308198e-01
-6.184277319696181996e-01
-5.937415280066621337e-01
-5.574627124314078808e-01
-5.107531183748410530e-01
-4.545469979184860176e-01
-3.895209045066692077e-01
-3.161256041495196234e-01
-2.346740208792879867e-01
-1.454719576921528201e-01
-4.897268307421956401e-02
5.406688731462400838e-02
1.624513462102507855e-01
2.744540931926567340e-01
3.877829044770678135e-01
4.996132144338306658e-01
6.066906279169694827e-01
7.054959530933959666e-01
7.924584714999713952e-01
8.641971365842803232e-01
9.177656273426444411e-01
9.508761318459203471e-01
9.620785339451614071e-01
9.508761318459203471e-01
9.177656273426454403e-01
8.641971365842803232e-01
7.924584714999713952e-01
7.054959530933959666e-01
6.066906279169694827e-01
4.996132144338306658e-01
3.877829044770678135e-01
2.744540931926573446e-01
1.624513462102512296e-01
5.406688731462400838e-02
-4.897268307421880768e-02
-1.454719576921524038e-01
-2.346740208792876536e-01
-3.161256041495199565e-01
-3.895209045066690412e-01
-4.545469979184856291e-01
-5.107531183748410530e-01
-5.574627124314077697e-01
-5.937415280066621337e-01
-6.184277319696181996e-01
-6.302220411405307088e-01
-6.278280511326873592e-01
-6.101262881838334096e-01
-5.763607883693628864e-01
-5.263147966429142510e-01
-4.604527508484685949e-01
-3.800090219129409475e-01
-2.870095481026803674e-01
-1.842198775576530945e-01
-7.502136602801941223e-02
3.677459016642613959e-02
1.471573194842037136e-01
2.521704599001570180e-01
3.481634565592071073e-01
4.320161460770129969e-01
5.013144861043921097e-01
5.544608494203290272e-01
5.907095216445212849e-01
6.101262881838331875e-01
6.134793178575288497e-01
6.020759883631157106e-01
5.775659967136944628e-01
5.417344038425897512e-01
4.963088039748808633e-01
4.428025360323371018e-01
3.824110444623010086e-01
3.159717241738163596e-01
2.439896506933353915e-01
1.667234385367844518e-01
8.431804923562501164e-02
-3.034441089852923847e-03
-9.492862257054739128e-02
-1.905973989876658947e-01
-2.888028264678142998e-01
-3.877829044770667588e-01
-4.852644811586720452e-01
-5.785445751395537073e-01
-6.646342178374722298e-01
-7.404513473358982356e-01
-8.030432281277523066e-01
-8.498150450001410450e-01
-8.787401783897353935e-01
-8.885293536123086700e-01
-8.787401783897353935e-01
-8.498150450001410450e-01
-8.030432281277523066e-01
-7.404513473358989017e-01
-6.646342178374722298e-01
-5.785445751395543734e-01
-4.852644811586726559e-01
-3.877829044770672029e-01
-2.888028264678152435e-01
-1.905973989876662833e-01
-9.492862257054822395e-02
-3.034441089853612099e-03
8.431804923562434551e-02
1.667234385367838689e-01
2.439896506933348086e-01
3.159717241738159155e-01
3.824110444623006200e-01
4.428025360323361026e-01
4.963088039748808633e-01
5.417344038425896402e-01
5.775659967136943518e-01
6.020759883631155995e-01
6.134793178575287387e-01
6.101262881838334096e-01
5.907095216445212849e-01
5.544608494203294713e-01
5.013144861043925538e-01
4.320161460770134965e-01
3.481634565592086061e-01
2.521704599001567959e-01
1.471573194842045185e-01
