-1.121377721428871155e-01
8.015742301940917969e-01
1.000000000000000000e+00
9.495178461074829102e-01
1.000000000000000000e+00
9.688658714294433594e-01
1.000000000000000000e+00
9.761260151863098145e-01
1.000000000000000000e+00
9.798482060432434082e-01
1.000000000000000000e+00
9.820627570152282715e-01
1.000000000000000000e+00
9.834916591644287109e-01
1.000000000000000000e+00
9.844541549682617188e-01
1.000000000000000000e+00
9.851113557815551758e-01
1.000000000000000000e+00
9.855518937110900879e-01
1.000000000000000000e+00
9.858263134956359863e-01
1.000000000000000000e+00
9.859635829925537109e-01
1.000000000000000000e+00
9.859783649444580078e-01
1.000000000000000000e+00
9.858754277229309082e-01
1.000000000000000000e+00
9.856488704681396484e-01
1.000000000000000000e+00
9.852830767631530762e-01
1.000000000000000000e+00
9.847492575645446777e-01
1.000000000000000000e+00
9.839992523193359375e-01
1.000000000000000000e+00
9.829525351524353027e-01
1.000000000000000000e+00
9.814712405204772949e-01
1.000000000000000000e+00
9.793027639389038086e-01
1.000000000000000000e+00
9.759369492530822754e-01
1.000000000000000000e+00
9.701759219169616699e-01
1.000000000000000000e+00
9.584242105484008789e-01
1.000000000000000000e+00
9.232017993927001953e-01
1.000000000000000000e+00
3.103165328502655029e-01
-1.070006489753723145e-01
6.032017245888710022e-02
-4.487673565745353699e-02
3.221361339092254639e-02
-2.890543267130851746e-02
2.195139601826667786e-02
-2.178416401147842407e-02
1.674211770296096802e-02
-1.782997697591781616e-02
1.365454029291868210e-02
-1.536769233644008636e-02
1.165954861789941788e-02
-1.373161002993583679e-02
1.030661072582006454e-02
-1.260691788047552109e-02
9.369658306241035461e-03
-1.182733289897441864e-02
8.724386803805828094e-03
-1.129875518381595612e-02
8.298992179334163666e-03
-1.096624322235584259e-02
8.051628246903419495e-03
-1.079841051250696182e-02
7.959513925015926361e-03
-1.077979803085327148e-02
8.013661950826644897e-03
-1.090741157531738281e-02
8.216899819672107697e-03
-1.118999067693948746e-02
8.584278635680675507e-03
-1.164963748306035995e-02
9.146058931946754456e-03
-1.232640724629163742e-02
9.954429231584072113e-03
-1.328788418322801590e-02
1.109701581299304962e-02
-1.464842073619365692e-02
1.272465381771326065e-02
-1.660994999110698700e-02
1.511286571621894836e-02
-1.955736987292766571e-02
1.881517842411994934e-02
-2.431578002870082855e-02
2.511817589402198792e-02
-3.301089257001876831e-02
3.781508281826972961e-02
-5.318702012300491333e-02
7.462521642446517944e-02
-1.410410404205322266e-01
5.537536144256591797e-01
1.000000000000000000e+00
9.205758571624755859e-01
1.000000000000000000e+00
9.549340605735778809e-01
1.000000000000000000e+00
9.671161174774169922e-01
1.000000000000000000e+00
9.732281565666198730e-01
1.000000000000000000e+00
9.768348932266235352e-01
1.000000000000000000e+00
9.791641235351562500e-01
1.000000000000000000e+00
9.807483553886413574e-01
1.000000000000000000e+00
9.818543791770935059e-01
1.000000000000000000e+00
9.826281070709228516e-01
1.000000000000000000e+00
9.831547141075134277e-01
1.000000000000000000e+00
9.834835529327392578e-01
1.000000000000000000e+00
9.836435914039611816e-01
1.000000000000000000e+00
9.836469888687133789e-01
1.000000000000000000e+00
9.834945201873779297e-01
1.000000000000000000e+00
9.831732511520385742e-01
1.000000000000000000e+00
9.826560020446777344e-01
1.000000000000000000e+00
9.818926453590393066e-01
1.000000000000000000e+00
9.808002710342407227e-01
1.000000000000000000e+00
9.792338609695434570e-01
1.000000000000000000e+00
9.769309759140014648e-01
1.000000000000000000e+00
9.733647704124450684e-01
1.000000000000000000e+00
9.673260450363159180e-01
1.000000000000000000e+00
9.553071856498718262e-01
1.000000000000000000e+00
9.215338230133056641e-01
1.000000000000000000e+00
5.696095228195190430e-01
-1.414818465709686279e-01
7.445900142192840576e-02
-5.297294259071350098e-02
3.757853433489799500e-02
-3.280873596668243408e-02
2.490723691880702972e-02
-2.413907647132873535e-02
1.862648315727710724e-02
-1.939921081066131592e-02
1.493967883288860321e-02
-1.646433398127555847e-02
1.256185956299304962e-02
-1.451104413717985153e-02
1.094090007245540619e-02
-1.315541565418243408e-02
9.802140295505523682e-03
-1.219638716429471970e-02
8.995269425213336945e-03
-1.151976175606250763e-02
8.432928472757339478e-03
-1.105840224772691727e-02
8.063038811087608337e-03
-1.077198050916194916e-02
7.855285890400409698e-03
-1.063860021531581879e-02
7.794260978698730469e-03
-1.064929179847240448e-02
7.876747287809848785e-03
-1.080658845603466034e-02
8.111345581710338593e-03
-1.112488098442554474e-02
8.519957773387432098e-03
-1.163457799702882767e-02
9.143522940576076508e-03
-1.238871179521083832e-02
1.005063392221927643e-02
-1.347886584699153900e-02
1.136285439133644104e-02
-1.506584789603948593e-02
1.329837739467620850e-02
-1.745513081550598145e-02
1.629453711211681366e-02
-2.129088900983333588e-02
2.134407870471477509e-02
-2.819280698895454407e-02
3.128271177411079407e-02
-4.363908991217613220e-02
5.840462446212768555e-02
-1.033128648996353149e-01
2.947817742824554443e-01
1.000000000000000000e+00
9.246034026145935059e-01
1.000000000000000000e+00
9.592652320861816406e-01
1.000000000000000000e+00
9.707807898521423340e-01
1.000000000000000000e+00
9.764164090156555176e-01
1.000000000000000000e+00
9.797071218490600586e-01
1.000000000000000000e+00
9.818269014358520508e-01
1.000000000000000000e+00
9.832754731178283691e-01
1.000000000000000000e+00
9.843000173568725586e-01
1.000000000000000000e+00
9.850354790687561035e-01
1.000000000000000000e+00
9.855605363845825195e-01
1.000000000000000000e+00
9.859225153923034668e-01
1.000000000000000000e+00
9.861498475074768066e-01
1.000000000000000000e+00
9.862580299377441406e-01
1.000000000000000000e+00
9.862525463104248047e-01
1.000000000000000000e+00
9.861300587654113770e-01
1.000000000000000000e+00
9.858767986297607422e-01
1.000000000000000000e+00
9.854657649993896484e-01
1.000000000000000000e+00
9.848491549491882324e-01
1.000000000000000000e+00
9.839438199996948242e-01
1.000000000000000000e+00
9.825980067253112793e-01
1.000000000000000000e+00
9.805113077163696289e-01
1.000000000000000000e+00
9.770045876502990723e-01
1.000000000000000000e+00
9.701731204986572266e-01
1.000000000000000000e+00
9.520259499549865723e-01
1.000000000000000000e+00
8.156244158744812012e-01
-1.076060310006141663e-01
5.070583522319793701e-02
-3.531911596655845642e-02
2.354266867041587830e-02
