8.498377857300528845e-03
-6.058901842392893089e-01
-7.710648142014062678e-01
-1.337532266255671454e+00
-1.955716194352066006e+00
-3.133121501609404280e+00
-4.775850553289570755e+00
-7.477761206768268387e+00
-1.153926325550714083e+01
-1.794725986714834320e+01
-2.779521207069886302e+01
-4.314611532562834384e+01
-6.689170265864072462e+01
-1.037756878014688340e+02
-1.609387135902140358e+02
-2.496382795613560290e+02
-3.871822438214654198e+02
-6.005439480850769769e+02
-9.314521907660446232e+02
-1.444720035470157427e+03
-2.240798698335524023e+03
-3.475554833950457578e+03
-5.390689043931931337e+03
-8.361131373363354214e+03
-1.296837238134533618e+04
-2.011435369441330113e+04
-3.119798842564646475e+04
-4.838905677919234586e+04
-7.505293694793870964e+04
-1.164094513270120078e+05
-1.805546943523098889e+05
-2.800459724628184340e+05
