0.000000000000000000e+00
4.416709271026775241e-05
8.822778181638568640e-05
1.320759183727204800e-04
1.756058918545022607e-04
2.187127975048497319e-04
2.612927928566932678e-04
3.032433451153337955e-04
3.444633330218493938e-04
3.848534834105521441e-04
4.243165021762251854e-04
4.627572780009359121e-04
5.000832607038319111e-04
5.362044903449714184e-04
5.710339173674583435e-04
6.044877227395772934e-04
6.364852306433022022e-04
6.669494323432445526e-04
6.958068115636706352e-04
7.229880429804325104e-04
7.484274683520197868e-04
7.720638532191514969e-04
7.938403286971151829e-04
8.137043332681059837e-04
8.316080202348530293e-04
8.475083159282803535e-04
8.613669779151678085e-04
8.731504203751683235e-04
8.828303543850779533e-04
8.903835550881922245e-04
8.957916870713233948e-04
8.990418282337486744e-04
9.001260623335838318e-04
8.990418282337486744e-04
8.957916870713233948e-04
8.903835550881922245e-04
8.828303543850779533e-04
8.731504203751683235e-04
8.613669779151678085e-04
8.475083159282803535e-04
8.316080202348530293e-04
8.137043332681059837e-04
7.938403286971151829e-04
7.720638532191514969e-04
7.484274683520197868e-04
7.229880429804325104e-04
6.958068115636706352e-04
6.669494323432445526e-04
6.364852306433022022e-04
6.044877227395772934e-04
5.710339173674583435e-04
5.362044903449714184e-04
5.000832607038319111e-04
4.627572780009359121e-04
4.243165021762251854e-04
3.848534834105521441e-04
3.444633330218493938e-04
3.032433451153337955e-04
2.612927928566932678e-04
2.187127975048497319e-04
1.756058918545022607e-04
1.320759183727204800e-04
8.822778181638568640e-05
4.416709271026775241e-05
1.102336556452081029e-19
-4.416709271026775241e-05
-8.822778181638568640e-05
-1.320759183727204800e-04
-1.756058918545022607e-04
-2.187127975048497319e-04
-2.612927928566932678e-04
-3.032433451153337955e-04
-3.444633330218493938e-04
-3.848534834105521441e-04
-4.243165021762251854e-04
-4.627572780009359121e-04
-5.000832607038319111e-04
-5.362044903449714184e-04
-5.710339173674583435e-04
-6.044877227395772934e-04
-6.364852306433022022e-04
-6.669494323432445526e-04
-6.958068115636706352e-04
-7.229880429804325104e-04
-7.484274683520197868e-04
-7.720638532191514969e-04
-7.938403286971151829e-04
-8.137043332681059837e-04
-8.316080202348530293e-04
-8.475083159282803535e-04
-8.613669779151678085e-04
-8.731504203751683235e-04
-8.828303543850779533e-04
-8.903835550881922245e-04
-8.957916870713233948e-04
-8.990418282337486744e-04
-9.001260623335838318e-04
-8.990418282337486744e-04
-8.957916870713233948e-04
-8.903835550881922245e-04
-8.828303543850779533e-04
-8.731504203751683235e-04
-8.613669779151678085e-04
-8.475083159282803535e-04
-8.316080202348530293e-04
-8.137043332681059837e-04
-7.938403286971151829e-04
-7.720638532191514969e-04
-7.484274683520197868e-04
-7.229880429804325104e-04
-6.958068115636706352e-04
-6.669494323432445526e-04
-6.364852306433022022e-04
-6.044877227395772934e-04
-5.710339173674583435e-04
-5.362044903449714184e-04
-5.000832607038319111e-04
-4.627572780009359121e-04
-4.243165021762251854e-04
-3.848534834105521441e-04
-3.444633330218493938e-04
-3.032433451153337955e-04
-2.612927928566932678e-04
-2.187127975048497319e-04
-1.756058918545022607e-04
-1.320759183727204800e-04
-8.822778181638568640e-05
-4.416709271026775241e-05
