-6.751091229274841510e-02
2.398856003689803507e-01
1.288366030286580144e-01
3.205558085688480635e-02
8.985612026178847744e-03
2.459507338327277318e-03
6.762955382470834482e-04
1.857975075914251601e-04
5.105258196224910069e-05
1.402752763328556840e-05
3.854316207994712842e-06
1.059041577359164299e-06
2.909904821919698946e-07
7.995479932365068272e-08
2.196900030603127641e-08
6.036372771743228180e-09
1.658600561887729817e-09
4.557299437491356166e-10
1.252198910362253184e-10
3.440638765601347484e-11
9.453765705593595187e-12
2.597589927480483223e-12
7.137339385675531999e-13
1.961110680611759426e-13
5.388499682848569426e-14
1.480585931182706307e-14
4.068172642922592702e-15
1.117802641782734590e-15
3.071361162978635994e-16
8.439109947359568254e-17
2.318795248246049386e-17
6.371301519742323623e-18
1.750628180136904969e-18
4.810161653145868273e-19
1.321677292295474859e-19
3.631542952048320870e-20
9.978308842445856706e-21
2.741717464723197425e-21
7.533355376205860033e-22
2.069923103106444129e-22
5.687481127342914589e-23
1.562736389836718869e-23
4.293895609392247717e-24
1.179824033296137413e-24
3.241775944665279372e-25
8.907354807861134480e-26
2.447453834793600997e-26
6.724813822572147132e-27
1.847761960015526775e-27
5.077053954148769234e-28
1.395010689208097469e-28
3.833039476396762607e-29
1.053195630777298842e-29
2.893841932802404695e-30
7.951344353626863238e-31
2.184772993759462700e-31
6.003051587224316678e-32
1.649444974915500176e-32
4.532142837259831759e-33
1.245286687928335520e-33
3.421646207578735788e-34
9.401580281336554081e-35
2.583251055899308133e-35
7.097940790924365110e-36
