-6.499615303181832671e-02
2.017880527636136713e-03
6.949415976403958140e-02
1.372633697847472356e-01
2.051510565953957033e-01
2.729781551602373790e-01
3.405615702289674918e-01
4.077148070915569411e-01
4.742486489149971285e-01
5.399718768339013542e-01
6.046920285153225549e-01
6.682161905013818126e-01
7.303518192554782074e-01
7.909075855027344337e-01
8.496942361663005761e-01
9.065254679611157718e-01
9.612188065182050156e-01
1.013596484777568030e+00
1.063486314307690028e+00
1.110722543185646005e+00
1.155146694104154159e+00
1.196608376460654766e+00
1.234966066327965795e+00
1.270087848405143216e+00
1.301852114299195451e+00
1.330148211791147173e+00
1.354877040090937124e+00
1.375951586481723554e+00
1.393297400191818802e+00
1.406852999807771232e+00
1.416570211050813599e+00
1.422414432276393415e+00
1.424364825617943975e+00
1.422414432276393415e+00
1.416570211050813821e+00
1.406852999807771232e+00
1.393297400191818802e+00
1.375951586481723554e+00
1.354877040090937124e+00
1.330148211791147173e+00
1.301852114299195451e+00
1.270087848405143438e+00
1.234966066327966017e+00
1.196608376460654766e+00
1.155146694104154603e+00
1.110722543185646005e+00
1.063486314307690028e+00
1.013596484777568030e+00
9.612188065182051266e-01
9.065254679611162159e-01
8.496942361663005761e-01
7.909075855027345447e-01
7.303518192554782074e-01
6.682161905013820347e-01
6.046920285153228880e-01
5.399718768339012431e-01
4.742486489149973505e-01
4.077148070915572742e-01
3.405615702289675473e-01
2.729781551602377121e-01
2.051510565953962029e-01
1.372633697847473189e-01
6.949415976403990058e-02
2.017880527636067324e-03
-6.499615303181816017e-02
-1.313842381070645382e-01
-1.969887001169259855e-01
-2.616582507918875367e-01
-3.252482875515325667e-01
-3.876211340794381566e-01
-4.486462225540129301e-01
-5.082002185354763668e-01
-5.661670900346716939e-01
-6.224381227936172101e-01
-6.769118842858525831e-01
-7.294941393922664830e-01
-7.800977211209636497e-01
-8.286423601139802919e-01
-8.750544770158742436e-01
-9.192669420663185376e-01
-9.612188065182050156e-01
-1.000855010672365042e+00
-1.038126073458115695e+00
-1.072987768574400036e+00
-1.105400792238668606e+00
-1.135330427569769984e+00
-1.162746210557435766e+00
-1.187621602445426694e+00
-1.209933673179520497e+00
-1.229662800347227858e+00
-1.246792387765891075e+00
-1.261308607562522832e+00
-1.273200169235681800e+00
-1.282458118800630320e+00
-1.289075670697927389e+00
-1.293048074696964589e+00
-1.294372519554307210e+00
-1.293048074696964589e+00
-1.289075670697927389e+00
-1.282458118800630320e+00
-1.273200169235682022e+00
-1.261308607562522832e+00
-1.246792387765891297e+00
-1.229662800347228080e+00
-1.209933673179520497e+00
-1.187621602445426916e+00
-1.162746210557435989e+00
-1.135330427569770428e+00
-1.105400792238668606e+00
-1.072987768574400258e+00
-1.038126073458115695e+00
-1.000855010672365264e+00
-9.612188065182052377e-01
-9.192669420663188706e-01
-8.750544770158751318e-01
-8.286423601139802919e-01
-7.800977211209639828e-01
-7.294941393922668160e-01
-6.769118842858530272e-01
-6.224381227936180982e-01
-5.661670900346725821e-01
-5.082002185354762558e-01
-4.486462225540134297e-01
-3.876211340794386007e-01
-3.252482875515330107e-01
-2.616582507918885914e-01
-1.969887001169258745e-01
-1.313842381070650378e-01
