-8.181274726685359155e-01
-8.644594945027689326e-01
-9.018619580476714415e-01
-9.293833976905823135e-01
-9.461933849481611869e-01
-9.516027629270763510e-01
-9.450816952120839609e-01
-9.262751083314737510e-01
-8.950151552583787140e-01
-8.513303841478158107e-01
-7.954513605298311196e-01
-7.278125611632286773e-01
-6.490504322524981440e-01
-5.599975821898579564e-01
-4.616731577816868826e-01
-3.552695313952852763e-01
-2.421355029589763730e-01
-1.237562936424499160e-01
-1.730675781588079509e-03
1.222543552570092562e-01
2.464509083669837175e-01
3.690790201074408139e-01
4.883564370817425337e-01
6.025287968412242900e-01
7.098996348779087473e-01
8.088596448955328588e-01
8.979146308338605831e-01
9.757116118701455454e-01
1.041062575394802181e+00
1.092965417084639901e+00
1.130621660786562011e+00
1.153450612887663818e+00
1.161099674917469571e+00
1.153450612887663818e+00
1.130621660786562677e+00
1.092965417084639901e+00
1.041062575394802181e+00
9.757116118701455454e-01
8.979146308338605831e-01
8.088596448955328588e-01
7.098996348779087473e-01
6.025287968412248452e-01
4.883564370817429778e-01
3.690790201074408139e-01
2.464509083669846612e-01
1.222543552570098113e-01
-1.730675781587602893e-03
-1.237562936424503462e-01
-2.421355029589760122e-01
-3.552695313952846101e-01
-4.616731577816868826e-01
-5.599975821898576234e-01
-6.490504322524981440e-01
-7.278125611632284553e-01
-7.954513605298306755e-01
-8.513303841478159217e-01
-8.950151552583787140e-01
-9.262751083314735290e-01
-9.450816952120839609e-01
-9.516027629270763510e-01
-9.461933849481614089e-01
-9.293833976905823135e-01
-9.018619580476715525e-01
-8.644594945027689326e-01
-8.181274726685360266e-01
-7.639164350117830793e-01
-7.029528032682568206e-01
-6.364149500970730511e-01
-5.655090535621534187e-01
-4.914452439903834180e-01
-4.154145378147569012e-01
-3.385670275719633859e-01
-2.619917619192419500e-01
-1.866987052072502096e-01
-1.136031138283881137e-01
-4.351260745619228709e-02
2.288285125404203660e-02
8.501792346335375339e-02
1.424557333835364814e-01
1.948885777272467146e-01
2.421355742639726694e-01
2.841373871802702067e-01
3.209482319341916967e-01
3.527254220453703293e-01
3.797167734719650856e-01
4.022462277418470400e-01
4.206980918509577450e-01
4.355003203356705432e-01
4.471072822997115837e-01
4.559824631860752708e-01
4.625815476184985120e-01
4.673363158174468901e-01
4.706397622750193577e-01
4.728328121271400120e-01
4.741929687749123490e-01
4.749251767571060490e-01
4.751551278096091124e-01
4.749251767571060490e-01
4.741929687749123490e-01
4.728328121271400120e-01
4.706397622750193577e-01
4.673363158174468901e-01
4.625815476184985120e-01
4.559824631860752708e-01
4.471072822997115837e-01
4.355003203356707098e-01
4.206980918509578560e-01
4.022462277418472065e-01
3.797167734719653076e-01
3.527254220453705513e-01
3.209482319341919743e-01
2.841373871802704287e-01
2.421355742639729469e-01
1.948885777272469921e-01
1.424557333835374251e-01
8.501792346335375339e-02
2.288285125404239048e-02
-4.351260745619176667e-02
-1.136031138283875724e-01
-1.866987052072490161e-01
-2.619917619192407288e-01
-3.385670275719634970e-01
-4.154145378147562906e-01
-4.914452439903829184e-01
-5.655090535621527525e-01
-6.364149500970719409e-01
-7.029528032682568206e-01
-7.639164350117826352e-01
