5.321884369114791014e-01
4.913698754733180629e-01
4.462579350370747266e-01
3.977162004073105939e-01
3.466221977141927257e-01
2.938499172013996907e-01
2.402529797731324523e-01
1.866487919649595650e-01
1.338040073307312783e-01
8.242157892168364142e-02
3.312964834382334245e-02
-1.352752729016899746e-02
-5.709645734931147187e-02
-9.721900649874042066e-02
-1.336346410368882964e-01
-1.661803368492780764e-01
-1.947882058743345968e-01
-2.194809490185165857e-01
-2.403652916194694011e-01
-2.576236017835198400e-01
-2.715039312549026862e-01
-2.823087520572336584e-01
-2.903826892613612931e-01
-2.960995703016429670e-01
-2.998491238664829361e-01
-3.020236662768652214e-01
-3.030051103587413364e-01
-3.031526212050310032e-01
-3.027912251752286066e-01
-3.022016534247922714e-01
-3.016116697775266253e-01
-3.011890955792491664e-01
-3.010367021533933429e-01
-3.011890955792491664e-01
-3.016116697775266253e-01
-3.022016534247922714e-01
-3.027912251752286066e-01
-3.031526212050310032e-01
-3.030051103587413364e-01
-3.020236662768652214e-01
-2.998491238664829361e-01
-2.960995703016429670e-01
-2.903826892613613486e-01
-2.823087520572336584e-01
-2.715039312549027972e-01
-2.576236017835198955e-01
-2.403652916194694844e-01
-2.194809490185165302e-01
-1.947882058743346800e-01
-1.661803368492782429e-01
-1.336346410368882964e-01
-9.721900649874050393e-02
-5.709645734931147187e-02
-1.352752729016913624e-02
3.312964834382306489e-02
8.242157892168375244e-02
1.338040073307311673e-01
1.866487919649592042e-01
2.402529797731324246e-01
2.938499172013994687e-01
3.466221977141923927e-01
3.977162004073105384e-01
4.462579350370744491e-01
4.913698754733181184e-01
5.321884369114789903e-01
5.678817327783898250e-01
5.976672356100890537e-01
6.208289625744297657e-01
6.367338108891867909e-01
6.448466811036931423e-01
6.447440468482377174e-01
6.361256578177379994e-01
6.188240978876207166e-01
5.928119616506971612e-01
5.582064594666733548e-01
5.152713123633684278e-01
4.644158527539056225e-01
4.061913037935515614e-01
3.412842680975295973e-01
2.705075142543219568e-01
1.947882058743347911e-01
1.151537716134732048e-01
3.271566455882935626e-02
-5.134869551129156440e-02
-1.358154641496910342e-01
-2.194350330159652862e-01
-3.009534185491350433e-01
-3.791339702707368087e-01
-4.527789813518681705e-01
-5.207507835058324819e-01
-5.819919162626286946e-01
-6.355439771000618299e-01
-6.805647834281504105e-01
-7.163435095569480326e-01
-7.423135008696375436e-01
-7.580625126724589435e-01
-7.633401716695649153e-01
-7.580625126724589435e-01
-7.423135008696375436e-01
-7.163435095569480326e-01
-6.805647834281508546e-01
-6.355439771000618299e-01
-5.819919162626290277e-01
-5.207507835058329260e-01
-4.527789813518685036e-01
-3.791339702707375858e-01
-3.009534185491353764e-01
-2.194350330159660079e-01
-1.358154641496917281e-01
-5.134869551129220278e-02
3.271566455882875257e-02
1.151537716134726358e-01
1.947882058743342915e-01
2.705075142543215128e-01
3.412842680975283760e-01
4.061913037935515614e-01
4.644158527539052894e-01
5.152713123633679837e-01
5.582064594666731328e-01
5.928119616506966061e-01
6.188240978876203835e-01
6.361256578177381105e-01
6.447440468482377174e-01
6.448466811036931423e-01
6.367338108891869020e-01
6.208289625744300988e-01
5.976672356100891648e-01
5.678817327783900470e-01
