0.000000000000000000e+00
1.075322628021240234e-01
2.182778120040893555e-01
3.319324254989624023e-01
4.481599330902099609e-01
5.665937662124633789e-01
6.868389844894409180e-01
8.084741830825805664e-01
9.310536384582519531e-01
1.054109692573547363e+00
1.177155733108520508e+00
1.299689769744873047e+00
1.421196222305297852e+00
1.541150689125061035e+00
1.659022688865661621e+00
1.774279713630676270e+00
1.886390089988708496e+00
1.994827866554260254e+00
2.099075317382812500e+00
2.198628187179565430e+00
2.292997598648071289e+00
2.381714582443237305e+00
2.464333772659301758e+00
2.540436029434204102e+00
2.609632015228271484e+00
2.671565294265747070e+00
2.725914478302001953e+00
2.772395133972167969e+00
2.810764074325561523e+00
2.840819358825683594e+00
2.862401962280273438e+00
2.875397205352783203e+00
2.879736900329589844e+00
2.875397205352783203e+00
2.862401962280273438e+00
2.840819358825683594e+00
2.810764074325561523e+00
2.772395133972167969e+00
2.725914478302001953e+00
2.671565294265747070e+00
2.609632015228271484e+00
2.540436029434204102e+00
2.464333772659301758e+00
2.381714582443237305e+00
2.292997598648071289e+00
2.198628187179565430e+00
2.099075317382812500e+00
1.994827866554260254e+00
1.886390089988708496e+00
1.774279713630676270e+00
1.659022688865661621e+00
1.541150689125061035e+00
1.421196222305297852e+00
1.299689769744873047e+00
1.177155733108520508e+00
1.054109692573547363e+00
9.310536384582519531e-01
8.084741830825805664e-01
6.868389844894409180e-01
5.665937662124633789e-01
4.481599330902099609e-01
3.319324254989624023e-01
2.182778120040893555e-01
1.075322628021240234e-01
0.000000000000000000e+00
-1.040471792221069336e-01
-2.043715715408325195e-01
-3.007684946060180664e-01
-3.930684328079223633e-01
-4.811354875564575195e-01
-5.648671388626098633e-01
-6.441932916641235352e-01
-7.190753221511840820e-01
-7.895056009292602539e-01
-8.555046319961547852e-01
-9.171189069747924805e-01
-9.744201898574829102e-01
-1.027501702308654785e+00
-1.076477885246276855e+00
-1.121479153633117676e+00
-1.162650704383850098e+00
-1.200149655342102051e+00
-1.234141945838928223e+00
-1.264798760414123535e+00
-1.292295336723327637e+00
-1.316806912422180176e+00
-1.338506579399108887e+00
-1.357561230659484863e+00
-1.374131321907043457e+00
-1.388368248939514160e+00
-1.400407910346984863e+00
-1.410374522209167480e+00
-1.418376803398132324e+00
-1.424504876136779785e+00
-1.428829789161682129e+00
-1.431403756141662598e+00
-1.432258248329162598e+00
-1.431403756141662598e+00
-1.428829789161682129e+00
-1.424504876136779785e+00
-1.418376803398132324e+00
-1.410374522209167480e+00
-1.400407910346984863e+00
-1.388368248939514160e+00
-1.374131321907043457e+00
-1.357561230659484863e+00
-1.338506579399108887e+00
-1.316806912422180176e+00
-1.292295336723327637e+00
-1.264798760414123535e+00
-1.234141945838928223e+00
-1.200149655342102051e+00
-1.162650704383850098e+00
-1.121479153633117676e+00
-1.076477885246276855e+00
-1.027501702308654785e+00
-9.744201898574829102e-01
-9.171189069747924805e-01
-8.555046319961547852e-01
-7.895056009292602539e-01
-7.190753221511840820e-01
-6.441932916641235352e-01
-5.648671388626098633e-01
-4.811354875564575195e-01
-3.930684328079223633e-01
-3.007684946060180664e-01
-2.043715715408325195e-01
-1.040471792221069336e-01
