4.663847386837005615e-01
8.716583251953125000e-01
8.379093408584594727e-01
6.021859049797058105e-01
7.450916171073913574e-01
8.389057517051696777e-01
7.396896481513977051e-01
7.019870281219482422e-01
7.927248477935791016e-01
7.853501439094543457e-01
7.289034724235534668e-01
7.555966973304748535e-01
7.835338711738586426e-01
7.575759291648864746e-01
7.472394108772277832e-01
7.690588831901550293e-01
7.682867646217346191e-01
7.540366649627685547e-01
7.596305608749389648e-01
7.672347426414489746e-01
7.609209418296813965e-01
7.579707503318786621e-01
7.632974386215209961e-01
7.634138464927673340e-01
7.598017454147338867e-01
7.609885931015014648e-01
7.630036473274230957e-01
7.615079879760742188e-01
7.606719136238098145e-01
7.619731426239013672e-01
7.620807886123657227e-01
7.611686587333679199e-01
7.614147663116455078e-01
7.619425654411315918e-01
7.615931630134582520e-01
7.613598108291625977e-01
7.616765499114990234e-01
7.617229819297790527e-01
7.614937424659729004e-01
7.615424990653991699e-01
7.616797089576721191e-01
7.615990042686462402e-01
7.615348696708679199e-01
7.616115808486938477e-01
7.616279721260070801e-01
7.615706324577331543e-01
7.615796327590942383e-01
7.616150975227355957e-01
7.615966796875000000e-01
7.615792155265808105e-01
7.615976333618164062e-01
7.616029381752014160e-01
7.615887522697448730e-01
7.615901231765747070e-01
7.615991830825805664e-01
7.615951299667358398e-01
7.615904211997985840e-01
7.612900733947753906e-01
7.588751316070556641e-01
7.511817216873168945e-01
7.423119544982910156e-01
7.373523712158203125e-01
7.315820455551147461e-01
7.231282591819763184e-01
7.159659862518310547e-01
7.099981307983398438e-01
7.024683952331542969e-01
6.944293975830078125e-01
6.874397993087768555e-01
6.802062392234802246e-01
6.721017956733703613e-01
6.642549037933349609e-01
6.567049026489257812e-01
6.486503481864929199e-01
6.403521895408630371e-01
6.322783231735229492e-01
6.240836381912231445e-01
6.155665516853332520e-01
6.070427298545837402e-01
5.985424518585205078e-01
5.898393988609313965e-01
5.809953808784484863e-01
5.721500515937805176e-01
5.632136464118957520e-01
5.541259050369262695e-01
5.449731945991516113e-01
5.357718467712402344e-01
5.264593362808227539e-01
5.170521140098571777e-01
5.075906515121459961e-01
4.980552494525909424e-01
4.884282052516937256e-01
4.787358641624450684e-01
4.689844548702239990e-01
4.591602087020874023e-01
4.492670893669128418e-01
4.393202066421508789e-01
4.293151497840881348e-01
4.192502498626708984e-01
4.091326296329498291e-01
3.989684283733367920e-01
3.887541890144348145e-01
3.784949183464050293e-01
3.681944906711578369e-01
3.578562140464782715e-01
3.474796414375305176e-01
3.370712101459503174e-01
3.266320824623107910e-01
3.161659538745880127e-01
3.056736588478088379e-01
2.951612770557403564e-01
2.846289575099945068e-01
2.740815877914428711e-01
2.635198235511779785e-01
2.529492676258087158e-01
2.423697710037231445e-01
2.317871749401092529e-01
2.212012857198715210e-01
2.106178849935531616e-01
2.000363320112228394e-01
1.894630491733551025e-01
1.788971573114395142e-01
1.683447510004043579e-01
1.578045189380645752e-01
1.472833007574081421e-01
1.367794275283813477e-01
1.262997239828109741e-01
1.158419325947761536e-01
1.054132729768753052e-01
9.501111507415771484e-02
8.464314043521881104e-02
7.430594414472579956e-02
6.400739401578903198e-02
5.374377965927124023e-02
4.352342337369918823e-02
3.334174305200576782e-02
2.320758253335952759e-02
1.311572082340717316e-02
3.075489075854420662e-03
-6.919197272509336472e-03
-1.685830764472484589e-02
-2.674884721636772156e-02
-3.658009693026542664e-02
-4.636006057262420654e-02
-5.607715621590614319e-02
-6.574056297540664673e-02
-7.533773034811019897e-02
-8.487910032272338867e-02
-9.435098618268966675e-02
-1.037653014063835144e-01
-1.131070405244827271e-01
-1.223897561430931091e-01
-1.315969079732894897e-01
-1.407439708709716797e-01
-1.498125940561294556e-01
-1.588203907012939453e-01
-1.677467972040176392e-01
-1.766121983528137207e-01
-1.853934526443481445e-01
-1.941137760877609253e-01
-2.027469426393508911e-01
-2.113199681043624878e-01
-2.198027968406677246e-01
-2.282266616821289062e-01
-2.365570515394210815e-01
-2.448305338621139526e-01
-2.530067563056945801e-01
-2.611286342144012451e-01
-2.691491246223449707e-01
-2.771192491054534912e-01
-2.849828004837036133e-01
-2.928008139133453369e-01
-3.005061745643615723e-01
-3.081730902194976807e-01
-3.157191872596740723e-01
-3.232356309890747070e-01
-3.306211233139038086e-01
-3.379895091056823730e-01
-3.452127277851104736e-01
-3.524357676506042480e-01
-3.594942688941955566e-01
-3.665769398212432861e-01
-3.734665513038635254e-01
-3.804157972335815430e-01
-3.871295452117919922e-01
-3.939573764801025391e-01
-4.004822075366973877e-01
-4.072091579437255859e-01
-4.135200977325439453e-01
-4.201851487159729004e-01
-4.262289702892303467e-01
-4.329158663749694824e-01
-4.385672211647033691e-01
-4.454841911792755127e-01
-4.503898918628692627e-01
-4.581902921199798584e-01
-4.610437154769897461e-01
-4.726928472518920898e-01
-4.653364419937133789e-01
-5.110223889350891113e-01
-1.696789711713790894e-01
8.074939846992492676e-01
9.107692837715148926e-01
6.253576874732971191e-01
6.260944008827209473e-01
8.542348742485046387e-01
7.945051193237304688e-01
6.573357582092285156e-01
7.689451575279235840e-01
8.131881952285766602e-01
7.354407310485839844e-01
7.301374673843383789e-01
7.875003814697265625e-01
7.719501256942749023e-01
7.387036681175231934e-01
7.621676921844482422e-01
7.758120298385620117e-01
7.560582756996154785e-01
7.535697817802429199e-01
7.679672241210937500e-01
7.646490335464477539e-01
7.561306357383728027e-01
7.614153027534484863e-01
7.652717828750610352e-01
7.604199647903442383e-01
7.595041990280151367e-01
7.631049156188964844e-01
7.624649405479431152e-01
7.602673768997192383e-01
7.614692449569702148e-01
7.578849196434020996e-01
7.499388456344604492e-01
7.450690269470214844e-01
7.388875484466552734e-01
7.307658195495605469e-01
7.240411043167114258e-01
7.179346680641174316e-01
7.104112505912780762e-01
7.027158737182617188e-01
6.958600878715515137e-01
6.885858178138732910e-01
6.806584000587463379e-01
6.730213165283203125e-01
6.655250191688537598e-01
6.575453877449035645e-01
6.494296193122863770e-01
6.414745450019836426e-01
6.333511471748352051e-01
6.249561309814453125e-01
6.165733933448791504e-01
6.081622242927551270e-01
5.995562672615051270e-01
5.908328890800476074e-01
5.820962190628051758e-01
5.732467770576477051e-01
5.642627477645874023e-01
