4.872283935546875000e-01
8.839535117149353027e-01
8.332765698432922363e-01
5.579988360404968262e-01
7.586753964424133301e-01
8.562532067298889160e-01
7.155064940452575684e-01
6.806578636169433594e-01
8.146938681602478027e-01
7.905423045158386230e-01
6.997976303100585938e-01
7.601090073585510254e-01
8.007811307907104492e-01
7.460898160934448242e-01
7.345074415206909180e-01
7.819569110870361328e-01
7.725855708122253418e-01
7.407488226890563965e-01
7.609028220176696777e-01
7.764576077461242676e-01
7.562117576599121094e-01
7.520557045936584473e-01
7.690610885620117188e-01
7.656736373901367188e-01
7.542707324028015137e-01
7.612887024879455566e-01
7.670561671257019043e-01
7.597051262855529785e-01
7.581716179847717285e-01
7.642887234687805176e-01
7.630953788757324219e-01
7.589829564094543457e-01
7.614637017250061035e-01
7.635784745216369629e-01
7.609288096427917480e-01
7.603577375411987305e-01
7.625609040260314941e-01
7.621447443962097168e-01
7.606581449508666992e-01
7.615398764610290527e-01
7.623121142387390137e-01
7.613596320152282715e-01
7.611464262008666992e-01
7.619402408599853516e-01
7.617958188056945801e-01
7.612580657005310059e-01
7.615718841552734375e-01
7.618534564971923828e-01
7.615115046501159668e-01
7.614319324493408203e-01
7.617179155349731445e-01
7.616679668426513672e-01
7.614734172821044922e-01
7.615852355957031250e-01
7.616877555847167969e-01
7.615649700164794922e-01
7.615353465080261230e-01
7.613174915313720703e-01
7.587649822235107422e-01
7.506914734840393066e-01
7.418026924133300781e-01
7.373152971267700195e-01
7.314836382865905762e-01
7.225086688995361328e-01
7.155624628067016602e-01
7.100317478179931641e-01
7.021259665489196777e-01
6.938040256500244141e-01
6.872551441192626953e-01
6.800969839096069336e-01
6.715645194053649902e-01
6.638057827949523926e-01
6.565796732902526855e-01
6.483149528503417969e-01
6.398146748542785645e-01
6.319851279258728027e-01
6.238538026809692383e-01
6.151009798049926758e-01
6.066069602966308594e-01
5.982782244682312012e-01
5.894755125045776367e-01
5.805223584175109863e-01
5.717908143997192383e-01
5.628892779350280762e-01
5.536887049674987793e-01
5.445435047149658203e-01
5.354208350181579590e-01
5.260641574859619141e-01
5.166042447090148926e-01
5.071904659271240234e-01
4.976708292961120605e-01
4.879933595657348633e-01
4.783014357089996338e-01
4.685827493667602539e-01
4.587392508983612061e-01
4.488220810890197754e-01
4.388937354087829590e-01
4.288946688175201416e-01
4.188078343868255615e-01
4.086889326572418213e-01
3.985373973846435547e-01
3.883147537708282471e-01
3.780447244644165039e-01
3.677509129047393799e-01
3.574146330356597900e-01
3.470287621021270752e-01
3.366192281246185303e-01
3.261846899986267090e-01
3.157150149345397949e-01
3.052181899547576904e-01
2.947081625461578369e-01
2.841765284538269043e-01
2.736255824565887451e-01
2.630633413791656494e-01
2.524946630001068115e-01
2.419139742851257324e-01
2.313299030065536499e-01
2.207452058792114258e-01
2.101624906063079834e-01
1.995799839496612549e-01
1.890070736408233643e-01
1.784424781799316406e-01
1.678902953863143921e-01
1.573501825332641602e-01
1.468302756547927856e-01
1.363274753093719482e-01
1.258483529090881348e-01
1.153916567564010620e-01
1.049645468592643738e-01
9.456352889537811279e-02
8.419680595397949219e-02
7.386123389005661011e-02
6.356437504291534424e-02
5.330226942896842957e-02
4.308374598622322083e-02
3.290396928787231445e-02
2.277174033224582672e-02
1.268180925399065018e-02
2.643788699060678482e-03
-7.348762359470129013e-03
-1.728561893105506897e-02
-2.717387862503528595e-02
-3.700264543294906616e-02
-4.678023979067802429e-02
-5.649476498365402222e-02
-6.615563482046127319e-02
-7.575009018182754517e-02
-8.528886735439300537e-02
-9.475791454315185547e-02
-1.041695028543472290e-01
-1.135082989931106567e-01
-1.227882429957389832e-01
-1.319923549890518188e-01
-1.411365568637847900e-01
-1.502020359039306641e-01
-1.592069119215011597e-01
-1.681300997734069824e-01
-1.769925504922866821e-01
-1.857704669237136841e-01
-1.944877803325653076e-01
-2.031176090240478516e-01
-2.116875946521759033e-01
-2.201669365167617798e-01
-2.285877913236618042e-01
-2.369146943092346191e-01
-2.451851516962051392e-01
-2.533577680587768555e-01
-2.614766657352447510e-01
-2.694934904575347900e-01
-2.774606645107269287e-01
-2.853204309940338135e-01
-2.931355535984039307e-01
-3.008371293544769287e-01
-3.085012435913085938e-01
-3.160433173179626465e-01
-3.235571086406707764e-01
-3.309384882450103760e-01
-3.383045196533203125e-01
-3.455232977867126465e-01
-3.527442514896392822e-01
-3.597980737686157227e-01
-3.668790459632873535e-01
-3.737634122371673584e-01
-3.807117342948913574e-01
-3.874194324016571045e-01
-3.942473530769348145e-01
-4.007648825645446777e-01
-4.074937403202056885e-01
-4.137949347496032715e-01
-4.204652011394500732e-01
-4.264947474002838135e-01
-4.331937134265899658e-01
-4.388205409049987793e-01
-4.457656145095825195e-01
-4.506202042102813721e-01
-4.584962725639343262e-01
-4.612061977386474609e-01
-4.731319844722747803e-01
-4.650996923446655273e-01
-5.128923654556274414e-01
-1.507722139358520508e-01
8.331200480461120605e-01
9.152699708938598633e-01
5.635363459587097168e-01
6.174091696739196777e-01
8.803369998931884766e-01
7.872866988182067871e-01
6.002662181854248047e-01
7.891710400581359863e-01
8.344016671180725098e-01
7.017925381660461426e-01
7.154033184051513672e-01
8.128821253776550293e-01
7.715938687324523926e-01
7.111529111862182617e-01
7.715510129928588867e-01
7.907038331031799316e-01
7.415494918823242188e-01
7.455515861511230469e-01
7.812766432762145996e-01
7.654045820236206055e-01
7.443510293960571289e-01
7.651050686836242676e-01
7.725173830986022949e-01
7.546030282974243164e-01
7.558490037918090820e-01
7.688307762145996094e-01
7.630329728126525879e-01
7.554970383644104004e-01
7.628208994865417480e-01
7.607629895210266113e-01
7.471610307693481445e-01
7.433035373687744141e-01
7.411837577819824219e-01
7.305532097816467285e-01
7.216258049011230469e-01
7.184424400329589844e-01
7.114349603652954102e-01
7.012016773223876953e-01
6.949768066406250000e-01
6.894387602806091309e-01
6.802954077720642090e-01
6.717723011970520020e-01
6.655871272087097168e-01
6.577621102333068848e-01
6.485439538955688477e-01
6.409024000167846680e-01
6.335074901580810547e-01
6.245653629302978516e-01
6.158220171928405762e-01
6.079733371734619141e-01
5.994153022766113281e-01
5.902252793312072754e-01
5.816277861595153809e-01
5.730773210525512695e-01
5.638583302497863770e-01
