1.995464801788330078e+00
1.970067739486694336e+00
1.955682873725891113e+00
1.930483460426330566e+00
1.916298389434814453e+00
1.891293525695800781e+00
1.877307415008544922e+00
1.852493762969970703e+00
1.838706016540527344e+00
1.814080357551574707e+00
1.800490260124206543e+00
1.776049494743347168e+00
1.762656450271606445e+00
1.738397240638732910e+00
1.725200653076171875e+00
1.701120138168334961e+00
1.688119530677795410e+00
1.664213895797729492e+00
1.651408791542053223e+00
1.627675175666809082e+00
1.615064978599548340e+00
1.591500163078308105e+00
1.579084515571594238e+00
1.555685281753540039e+00
1.543463468551635742e+00
1.520226716995239258e+00
1.508198380470275879e+00
1.485121250152587891e+00
1.473286271095275879e+00
1.450365424156188965e+00
1.438723087310791016e+00
1.415955185890197754e+00
1.404505252838134766e+00
1.381887674331665039e+00
1.370629668235778809e+00
1.348158955574035645e+00
1.337092876434326172e+00
1.314765930175781250e+00
1.303891420364379883e+00
1.281705021858215332e+00
1.271022081375122070e+00
1.248973011970520020e+00
1.238481640815734863e+00
1.216566562652587891e+00
1.206266880035400391e+00
1.184482574462890625e+00
1.174374222755432129e+00
1.152717232704162598e+00
1.142800688743591309e+00
1.121267795562744141e+00
1.111543178558349609e+00
1.090130925178527832e+00
1.080598473548889160e+00
1.059303760528564453e+00
1.049963712692260742e+00
1.028782963752746582e+00
1.019635796546936035e+00
9.985653758049011230e-01
9.896113276481628418e-01
9.686478376388549805e-01
9.598876833915710449e-01
9.390274882316589355e-01
9.304618239402770996e-01
9.097012877464294434e-01
9.013308286666870117e-01
8.806663751602172852e-01
8.724918961524963379e-01
8.519196510314941406e-01
8.439421653747558594e-01
8.234582543373107910e-01
8.156784772872924805e-01
7.952790260314941406e-01
7.876983284950256348e-01
7.673792839050292969e-01
7.599989175796508789e-01
7.397564053535461426e-01
7.325776815414428711e-01
7.124072909355163574e-01
7.054316997528076172e-01
6.853291392326354980e-01
6.785582900047302246e-01
6.585191488265991211e-01
6.519548892974853516e-01
6.319748163223266602e-01
6.256189346313476562e-01
6.056929230690002441e-01
5.995478034019470215e-01
5.796713232994079590e-01
5.737389922142028809e-01
5.539067983627319336e-01
5.481896996498107910e-01
5.283969044685363770e-01
5.228979587554931641e-01
5.031391382217407227e-01
4.978610873222351074e-01
4.781305193901062012e-01
4.730766415596008301e-01
4.533687531948089600e-01
4.485422670841217041e-01
4.288508594036102295e-01
4.242554605007171631e-01
4.045744538307189941e-01
4.002142846584320068e-01
3.805369138717651367e-01
3.764160573482513428e-01
3.567357063293457031e-01
3.528590202331542969e-01
3.331684470176696777e-01
3.295406997203826904e-01
3.098321855068206787e-01
3.064588308334350586e-01
2.867245972156524658e-01
2.836116552352905273e-01
2.638431191444396973e-01
2.609967291355133057e-01
2.411851435899734497e-01
2.386123687028884888e-01
2.187483459711074829e-01
2.164564430713653564e-01
1.965298205614089966e-01
1.945270746946334839e-01
1.745273917913436890e-01
1.728223860263824463e-01
1.527381092309951782e-01
1.513404101133346558e-01
1.311595737934112549e-01
1.300797313451766968e-01
1.097891479730606079e-01
1.090383678674697876e-01
8.862406760454177856e-02
8.821504563093185425e-02
6.766178458929061890e-02
6.760809570550918579e-02
4.689957946538925171e-02
4.721610620617866516e-02
2.633467316627502441e-02
2.703777700662612915e-02
5.964206531643867493e-03
7.071906700730323792e-03
-1.421476248651742935e-02
-1.268255617469549179e-02
-3.420527279376983643e-02
-3.222651407122612000e-02
-5.401049181818962097e-02
-5.156068503856658936e-02
-7.363373786211013794e-02
-7.068560272455215454e-02
-9.307852387428283691e-02
-8.960154652595520020e-02
-1.123485639691352844e-01
-1.083084866404533386e-01
-1.314478516578674316e-01
-1.268060654401779175e-01
-1.503807306289672852e-01
-1.450935602188110352e-01
-1.691518574953079224e-01
-1.631695777177810669e-01
-1.877665966749191284e-01
-1.810323446989059448e-01
-2.062308639287948608e-01
-1.986792236566543579e-01
-2.245513796806335449e-01
-2.161066234111785889e-01
-2.427359521389007568e-01
-2.333098053932189941e-01
-2.607938647270202637e-01
-2.502822577953338623e-01
-2.787356376647949219e-01
-2.670155465602874756e-01
-2.965748310089111328e-01
-2.834984362125396729e-01
-3.143275380134582520e-01
-2.997160851955413818e-01
-3.320147693157196045e-01
-3.156483769416809082e-01
-3.496629595756530762e-01
-3.312679827213287354e-01
-3.673078119754791260e-01
-3.465370535850524902e-01
-3.849974572658538818e-01
-3.614018261432647705e-01
-4.027999639511108398e-01
-3.757840096950531006e-01
-4.208142459392547607e-01
-3.895652592182159424e-01
-4.391912519931793213e-01
-4.025589227676391602e-01
-4.581736624240875244e-01
-4.144530594348907471e-01
-4.781784117221832275e-01
-4.246861338615417480e-01
-4.999902248382568359e-01
-4.321378171443939209e-01
-5.252784490585327148e-01
-4.342127740383148193e-01
-5.583302974700927734e-01
-4.232735931873321533e-01
-6.143228411674499512e-01
-3.637220263481140137e-01
-8.059227466583251953e-01
5.760973691940307617e-01
1.716747045516967773e+00
1.291389703750610352e+00
1.521659493446350098e+00
1.327161312103271484e+00
1.448376059532165527e+00
1.318317532539367676e+00
1.397235035896301270e+00
1.297538042068481445e+00
1.354038596153259277e+00
1.272046327590942383e+00
1.314697384834289551e+00
1.244330167770385742e+00
1.277600288391113281e+00
1.215471029281616211e+00
1.241984724998474121e+00
1.186013102531433105e+00
1.207442641258239746e+00
1.156259536743164062e+00
1.173735141754150391e+00
1.126391053199768066e+00
1.140712738037109375e+00
1.096522450447082520e+00
1.108276605606079102e+00
1.066729187965393066e+00
1.076358318328857422e+00
1.037062287330627441e+00
1.044908761978149414e+00
1.007557868957519531e+00
1.013891696929931641e+00
9.782416820526123047e-01
9.832794070243835449e-01
9.491322040557861328e-01
9.530501365661621094e-01
9.202426671981811523e-01
9.231861829757690430e-01
8.915830254554748535e-01
8.936734795570373535e-01
8.631604909896850586e-01
8.644999861717224121e-01
8.349801898002624512e-01
8.356554508209228516e-01
8.070458769798278809e-01
8.071311116218566895e-01
7.793600559234619141e-01
7.789193391799926758e-01
7.519243955612182617e-01
7.510132193565368652e-01
7.247396707534790039e-01
7.234066724777221680e-01
6.978064775466918945e-01
6.960940957069396973e-01
6.711245775222778320e-01
6.690701842308044434e-01
6.446933746337890625e-01
6.423301696777343750e-01
