0
0.244361
0.482306
0.70763
0.914539
1.09784
1.25312
1.37686
1.46658
1.5209
1.53958
1.52353
1.47477
1.39633
1.29221
1.16715
1.02656
0.876244
0.722262
0.570695
0.427441
0.298015
0.187356
0.0996618
0.0382444
0.00541541
0.00240836
0.0293361
0.0851872
0.16786
0.274236
0.400282
0.541196
0.691563
0.845546
0.997083
1.1401
1.26871
1.37742
1.46134
1.51631
1.5391
1.52748
1.4803
1.39759
1.28049
1.13127
0.953242
0.750661
0.528573
0.292666
0.0490788
-0.195798
-0.435532
-0.66386
-0.87489
-1.0633
-1.22449
-1.35477
-1.45144
-1.5129
-1.53867
-1.52944
-1.48701
-1.41421
-1.31487
-1.19359
-1.05565
-0.906796
-0.753059
-0.600528
-0.455155
-0.322547
-0.207773
-0.115191
-0.0482996
-0.00961895
-0.000602317
-0.0215883
-0.0717888
-0.149316
-0.251246
-0.37372
-0.512077
-0.661009
-0.814749
-0.967264
-1.11246
-1.24441
-1.35751
-1.44675
-1.5078
-1.53724
-1.53263
-1.4926
-1.41693
-1.30656
-1.16353
-0.99096
-0.792909
-0.574286
-0.340663
-0.0981058
0.147029
0.388302
0.619397
0.834333
1.02766
1.19462
1.33133
1.43489
1.50346
1.53636
1.53402
1.49803
1.43103
1.33665
1.21935
1.0843
0.937153
0.783904
0.630648
0.483381
0.347795
0.22908
0.13175
0.0594867
0.0150126
0
0.0150126
0.0594867
0.13175
0.22908
0.347795
0.483381
0.630648
0.783904
0.937153
1.0843
1.21935
1.33665
1.43103
1.49803
1.53402
1.53636
1.50346
1.43489
1.33133
1.19462
1.02766
0.834333
0.619397
0.388302
0.147029
-0.0981058
-0.340663
-0.574286
-0.792909
-0.99096
-1.16353
-1.30656
-1.41693
-1.4926
-1.53263
-1.53724
-1.5078
-1.44675
-1.35751
-1.24441
-1.11246
-0.967264
-0.814749
-0.661009
-0.512077
-0.37372
-0.251246
-0.149316
-0.0717888
-0.0215883
-0.000602317
-0.00961895
-0.0482996
-0.115191
-0.207773
-0.322547
-0.455155
-0.600528
-0.753059
-0.906796
-1.05565
-1.19359
-1.31487
-1.41421
-1.48701
-1.52944
-1.53867
-1.5129
-1.45144
-1.35477
-1.22449
-1.0633
-0.87489
-0.66386
-0.435532
-0.195798
0.0490788
0.292666
0.528573
0.750661
0.953242
1.13127
1.28049
1.39759
1.4803
1.52748
1.5391
1.51631
1.46134
1.37742
1.26871
1.1401
0.997083
0.845546
0.691563
0.541196
0.400282
0.274236
0.16786
0.0851872
0.0293361
0.00240836
0.00541541
0.0382444
0.0996618
0.187356
0.298015
0.427441
0.570695
0.722262
0.876244
1.02656
1.16715
1.29221
1.39633
1.47477
1.52353
1.53958
1.5209
1.46658
1.37686
1.25312
1.09784
0.914539
0.70763
0.482306
0.244361
6.00201e-15
-0.244361
-0.482306
-0.70763
-0.914539
-1.09784
-1.25312
-1.37686
-1.46658
-1.5209
-1.53958
-1.52353
-1.47477
-1.39633
-1.29221
-1.16715
-1.02656
-0.876244
-0.722262
-0.570695
-0.427441
-0.298015
-0.187356
-0.0996618
-0.0382444
-0.00541541
-0.00240836
-0.0293361
-0.0851872
-0.16786
-0.274236
-0.400282
-0.541196
-0.691563
-0.845546
-0.997083
-1.1401
-1.26871
-1.37742
-1.46134
-1.51631
-1.5391
-1.52748
-1.4803
-1.39759
-1.28049
-1.13127
-0.953242
-0.750661
-0.528573
-0.292666
-0.0490788
0.195798
0.435532
0.66386
0.87489
1.0633
1.22449
1.35477
1.45144
1.5129
1.53867
1.52944
1.48701
1.41421
1.31487
1.19359
1.05565
0.906796
0.753059
0.600528
0.455155
0.322547
0.207773
0.115191
0.0482996
0.00961895
0.000602317
0.0215883
0.0717888
0.149316
0.251246
0.37372
0.512077
0.661009
0.814749
0.967264
1.11246
1.24441
1.35751
1.44675
1.5078
1.53724
1.53263
1.4926
1.41693
1.30656
1.16353
0.99096
0.792909
0.574286
0.340663
0.0981058
-0.147029
-0.388302
-0.619397
-0.834333
-1.02766
-1.19462
-1.33133
-1.43489
-1.50346
-1.53636
-1.53402
-1.49803
-1.43103
-1.33665
-1.21935
-1.0843
-0.937153
-0.783904
-0.630648
-0.483381
-0.347795
-0.22908
-0.13175
-0.0594867
-0.0150126
0
-0.0150126
-0.0594867
-0.13175
-0.22908
-0.347795
-0.483381
-0.630648
-0.783904
-0.937153
-1.0843
-1.21935
-1.33665
-1.43103
-1.49803
-1.53402
-1.53636
-1.50346
-1.43489
-1.33133
-1.19462
-1.02766
-0.834333
-0.619397
-0.388302
-0.147029
0.0981058
0.340663
0.574286
0.792909
0.99096
1.16353
1.30656
1.41693
1.4926
1.53263
1.53724
1.5078
1.44675
1.35751
1.24441
1.11246
0.967264
0.814749
0.661009
0.512077
0.37372
0.251246
0.149316
0.0717888
0.0215883
0.000602317
0.00961895
0.0482996
0.115191
0.207773
0.322547
0.455155
0.600528
0.753059
0.906796
1.05565
1.19359
1.31487
1.41421
1.48701
1.52944
1.53867
1.5129
1.45144
1.35477
1.22449
1.0633
0.87489
0.66386
0.435532
0.195798
-0.0490788
-0.292666
-0.528573
-0.750661
-0.953242
-1.13127
-1.28049
-1.39759
-1.4803
-1.52748
-1.5391
-1.51631
-1.46134
-1.37742
-1.26871
-1.1401
-0.997083
-0.845546
-0.691563
-0.541196
-0.400282
-0.274236
-0.16786
-0.0851872
-0.0293361
-0.00240836
-0.00541541
-0.0382444
-0.0996618
-0.187356
-0.298015
-0.427441
-0.570695
-0.722262
-0.876244
-1.02656
-1.16715
-1.29221
-1.39633
-1.47477
-1.52353
-1.53958
-1.5209
-1.46658
-1.37686
-1.25312
-1.09784
-0.914539
-0.70763
-0.482306
-0.244361
-1.2004e-14
0.244361
0.482306
0.70763
0.914539
1.09784
1.25312
1.37686
1.46658
1.5209
1.53958
1.52353
1.47477
1.39633
1.29221
1.16715
1.02656
0.876244
0.722262
0.570695
0.427441
0.298015
0.187356
0.0996618
0.0382444
0.00541541
0.00240836
0.0293361
0.0851872
0.16786
0.274236
0.400282
0.541196
0.691563
0.845546
0.997083
1.1401
1.26871
1.37742
1.46134
1.51631
1.5391
1.52748
1.4803
1.39759
1.28049
1.13127
0.953242
0.750661
0.528573
0.292666
0.0490788
-0.195798
-0.435532
-0.66386
-0.87489
-1.0633
-1.22449
-1.35477
-1.45144
-1.5129
-1.53867
-1.52944
-1.48701
-1.41421
-1.31487
-1.19359
-1.05565
-0.906796
-0.753059
-0.600528
-0.455155
-0.322547
-0.207773
-0.115191
-0.0482996
-0.00961895
-0.000602317
-0.0215883
-0.0717888
-0.149316
-0.251246
-0.37372
-0.512077
-0.661009
-0.814749
-0.967264
-1.11246
-1.24441
-1.35751
-1.44675
-1.5078
-1.53724
-1.53263
-1.4926
-1.41693
-1.30656
-1.16353
-0.99096
-0.792909
-0.574286
-0.340663
-0.0981058
0.147029
0.388302
0.619397
0.834333
1.02766
1.19462
1.33133
1.43489
1.50346
1.53636
1.53402
1.49803
1.43103
1.33665
1.21935
1.0843
0.937153
0.783904
0.630648
0.483381
0.347795
0.22908
0.13175
0.0594867
0.0150126
0
0.0150126
0.0594867
0.13175
0.22908
0.347795
0.483381
0.630648
0.783904
0.937153
1.0843
1.21935
1.33665
1.43103
1.49803
1.53402
1.53636
1.50346
1.43489
1.33133
1.19462
1.02766
0.834333
0.619397
0.388302
0.147029
-0.0981058
-0.340663
-0.574286
-0.792909
-0.99096
-1.16353
-1.30656
-1.41693
-1.4926
-1.53263
-1.53724
-1.5078
-1.44675
-1.35751
-1.24441
-1.11246
-0.967264
-0.814749
-0.661009
-0.512077
-0.37372
-0.251246
-0.149316
-0.0717888
-0.0215883
-0.000602317
-0.00961895
-0.0482996
-0.115191
-0.207773
-0.322547
-0.455155
-0.600528
-0.753059
-0.906796
-1.05565
-1.19359
-1.31487
-1.41421
-1.48701
-1.52944
-1.53867
-1.5129
-1.45144
-1.35477
-1.22449
-1.0633
-0.87489
-0.66386
-0.435532
-0.195798
0.0490788
0.292666
0.528573
0.750661
0.953242
1.13127
1.28049
1.39759
1.4803
1.52748
1.5391
1.51631
1.46134
1.37742
1.26871
1.1401
0.997083
0.845546
0.691563
0.541196
0.400282
0.274236
0.16786
0.0851872
0.0293361
0.00240836
0.00541541
0.0382444
0.0996618
0.187356
0.298015
0.427441
0.570695
0.722262
0.876244
1.02656
1.16715
1.29221
1.39633
1.47477
1.52353
1.53958
1.5209
1.46658
1.37686
1.25312
1.09784
0.914539
0.70763
0.482306
0.244361
7.34788e-15
-0.244361
-0.482306
-0.70763
-0.914539
-1.09784
-1.25312
-1.37686
-1.46658
-1.5209
-1.53958
-1.52353
-1.47477
-1.39633
-1.29221
-1.16715
-1.02656
-0.876244
-0.722262
-0.570695
-0.427441
-0.298015
-0.187356
-0.0996618
-0.0382444
-0.00541541
-0.00240836
-0.0293361
-0.0851872
-0.16786
-0.274236
-0.400282
-0.541196
-0.691563
-0.845546
-0.997083
-1.1401
-1.26871
-1.37742
-1.46134
-1.51631
-1.5391
-1.52748
-1.4803
-1.39759
-1.28049
-1.13127
-0.953242
-0.750661
-0.528573
-0.292666
-0.0490788
0.195798
0.435532
0.66386
0.87489
1.0633
1.22449
1.35477
1.45144
1.5129
1.53867
1.52944
1.48701
1.41421
1.31487
1.19359
1.05565
0.906796
0.753059
0.600528
0.455155
0.322547
0.207773
0.115191
0.0482996
0.00961895
0.000602317
0.0215883
0.0717888
0.149316
0.251246
0.37372
0.512077
0.661009
0.814749
0.967264
1.11246
1.24441
1.35751
1.44675
1.5078
1.53724
1.53263
1.4926
1.41693
1.30656
1.16353
0.99096
0.792909
0.574286
0.340663
0.0981058
-0.147029
-0.388302
-0.619397
-0.834333
-1.02766
-1.19462
-1.33133
-1.43489
-1.50346
-1.53636
-1.53402
-1.49803
-1.43103
-1.33665
-1.21935
-1.0843
-0.937153
-0.783904
-0.630648
-0.483381
-0.347795
-0.22908
-0.13175
-0.0594867
-0.0150126
0
-0.0150126
-0.0594867
-0.13175
-0.22908
-0.347795
-0.483381
-0.630648
-0.783904
-0.937153
-1.0843
-1.21935
-1.33665
-1.43103
-1.49803
-1.53402
-1.53636
-1.50346
-1.43489
-1.33133
-1.19462
-1.02766
-0.834333
-0.619397
-0.388302
-0.147029
0.0981058
0.340663
0.574286
0.792909
0.99096
1.16353
1.30656
1.41693
1.4926
1.53263
1.53724
1.5078
1.44675
1.35751
1.24441
1.11246
0.967264
0.814749
0.661009
0.512077
0.37372
0.251246
0.149316
0.0717888
0.0215883
0.000602317
0.00961895
0.0482996
0.115191
0.207773
0.322547
0.455155
0.600528
0.753059
0.906796
1.05565
1.19359
1.31487
1.41421
1.48701
1.52944
1.53867
1.5129
1.45144
1.35477
1.22449
1.0633
0.87489
0.66386
0.435532
0.195798
-0.0490788
-0.292666
-0.528573
-0.750661
-0.953242
-1.13127
-1.28049
-1.39759
-1.4803
-1.52748
-1.5391
-1.51631
-1.46134
-1.37742
-1.26871
-1.1401
-0.997083
-0.845546
-0.691563
-0.541196
-0.400282
-0.274236
-0.16786
-0.0851872
-0.0293361
-0.00240836
-0.00541541
-0.0382444
-0.0996618
-0.187356
-0.298015
-0.427441
-0.570695
-0.722262
-0.876244
-1.02656
-1.16715
-1.29221
-1.39633
-1.47477
-1.52353
-1.53958
-1.5209
-1.46658
-1.37686
-1.25312
-1.09784
-0.914539
-0.70763
-0.482306
-0.244361
-2.4008e-14
0.244361
0.482306
0.70763
0.914539
1.09784
1.25312
1.37686
1.46658
1.5209
1.53958
1.52353
1.47477
1.39633
1.29221
1.16715
1.02656
0.876244
0.722262
0.570695
0.427441
0.298015
0.187356
0.0996618
0.0382444
0.00541541
0.00240836
0.0293361
0.0851872
0.16786
0.274236
0.400282
0.541196
0.691563
0.845546
0.997083
1.1401
1.26871
1.37742
1.46134
1.51631
1.5391
1.52748
1.4803
1.39759
1.28049
1.13127
0.953242
0.750661
0.528573
0.292666
0.0490788
-0.195798
-0.435532
-0.66386
-0.87489
-1.0633
-1.22449
-1.35477
-1.45144
-1.5129
-1.53867
-1.52944
-1.48701
-1.41421
-1.31487
-1.19359
-1.05565
-0.906796
-0.753059
-0.600528
-0.455155
-0.322547
-0.207773
-0.115191
-0.0482996
-0.00961895
-0.000602317
-0.0215883
-0.0717888
-0.149316
-0.251246
-0.37372
-0.512077
-0.661009
-0.814749
-0.967264
-1.11246
-1.24441
-1.35751
-1.44675
-1.5078
-1.53724
-1.53263
-1.4926
-1.41693
-1.30656
-1.16353
-0.99096
-0.792909
-0.574286
-0.340663
-0.0981058
0.147029
0.388302
0.619397
0.834333
1.02766
1.19462
1.33133
1.43489
1.50346
1.53636
1.53402
1.49803
1.43103
1.33665
1.21935
1.0843
0.937153
0.783904
0.630648
0.483381
0.347795
0.22908
0.13175
0.0594867
0.0150126
0
0.0150126
0.0594867
0.13175
0.22908
0.347795
0.483381
0.630648
0.783904
0.937153
1.0843
1.21935
1.33665
1.43103
1.49803
1.53402
1.53636
1.50346
1.43489
1.33133
1.19462
1.02766
0.834333
0.619397
0.388302
0.147029
-0.0981058
-0.340663
-0.574286
-0.792909
-0.99096
-1.16353
-1.30656
-1.41693
-1.4926
-1.53263
-1.53724
-1.5078
-1.44675
-1.35751
-1.24441
-1.11246
-0.967264
-0.814749
-0.661009
-0.512077
-0.37372
-0.251246
-0.149316
-0.0717888
-0.0215883
-0.000602317
-0.00961895
-0.0482996
-0.115191
-0.207773
-0.322547
-0.455155
-0.600528
-0.753059
-0.906796
-1.05565
-1.19359
-1.31487
-1.41421
-1.48701
-1.52944
-1.53867
-1.5129
-1.45144
-1.35477
-1.22449
-1.0633
-0.87489
-0.66386
-0.435532
-0.195798
0.0490788
0.292666
0.528573
0.750661
0.953242
1.13127
1.28049
1.39759
1.4803
1.52748
1.5391
1.51631
1.46134
1.37742
1.26871
1.1401
0.997083
0.845546
0.691563
0.541196
0.400282
0.274236
0.16786
0.0851872
0.0293361
0.00240836
0.00541541
0.0382444
0.0996618
0.187356
0.298015
0.427441
0.570695
0.722262
0.876244
1.02656
1.16715
1.29221
1.39633
1.47477
1.52353
1.53958
1.5209
1.46658
1.37686
1.25312
1.09784
0.914539
0.70763
0.482306
0.244361
1.22465e-14
-0.244361
-0.482306
-0.70763
-0.914539
-1.09784
-1.25312
-1.37686
-1.46658
-1.5209
-1.53958
-1.52353
-1.47477
-1.39633
-1.29221
-1.16715
-1.02656
-0.876244
-0.722262
-0.570695
-0.427441
-0.298015
-0.187356
-0.0996618
-0.0382444
-0.00541541
-0.00240836
-0.0293361
-0.0851872
-0.16786
-0.274236
-0.400282
-0.541196
-0.691563
-0.845546
-0.997083
-1.1401
-1.26871
-1.37742
-1.46134
-1.51631
-1.5391
-1.52748
-1.4803
-1.39759
-1.28049
-1.13127
-0.953242
-0.750661
-0.528573
-0.292666
-0.0490788
0.195798
0.435532
0.66386
0.87489
1.0633
1.22449
1.35477
1.45144
1.5129
1.53867
1.52944
1.48701
1.41421
1.31487
1.19359
1.05565
0.906796
0.753059
0.600528
0.455155
0.322547
0.207773
0.115191
0.0482996
0.00961895
0.000602317
0.0215883
0.0717888
0.149316
0.251246
0.37372
0.512077
0.661009
0.814749
0.967264
1.11246
1.24441
1.35751
1.44675
1.5078
1.53724
1.53263
1.4926
1.41693
1.30656
1.16353
0.99096
0.792909
0.574286
0.340663
0.0981058
-0.147029
-0.388302
-0.619397
-0.834333
-1.02766
-1.19462
-1.33133
-1.43489
-1.50346
-1.53636
-1.53402
-1.49803
-1.43103
-1.33665
-1.21935
-1.0843
-0.937153
-0.783904
-0.630648
-0.483381
-0.347795
-0.22908
-0.13175
-0.0594867
-0.0150126
0
-0.0150126
-0.0594867
-0.13175
-0.22908
-0.347795
-0.483381
-0.630648
-0.783904
-0.937153
-1.0843
-1.21935
-1.33665
-1.43103
-1.49803
-1.53402
-1.53636
-1.50346
-1.43489
-1.33133
-1.19462
-1.02766
-0.834333
-0.619397
-0.388302
-0.147029
0.0981058
0.340663
0.574286
0.792909
0.99096
1.16353
1.30656
1.41693
1.4926
1.53263
1.53724
1.5078
1.44675
1.35751
1.24441
1.11246
0.967264
0.814749
0.661009
0.512077
0.37372
0.251246
0.149316
0.0717888
0.0215883
0.000602317
0.00961895
0.0482996
0.115191
0.207773
0.322547
0.455155
0.600528
0.753059
0.906796
1.05565
1.19359
1.31487
1.41421
1.48701
1.52944
1.53867
1.5129
1.45144
1.35477
1.22449
1.0633
0.87489
0.66386
0.435532
0.195798
-0.0490788
-0.292666
-0.528573
-0.750661
-0.953242
-1.13127
-1.28049
-1.39759
-1.4803
-1.52748
-1.5391
-1.51631
-1.46134
-1.37742
-1.26871
-1.1401
-0.997083
-0.845546
-0.691563
-0.541196
-0.400282
-0.274236
-0.16786
-0.0851872
-0.0293361
-0.00240836
-0.00541541
-0.0382444
-0.0996618
-0.187356
-0.298015
-0.427441
-0.570695
-0.722262
-0.876244
-1.02656
-1.16715
-1.29221
-1.39633
-1.47477
-1.52353
-1.53958
-1.5209
-1.46658
-1.37686
-1.25312
-1.09784
-0.914539
-0.70763
-0.482306
-0.244361
-1.46958e-14
0.244361
0.482306
0.70763
0.914539
1.09784
1.25312
1.37686
1.46658
1.5209
1.53958
1.52353
1.47477
1.39633
1.29221
1.16715
1.02656
0.876244
0.722262
0.570695
0.427441
0.298015
0.187356
0.0996618
0.0382444
0.00541541
0.00240836
0.0293361
0.0851872
0.16786
0.274236
0.400282
0.541196
0.691563
0.845546
0.997083
1.1401
1.26871
1.37742
1.46134
1.51631
1.5391
1.52748
1.4803
1.39759
1.28049
1.13127
0.953242
0.750661
0.528573
0.292666
0.0490788
-0.195798
-0.435532
-0.66386
-0.87489
-1.0633
-1.22449
-1.35477
-1.45144
-1.5129
-1.53867
-1.52944
-1.48701
-1.41421
-1.31487
-1.19359
-1.05565
-0.906796
-0.753059
-0.600528
-0.455155
-0.322547
-0.207773
-0.115191
-0.0482996
-0.00961895
-0.000602317
-0.0215883
-0.0717888
-0.149316
-0.251246
-0.37372
-0.512077
-0.661009
-0.814749
-0.967264
-1.11246
-1.24441
-1.35751
-1.44675
-1.5078
-1.53724
-1.53263
-1.4926
-1.41693
-1.30656
-1.16353
-0.99096
-0.792909
-0.574286
-0.340663
-0.0981058
0.147029
0.388302
0.619397
0.834333
1.02766
1.19462
1.33133
1.43489
1.50346
1.53636
1.53402
1.49803
1.43103
1.33665
1.21935
1.0843
0.937153
0.783904
0.630648
0.483381
0.347795
0.22908
0.13175
0.0594867
0.0150126
0
0.0150126
0.0594867
0.13175
0.22908
0.347795
0.483381
0.630648
0.783904
0.937153
1.0843
1.21935
1.33665
1.43103
1.49803
1.53402
1.53636
1.50346
1.43489
1.33133
1.19462
1.02766
0.834333
0.619397
0.388302
0.147029
-0.0981058
-0.340663
-0.574286
-0.792909
-0.99096
-1.16353
-1.30656
-1.41693
-1.4926
-1.53263
-1.53724
-1.5078
-1.44675
-1.35751
-1.24441
-1.11246
-0.967264
-0.814749
-0.661009
-0.512077
-0.37372
-0.251246
-0.149316
-0.0717888
-0.0215883
-0.000602317
-0.00961895
-0.0482996
-0.115191
-0.207773
-0.322547
-0.455155
-0.600528
-0.753059
-0.906796
-1.05565
-1.19359
-1.31487
-1.41421
-1.48701
-1.52944
-1.53867
-1.5129
-1.45144
-1.35477
-1.22449
-1.0633
-0.87489
-0.66386
-0.435532
-0.195798
0.0490788
0.292666
0.528573
0.750661
0.953242
1.13127
1.28049
1.39759
1.4803
1.52748
1.5391
1.51631
1.46134
1.37742
1.26871
1.1401
0.997083
0.845546
0.691563
0.541196
0.400282
0.274236
0.16786
0.0851872
0.0293361
0.00240836
0.00541541
0.0382444
0.0996618
0.187356
0.298015
0.427441
0.570695
0.722262
0.876244
1.02656
1.16715
1.29221
1.39633
1.47477
1.52353
1.53958
1.5209
1.46658
1.37686
1.25312
1.09784
0.914539
0.70763
0.482306
0.244361
2.9342e-15
-0.244361
-0.482306
-0.70763
-0.914539
-1.09784
-1.25312
-1.37686
-1.46658
-1.5209
-1.53958
-1.52353
-1.47477
-1.39633
-1.29221
-1.16715
-1.02656
-0.876244
-0.722262
-0.570695
-0.427441
-0.298015
-0.187356
-0.0996618
-0.0382444
-0.00541541
-0.00240836
-0.0293361
-0.0851872
-0.16786
-0.274236
-0.400282
-0.541196
-0.691563
-0.845546
-0.997083
-1.1401
-1.26871
-1.37742
-1.46134
-1.51631
-1.5391
-1.52748
-1.4803
-1.39759
-1.28049
-1.13127
-0.953242
-0.750661
-0.528573
-0.292666
-0.0490788
0.195798
0.435532
0.66386
0.87489
1.0633
1.22449
1.35477
1.45144
1.5129
1.53867
1.52944
1.48701
1.41421
1.31487
1.19359
1.05565
0.906796
0.753059
0.600528
0.455155
0.322547
0.207773
0.115191
0.0482996
0.00961895
0.000602317
0.0215883
0.0717888
0.149316
0.251246
0.37372
0.512077
0.661009
0.814749
0.967264
1.11246
1.24441
1.35751
1.44675
1.5078
1.53724
1.53263
1.4926
1.41693
1.30656
1.16353
0.99096
0.792909
0.574286
0.340663
0.0981058
-0.147029
-0.388302
-0.619397
-0.834333
-1.02766
-1.19462
-1.33133
-1.43489
-1.50346
-1.53636
-1.53402
-1.49803
-1.43103
-1.33665
-1.21935
-1.0843
-0.937153
-0.783904
-0.630648
-0.483381
-0.347795
-0.22908
-0.13175
-0.0594867
-0.0150126
0
-0.0150126
-0.0594867
-0.13175
-0.22908
-0.347795
-0.483381
-0.630648
-0.783904
-0.937153
-1.0843
-1.21935
-1.33665
-1.43103
-1.49803
-1.53402
-1.53636
-1.50346
-1.43489
-1.33133
-1.19462
-1.02766
-0.834333
-0.619397
-0.388302
-0.147029
0.0981058
0.340663
0.574286
0.792909
0.99096
1.16353
1.30656
1.41693
1.4926
1.53263
1.53724
1.5078
1.44675
1.35751
1.24441
1.11246
0.967264
0.814749
0.661009
0.512077
0.37372
0.251246
0.149316
0.0717888
0.0215883
0.000602317
0.00961895
0.0482996
0.115191
0.207773
0.322547
0.455155
0.600528
0.753059
0.906796
1.05565
1.19359
1.31487
1.41421
1.48701
1.52944
1.53867
1.5129
1.45144
1.35477
1.22449
1.0633
0.87489
0.66386
0.435532
0.195798
-0.0490788
-0.292666
-0.528573
-0.750661
-0.953242
-1.13127
-1.28049
-1.39759
-1.4803
-1.52748
-1.5391
-1.51631
-1.46134
-1.37742
-1.26871
-1.1401
-0.997083
-0.845546
-0.691563
-0.541196
-0.400282
-0.274236
-0.16786
-0.0851872
-0.0293361
-0.00240836
-0.00541541
-0.0382444
-0.0996618
-0.187356
-0.298015
-0.427441
-0.570695
-0.722262
-0.876244
-1.02656
-1.16715
-1.29221
-1.39633
-1.47477
-1.52353
-1.53958
-1.5209
-1.46658
-1.37686
-1.25312
-1.09784
-0.914539
-0.70763
-0.482306
-0.244361
