0
0.000665223
0.00262944
0.00581079
0.0100911
0.0153198
0.0213185
0.0278869
0.0348086
0.0418583
0.0488083
0.0554359
0.0615293
0.0668948
0.0713619
0.0747882
0.0770632
0.0781113
0.0778933
0.0764068
0.0736854
0.0697969
0.0648404
0.0589417
0.0522492
0.044928
0.0371541
0.0291081
0.0209692
0.0129087
0.00508461
-0.00236334
-0.00931845
-0.0156902
-0.0214171
-0.0264674
-0.0308402
-0.034564
-0.0376948
-0.0403134
-0.0425211
-0.0444355
-0.0461848
-0.0479025
-0.0497213
-0.0517672
-0.0541543
-0.0569789
-0.0603152
-0.0642117
-0.0686877
-0.0737319
-0.0793014
-0.0853218
-0.0916891
-0.098272
-0.104915
-0.111445
-0.117673
-0.123403
-0.128437
-0.132581
-0.135652
-0.137485
-0.137935
-0.136888
-0.134261
-0.130004
-0.124106
-0.116594
-0.107535
-0.0970303
-0.0852162
-0.0722605
-0.0583566
-0.043719
-0.0285773
-0.0131691
0.00226589
0.0174929
0.0322885
0.0464468
0.0597848
0.072147
0.0834092
0.0934814
0.102309
0.109873
0.11619
0.121309
0.12531
0.128297
0.130399
0.131756
0.13252
0.132847
0.132888
0.132785
0.132667
0.132643
0.132795
0.133179
0.13382
0.134713
0.13582
0.137071
0.138369
0.139593
0.140598
0.141224
0.141301
0.140655
0.139114
0.136515
0.132709
0.127568
0.120992
0.112909
0.103284
0.0921167
0.0794461
0.0653496
0.0499417
0.0333726
0.0158243
-0.00249376
-0.0213493
-0.0404937
-0.059668
-0.0786098
-0.0970602
-0.11477
-0.131507
-0.147061
-0.161248
-0.173918
-0.184952
-0.194272
-0.201833
-0.207633
-0.2117
-0.214101
-0.214928
-0.214301
-0.212361
-0.209263
-0.205168
-0.200244
-0.194653
-0.188547
-0.182065
-0.175327
-0.168429
-0.161442
-0.154411
-0.14735
-0.140249
-0.133069
-0.125751
-0.118214
-0.110363
-0.102092
-0.0932916
-0.0838521
-0.073672
-0.0626622
-0.0507517
-0.0378925
-0.0240636
-0.009274
0.0064346
0.0229872
0.0402755
0.0581589
0.0764669
0.0950029
0.113548
0.131867
0.149714
0.166838
0.182991
0.197934
0.211443
0.223316
0.233379
0.241491
0.247545
0.251476
0.253257
0.252906
0.250478
0.24607
0.239814
0.231873
0.222437
0.211718
0.199942
0.187342
0.174155
0.16061
0.146924
0.133297
0.119906
0.106899
0.0943943
0.0824754
0.0711925
0.0605609
0.050563
0.0411501
0.0322464
0.023753
0.0155534
0.00751869
-0.000486088
-0.00859562
-0.0169382
-0.02563
-0.034769
-0.0444308
-0.0546645
-0.0654893
-0.0768928
-0.0888304
-0.101225
-0.11397
-0.126928
-0.139941
-0.152828
-0.165394
-0.177438
-0.188752
-0.199134
-0.208392
-0.216351
-0.222855
-0.227776
-0.231017
-0.232515
-0.232241
-0.230203
-0.226447
-0.221053
-0.214133
-0.205828
-0.196304
-0.185745
-0.17435
-0.162323
-0.149871
-0.137194
-0.124482
-0.111906
-0.0996173
-0.0877387
-0.0763649
-0.0655589
-0.0553512
-0.0457401
-0.0366926
-0.0281475
-0.0200181
-0.0121972
-0.00456171
0.00302167
0.0106902
0.0185791
0.0268154
0.0355119
0.0447622
0.0546354
0.0651727
0.0763841
0.0882467
0.100704
0.113666
0.127012
0.140592
0.154229
0.167729
0.180881
0.193466
0.205261
0.216048
0.225621
0.233789
0.240385
0.245269
0.248334
0.249509
0.24876
0.246092
0.241549
0.235214
0.227202
0.217663
0.206772
0.194725
0.181736
0.168027
0.153822
0.139342
0.124799
0.110386
0.0962752
0.0826139
0.0695182
0.0570719
0.0453249
0.0342929
0.0239583
0.0142726
0.00515876
-0.00348383
-0.0117749
-0.0198478
-0.027843
-0.0359024
-0.0441627
-0.0527495
-0.0617714
-0.071315
-0.0814408
-0.0921795
-0.103529
-0.115456
-0.127892
-0.140735
-0.153857
-0.167099
-0.180282
-0.193209
-0.205672
-0.217455
-0.228346
-0.238139
-0.246641
-0.253678
-0.259103
-0.262797
-0.264673
-0.26468
-0.262804
-0.259069
-0.253534
-0.246292
-0.237468
-0.227215
-0.215705
-0.20313
-0.189691
-0.175594
-0.161042
-0.146232
-0.131344
-0.116543
-0.101966
-0.0877277
-0.073909
-0.060562
-0.0477067
-0.0353327
-0.0234007
-0.0118462
-0.000582616
0.0104933
0.0214965
0.0325474
0.0437665
0.0552675
0.0671517
0.0795029
0.0923817
0.105822
0.119827
0.134368
0.149384
0.164777
0.180421
0.196158
0.211805
0.227156
0.24199
0.256073
0.269172
0.281051
0.291486
0.300271
0.307218
0.312169
0.314998
0.315615
0.313971
0.310054
0.303896
0.295569
0.285182
0.27288
0.258839
0.243262
0.226372
0.208403
0.189601
0.17021
0.150468
0.130602
0.11082
0.0913067
0.0722201
0.0536876
0.0358039
0.0186303
0.00219499
-0.0135059
-0.0285055
-0.0428624
-0.0566571
-0.0699861
-0.0829564
-0.09568
-0.108267
-0.120821
-0.133432
-0.146172
-0.15909
-0.172208
-0.185521
-0.198992
-0.212554
-0.226108
-0.23953
-0.252667
-0.265347
-0.277381
-0.288568
-0.298703
-0.30758
-0.315003
-0.320789
-0.324774
-0.326819
-0.326816
-0.324691
-0.320405
-0.313957
-0.305386
-0.29477
-0.282221
-0.267885
-0.251939
-0.234583
-0.216037
-0.196534
-0.176314
-0.155617
-0.134675
-0.113711
-0.0929268
-0.0725023
-0.0525901
-0.0333124
-0.0147589
0.00301388
0.0199826
0.0361556
0.0515704
0.0662899
0.0803987
0.0939972
0.107196
0.120111
0.132856
0.145536
0.158245
0.171056
0.184019
0.197159
0.210468
0.223909
0.237414
0.25088
0.26418
0.277155
0.289627
0.301401
0.312267
0.322011
0.330421
0.337288
0.342422
0.345648
0.346819
0.345819
0.342565
0.337014
0.329161
0.319042
0.306734
0.292352
0.276048
0.258003
0.23843
0.21756
0.195642
0.172933
0.149692
0.126175
0.102627
0.079276
0.0563266
0.0339583
0.0123196
-0.00847371
-0.0283403
-0.047233
-0.0651385
-0.0820745
-0.0980873
-0.113247
-0.127644
-0.141381
-0.154571
-0.167326
-0.179755
-0.19196
-0.204022
-0.216008
-0.227955
-0.239876
-0.251756
-0.263546
-0.275171
-0.286524
-0.297475
-0.307869
-0.317535
-0.326288
-0.333935
-0.340284
-0.345148
-0.348349
-0.34973
-0.349156
-0.34652
-0.341748
-0.334799
-0.325674
-0.314409
-0.301079
-0.285798
-0.268712
-0.25
-0.229864
-0.208531
-0.186241
-0.163242
-0.139785
-0.116117
-0.092474
-0.0690749
-0.0461167
-0.0237702
-0.00217599
0.0185579
0.0383575
0.0571828
0.075027
0.0919145
0.107898
0.123053
0.137475
0.151273
0.164563
0.177463
0.190085
0.202533
0.214891
0.227226
0.239577
0.251955
0.26434
0.276684
0.288902
0.300884
0.312488
0.323553
0.333893
0.343312
0.351602
0.358557
0.363972
0.367654
0.369429
0.369143
0.366673
0.361929
0.354857
0.345442
0.33371
0.319726
0.303597
0.285464
0.265505
0.243925
0.220955
0.196841
0.171846
0.146234
0.12027
0.0942093
0.0682937
0.0427453
0.0177609
-0.00649125
-0.0298747
-0.0522867
-0.0736588
-0.0939566
-0.113178
-0.13135
-0.148525
-0.164779
-0.180202
-0.194896
-0.208965
-0.222515
-0.235641
-0.248429
-0.260944
-0.27323
-0.285306
-0.29716
-0.308756
-0.320024
-0.330867
-0.341164
-0.350767
-0.359512
-0.36722
-0.373703
-0.378771
-0.382238
-0.383929
-0.383684
-0.381365
-0.376863
-0.3701
-0.361033
-0.349658
-0.336008
-0.320159
-0.302222
-0.282345
-0.260712
-0.237531
-0.213037
-0.187482
-0.16113
-0.134248
-0.107103
-0.0799534
-0.0530426
-0.026594
-0.000805459
0.024154
0.048148
0.0710741
0.0928652
0.113488
0.132944
0.151264
0.168504
0.184744
0.200081
0.214624
0.228483
0.241773
0.254597
0.267048
0.279199
0.291103
0.302786
0.314244
0.325445
0.336325
0.346792
0.356724
0.365977
0.374384
0.381764
0.387925
0.392672
0.395811
0.397159
0.396545
0.393824
0.388873
0.381605
0.371964
0.359936
0.345546
0.328858
0.309977
0.289048
0.266248
0.241785
0.215895
0.188835
0.160872
0.132284
0.103349
0.0743384
0.0455117
0.0171097
-0.0106503
-0.0375788
-0.0635179
-0.0883433
-0.111966
-0.134331
-0.155418
-0.175238
-0.19383
-0.211257
-0.227601
-0.242958
-0.257433
-0.271128
-0.284147
-0.29658
-0.308502
-0.31997
-0.331016
-0.341646
-0.351838
-0.361542
-0.370679
-0.379143
-0.386806
-0.393518
-0.399115
-0.403422
-0.406261
-0.407454
-0.406832
-0.404242
-0.39955
-0.392647
-0.383457
-0.371936
-0.358077
-0.341916
-0.323524
-0.303013
-0.280532
-0.256265
-0.230425
-0.203253
-0.175008
-0.145961
-0.116395
-0.086589
-0.0568174
-0.0273418
0.00159535
0.0297755
0.0570087
0.0831371
0.108037
0.131622
0.15384
0.174674
0.19414
0.212283
0.229174
0.244903
0.259575
0.273305
0.286208
0.298397
0.309976
0.321033
0.331635
0.341828
0.351628
0.361026
0.369978
0.378416
0.38624
0.393326
0.399527
0.404681
0.408612
0.411137
0.412074
0.411248
0.408496
0.403674
0.396662
0.38737
0.375741
0.361757
0.345438
0.326842
0.30607
0.28326
0.258585
0.232252
0.204493
0.175565
0.145739
0.115297
0.0845221
0.0536946
0.0230843
-0.0070561
-0.0364956
-0.0650304
-0.0924872
-0.118726
-0.143643
-0.167168
-0.189267
-0.209939
-0.229212
-0.247141
-0.263803
-0.279291
-0.293707
-0.307159
-0.319753
-0.331588
-0.342748
-0.353303
-0.363298
-0.372754
-0.381665
-0.389997
-0.397686
-0.404643
-0.410754
-0.415883
-0.419876
-0.422569
-0.423791
-0.423371
-0.421141
-0.416951
-0.410663
-0.402168
-0.391384
-0.378262
-0.362789
-0.344992
-0.324937
-0.30273
-0.278514
-0.252468
-0.224806
-0.195765
-0.165608
-0.134611
-0.103063
-0.0712533
-0.0394685
-0.00798428
0.0229404
0.0530689
0.0821921
0.110132
0.136745
0.161923
0.185595
0.207727
0.228316
0.247394
0.26502
0.281274
0.296255
0.310076
0.322851
0.334698
0.345726
0.356033
0.365699
0.374784
0.383322
0.391318
0.398751
0.405569
0.411691
0.417013
0.421405
0.424719
0.426795
0.427462
0.426547
0.423884
0.419313
0.412694
0.403908
0.392864
0.379504
0.363803
0.345776
0.325479
0.303006
0.278489
0.252099
0.224039
0.194541
0.163861
0.132274
0.100065
0.0675253
0.0349442
0.002602
-0.0292353
-0.0603225
-0.09044
-0.119398
-0.147041
-0.173246
-0.197928
-0.221038
-0.242561
-0.262513
-0.28094
-0.297912
-0.313515
-0.327852
-0.341031
-0.353164
-0.364354
-0.374698
-0.384274
-0.393144
-0.401343
-0.408882
-0.415744
-0.421882
-0.427225
-0.431675
-0.435111
-0.437394
-0.438371
-0.43788
-0.435759
-0.431847
-0.425993
-0.418064
-0.407948
-0.39556
-0.380847
-0.363792
-0.344414
-0.322774
-0.29897
-0.273142
-0.245465
-0.216147
-0.185426
-0.153566
-0.120845
-0.0875585
-0.0540034
-0.0204766
0.0127337
0.045354
0.0771315
0.107839
0.137281
0.165294
0.191752
0.216566
0.239682
0.261085
0.280792
0.298849
0.31533
0.330327
0.34395
0.356316
0.367545
0.377754
0.387052
0.395531
0.403267
0.410309
0.416684
0.422389
0.427392
0.431635
0.43503
0.437469
0.43882
0.43894
0.43767
0.434851
0.430324
0.423937
0.415553
0.405057
0.392356
0.377389
0.36013
0.340589
0.318814
0.294895
0.268959
0.24117
0.211727
0.18086
0.148823
0.115891
0.0823519
0.0485009
0.0146334
-0.0189615
-0.0520081
-0.0842493
-0.115453
-0.145416
-0.173966
-0.20097
-0.226326
-0.249974
-0.271885
-0.292068
-0.31056
-0.327423
-0.342744
-0.356625
-0.369175
-0.380512
-0.39075
-0.399993
-0.408336
-0.415852
-0.422596
-0.428596
-0.433851
-0.438337
-0.441999
-0.444755
-0.446503
-0.447118
-0.44646
-0.444378
-0.440716
-0.43532
-0.428044
-0.418753
-0.407334
-0.393698
-0.377787
-0.359576
-0.339077
-0.316342
-0.29146
-0.264561
-0.235813
-0.205418
-0.173608
-0.140644
-0.106804
-0.0723834
-0.0376831
-0.00300602
0.0313511
0.0651043
0.0979883
0.129762
0.160215
0.189167
0.216475
0.242035
0.265779
0.287674
0.307727
0.325972
0.342475
0.357324
0.370623
0.38249
0.393049
0.402424
0.410731
0.418074
0.424543
0.430203
0.435098
0.439244
0.442626
0.445206
0.446915
0.447662
0.447332
0.445795
0.442907
0.438517
0.432474
0.424633
0.41486
0.403039
0.389076
0.372907
0.354501
0.333861
0.311028
0.286084
0.259148
0.230378
0.199966
0.168136
0.135139
0.101248
0.0667523
0.0319481
-0.00286423
-0.0373892
-0.0713424
-0.104457
-0.136488
-0.16722
-0.196468
-0.224084
-0.249953
-0.274001
-0.296188
-0.316512
-0.335001
-0.351712
-0.366726
-0.380145
-0.39208
-0.402653
-0.411983
-0.420186
-0.427369
-0.433619
-0.439005
-0.443573
-0.447342
-0.450303
-0.45242
-0.453631
-0.453848
-0.452961
-0.450843
-0.447355
-0.442349
-0.435678
-0.427196
-0.416772
-0.404291
-0.389659
-0.372813
-0.35372
-0.332384
-0.308845
-0.283185
-0.255523
-0.226017
-0.194861
-0.162281
-0.128532
-0.0938886
-0.0586455
-0.0231055
0.0124249
0.0476425
0.0822548
0.115986
0.148583
0.17982
0.209503
0.237475
0.263615
0.287838
0.310102
0.330396
0.348746
0.365208
0.379863
0.392813
0.404174
0.414073
0.422637
0.429992
0.436251
0.441517
0.445871
0.449372
0.452052
0.453918
0.454947
0.455091
0.454274
0.452399
0.449348
0.444992
0.43919
0.4318
0.422681
0.411703
0.398749
0.383726
0.366566
0.347231
0.325719
0.302062
0.276334
0.248646
0.219148
0.188023
0.15549
0.121795
0.087207
0.0520138
0.0165134
-0.0189912
-0.0541994
-0.0888197
-0.122576
-0.155213
-0.186504
-0.216251
-0.244291
-0.270499
-0.294785
-0.3171
-0.33743
-0.355794
-0.372243
-0.386854
-0.399725
-0.410972
-0.420717
-0.429088
-0.43621
-0.4422
-0.447161
-0.451177
-0.45431
-0.456599
-0.458053
-0.458655
-0.458359
-0.457096
-0.454772
-0.451273
-0.446473
-0.440232
-0.43241
-0.422867
-0.411472
-0.398109
-0.382681
-0.365119
-0.345381
-0.323463
-0.299396
-0.273249
-0.24513
-0.215187
-0.183604
-0.150598
-0.116414
-0.0813251
-0.0456199
-0.00960089
0.0264243
0.0621489
0.0972746
0.131517
0.164614
0.196327
0.226451
0.254814
0.28128
0.305754
0.328177
0.348528
0.366823
0.383108
0.397458
0.409971
0.420763
0.42996
0.437696
0.444102
0.449303
0.453412
0.456525
0.458715
0.460033
0.460502
0.460117
0.458848
0.456635
0.453398
0.449033
0.443422
0.436435
0.427938
0.417795
0.405878
0.392072
0.376281
0.358431
0.338479
0.316414
0.292261
0.266084
0.237982
0.208096
0.1766
0.143704
0.109647
0.0746942
0.039128
0.00324591
-0.0326483
-0.0682509
-0.103265
-0.137407
-0.170414
-0.202046
-0.232095
-0.260386
-0.286781
-0.311178
-0.333515
-0.353767
-0.371945
-0.388092
-0.402281
-0.414607
-0.425184
-0.434138
-0.441604
-0.447713
-0.452592
-0.456359
-0.459111
-0.460928
-0.461864
-0.461948
-0.46118
-0.459533
-0.456954
-0.453364
-0.448666
-0.442742
-0.435465
-0.426701
-0.416313
-0.404174
-0.390165
-0.374187
-0.356163
-0.336046
-0.31382
-0.289505
-0.263158
-0.234877
-0.204796
-0.173087
-0.139956
-0.105641
-0.0704057
-0.0345335
0.00167653
0.0379174
0.073881
0.109265
0.143779
0.177152
0.209137
0.239517
0.268106
0.294758
0.319363
0.341849
0.362184
0.380373
0.396453
0.410493
0.422585
0.432843
0.441395
0.448377
0.453925
0.458174
0.461247
0.463253
0.464279
0.464392
0.463631
0.46201
0.459513
0.456099
0.4517
0.446229
0.439578
0.431628
0.422251
0.411317
0.3987
0.384286
0.367974
0.349688
0.329376
0.30702
0.282634
0.256271
0.22802
0.19801
0.166405
0.133404
0.0992382
0.0641648
0.0284622
-0.00757532
-0.0436448
-0.0794408
-0.114663
-0.149021
-0.182244
-0.214084
-0.244321
-0.272767
-0.299272
-0.323723
-0.346045
-0.366202
-0.384194
-0.400058
-0.413858
-0.425687
-0.435658
-0.443897
-0.450543
-0.455735
-0.45961
-0.462294
-0.463901
-0.464524
-0.464236
-0.463081
-0.461078
-0.458218
-0.454463
-0.449753
-0.444001
-0.437105
-0.428947
-0.419399
-0.408332
-0.395618
-0.38114
-0.364794
-0.346499
-0.326198
-0.303867
-0.279514
-0.253185
-0.224963
-0.19497
-0.163366
-0.130344
-0.0961319
-0.0609834
-0.0251756
0.0109975
0.0472319
0.0832198
0.118657
0.153248
0.186716
0.218804
0.249287
0.277967
0.304686
0.32932
0.351787
0.372043
0.390082
0.405932
0.419653
0.431334
0.441086
0.449035
0.45532
0.460083
0.463466
0.4656
0.466607
0.466589
0.465626
0.463774
0.461062
0.457491
0.453036
0.447644
0.441241
0.433732
0.425007
0.414946
0.403424
0.390316
0.375509
0.358899
0.340404
0.319967
0.297558
0.273183
0.246881
0.218729
0.188845
0.15738
0.124522
0.0904915
0.0555372
0.0199307
-0.0160386
-0.0520701
-0.0878587
-0.123102
-0.157505
-0.19079
-0.2227
-0.253006
-0.28151
-0.308048
-0.332495
-0.354764
-0.374808
-0.392618
-0.408219
-0.42167
-0.433058
-0.442493
-0.450103
-0.456028
-0.460413
-0.463402
-0.465132
-0.465729
-0.465302
-0.463936
-0.461694
-0.458611
-0.454695
-0.449926
-0.444258
-0.43762
-0.429921
-0.421052
-0.410896
-0.399327
-0.38622
-0.371458
-0.354935
-0.336562
-0.316277
-0.294044
-0.269861
-0.243761
-0.215813
-0.186125
-0.154843
-0.122148
-0.0882553
-0.0534083
-0.0178753
0.0180567
0.0540878
0.0899122
0.125225
0.159729
0.193141
0.225198
0.255664
0.284334
0.311036
0.335636
0.358039
0.378189
0.39607
0.4117
0.425132
0.436449
0.445757
0.453181
0.458863
0.462946
0.465579
0.466903
0.46705
0.466133
0.464247
0.461464
0.457827
0.453353
0.448033
0.441829
0.43468
0.426501
0.417193
0.406643
0.394732
0.381337
0.366343
0.349645
0.331155
0.310808
0.288565
0.26442
0.238401
0.210571
0.181034
0.149928
0.117428
0.0837443
0.0491136
0.0137997
-0.0219145
-0.0577326
-0.0933511
-0.128466
-0.162782
-0.196013
-0.227897
-0.258195
-0.286697
-0.313229
-0.337655
-0.359874
-0.379827
-0.397494
-0.412892
-0.426069
-0.437109
-0.446115
-0.453216
-0.458551
-0.462269
-0.464521
-0.465454
-0.465203
-0.463889
-0.461613
-0.458453
-0.45446
-0.449659
-0.444045
-0.437588
-0.43023
-0.421893
-0.41248
-0.40188
-0.389973
-0.376638
-0.361756
-0.34522
-0.326936
-0.306834
-0.284868
-0.261024
-0.235323
-0.20782
-0.178608
-0.14782
-0.115621
-0.0822155
-0.0478337
-0.0127343
0.0228036
0.0584859
0.0940103
0.129073
0.163374
0.196628
0.228566
0.258942
0.287543
0.314186
0.338726
0.361056
0.381109
0.398856
0.414307
0.427505
0.438527
0.447473
0.454469
0.459652
0.463171
0.46518
0.465826
0.46525
0.463578
0.460917
0.457354
0.452946
0.447726
0.441699
0.434841
0.427105
0.418418
0.40869
0.397816
0.385681
0.372166
0.357155
0.340541
0.32223
0.302149
0.28025
0.256515
0.23096
0.203633
0.174624
0.144057
0.112094
0.0789308
0.0447932
0.00993482
-0.0253692
-0.0608281
-0.0961417
-0.131007
-0.165126
-0.198211
-0.229991
-0.260219
-0.288677
-0.31518
-0.339577
-0.361758
-0.381651
-0.399225
-0.414484
-0.427469
-0.438256
-0.446943
-0.453655
-0.458533
-0.461726
-0.46339
-0.463679
-0.462739
-0.4607
-0.457678
-0.453765
-0.449027
-0.443503
-0.437206
-0.430119
-0.422199
-0.41338
-0.403575
-0.392681
-0.380586
-0.36717
-0.352316
-0.335913
-0.317864
-0.298091
-0.276538
-0.25318
-0.228025
-0.201113
-0.172525
-0.142375
-0.110818
-0.0780399
-0.0442611
-0.00972838
0.0252882
0.0605017
0.0956143
0.130324
0.164332
0.197349
0.229101
0.259336
0.287831
0.314394
0.338867
0.361134
0.381113
0.398767
0.414093
0.427126
0.437935
0.446615
0.453286
0.458086
0.461166
0.46268
0.462785
0.461628
0.459346
0.456059
0.451865
0.446837
0.441021
0.434438
0.427078
0.418904
0.409859
0.39986
0.38881
0.3766
0.363114
0.348236
0.331855
0.313874
0.294211
0.27281
0.249639
0.224702
0.198034
0.169708
0.139834
0.108559
0.0760639
0.042563
0.00829828
-0.0264646
-0.061442
-0.0963384
-0.130853
-0.164688
-0.197551
-0.229168
-0.259285
-0.287673
-0.314136
-0.338515
-0.360684
-0.380561
-0.398101
-0.413298
-0.426184
-0.436823
-0.445311
-0.451766
-0.456326
-0.459143
-0.460375
-0.460182
-0.458716
-0.45612
-0.45252
-0.448021
-0.442703
-0.43662
-0.4298
-0.422241
-0.413912
-0.40476
-0.394709
-0.383664
-0.371519
-0.358157
-0.343463
-0.327325
-0.309639
-0.290321
-0.269307
-0.24656
-0.222073
-0.195876
-0.16803
-0.138638
-0.107837
-0.0757999
-0.0427326
-0.00887031
0.0255274
0.0601816
0.0948004
0.129085
0.162738
0.195467
0.226995
0.257064
0.285441
0.311927
0.336352
0.358586
0.37854
0.396161
0.411436
0.424392
0.435086
0.443608
0.450073
0.454617
0.45739
0.458549
0.458255
0.456664
0.45392
0.450153
0.445475
0.439973
0.433706
0.426707
0.418982
0.410508
0.401236
0.391096
0.379998
0.367839
0.354505
0.339881
0.323856
0.306325
0.287202
0.266418
0.243933
0.219735
0.193846
0.166324
0.137262
0.106792
0.0750813
0.0423287
0.00876437
-0.0253565
-0.0597587
-0.0941527
-0.128242
-0.161727
-0.194317
-0.225733
-0.255712
-0.284021
-0.310451
-0.334832
-0.357027
-0.37694
-0.394514
-0.409733
-0.422615
-0.433218
-0.441626
-0.447955
-0.452338
-0.454926
-0.455879
-0.45536
-0.453529
-0.450536
-0.446517
-0.44159
-0.435848
-0.42936
-0.422166
-0.414278
-0.40568
-0.396329
-0.386161
-0.37509
-0.363014
-0.349823
-0.335401
-0.319634
-0.302418
-0.283659
-0.263284
-0.241247
-0.217528
-0.19214
-0.165133
-0.136591
-0.106637
-0.075428
-0.0431561
-0.0100435
0.0236614
0.0576888
0.0917537
0.125562
0.158817
0.191226
0.22251
0.252404
0.280669
0.307094
0.331501
0.353749
0.373733
0.391391
0.406699
0.41967
0.430354
0.438832
0.445213
0.44963
0.45223
0.453173
0.452622
0.450737
0.447673
0.443569
0.438548
0.432707
0.426121
0.418837
0.410873
0.402218
0.392836
0.382666
0.371628
0.359623
0.346542
0.332272
0.316698
0.299714
0.281224
0.261152
0.239445
0.21608
0.191063
0.164437
0.13628
0.106706
0.075868
0.0439501
0.011169
-0.0222318
-0.0559865
-0.0898129
-0.123419
-0.156508
-0.188788
-0.219976
-0.249806
-0.278034
-0.304446
-0.328857
-0.35112
